<TICKER>,<PER>,<DATE>,<TIME>,<OPEN>,<HIGH>,<LOW>,<CLOSE>,<VOL>,<OPENINT>
3RG_PE,D,20120314,000000,42.5,42.5,42.5,42.5,0,0
3RG_PE,D,20120315,000000,42.6,42.7,41,41.7,0,0
3RG_PE,D,20120316,000000,41.7,41.8,40.7,41.8,0,0
3RG_PE,D,20120319,000000,41.9,41.9,41.6,41.6,0,0
3RG_PE,D,20120320,000000,41.9,41.9,40.4,41.2,0,0
3RG_PE,D,20120321,000000,41.4,41.4,40.1,40.8,0,0
3RG_PE,D,20120322,000000,40.8,40.8,38,40.7,0,0
3RG_PE,D,20120323,000000,40.8,40.8,38.3,40.3,0,0
3RG_PE,D,20120326,000000,40.8,40.8,40.8,40.8,0,0
3RG_PE,D,20120327,000000,38.3,40.8,38.3,40.3,0,0
3RG_PE,D,20120328,000000,40.6,40.6,40.2,40.3,0,0
3RG_PE,D,20120329,000000,40.3,40.8,40.2,40.8,0,0
3RG_PE,D,20120330,000000,40.8,40.8,40.8,40.8,0,0
3RG_PE,D,20120402,000000,40.6,40.7,40.6,40.7,0,0
3RG_PE,D,20120403,000000,40.7,40.7,39.2,40.7,0,0
3RG_PE,D,20120404,000000,40.7,40.7,39.2,40.3,0,0
3RG_PE,D,20120405,000000,40.6,40.6,40.3,40.3,0,0
3RG_PE,D,20120410,000000,40.3,40.6,39,40.5,0,0
3RG_PE,D,20120411,000000,40,51.6,38.6,51.6,0,0
3RG_PE,D,20120412,000000,49.4,50,48.1,48.1,0,0
3RG_PE,D,20120413,000000,49.1,49.1,47.1,47.2,0,0
3RG_PE,D,20120416,000000,47.1,47.1,44.3,45.4,0,0
3RG_PE,D,20120417,000000,45.5,45.5,43.8,45.5,0,0
3RG_PE,D,20120418,000000,45,45.4,43.5,45.4,0,0
3RG_PE,D,20120419,000000,45.4,45.4,45.4,45.4,0,0
3RG_PE,D,20120420,000000,45.4,45.4,39.5,39.5,0,0
3RG_PE,D,20120423,000000,39.5,40.5,38.7,38.7,0,0
3RG_PE,D,20120424,000000,36.4,38.1,36.4,38.1,0,0
3RG_PE,D,20120425,000000,38.1,38.2,38.1,38.1,0,0
3RG_PE,D,20120426,000000,39,39,37,37.3,0,0
3RG_PE,D,20120427,000000,37.3,38.1,37.3,38.1,0,0
3RG_PE,D,20120430,000000,37.3,38.1,36.9,38.1,0,0
3RG_PE,D,20120502,000000,38.1,38.1,37.7,37.7,0,0
3RG_PE,D,20120504,000000,37.7,37.7,31.6,31.6,0,0
3RG_PE,D,20120507,000000,31.9,31.9,29.8,31.7,0,0
3RG_PE,D,20120508,000000,31.7,31.7,31.6,31.6,0,0
3RG_PE,D,20120509,000000,30.5,30.5,29.1,30.5,0,0
3RG_PE,D,20120510,000000,30.9,30.9,29.2,30.9,0,0
3RG_PE,D,20120511,000000,30.9,31.6,30.9,31.5,0,0
3RG_PE,D,20120514,000000,31.5,31.5,30.6,30.6,0,0
3RG_PE,D,20120515,000000,30.6,31.7,30.5,30.5,0,0
3RG_PE,D,20120516,000000,29.1,31.7,29,31.6,0,0
3RG_PE,D,20120517,000000,31.5,31.6,29,29,0,0
3RG_PE,D,20120518,000000,28.6,34.6,27.9,34.6,0,0
3RG_PE,D,20120521,000000,35.5,35.5,35.5,35.5,0,0
3RG_PE,D,20120522,000000,35.1,35.1,35.1,35.1,0,0
3RG_PE,D,20120523,000000,33.9,34.7,33.9,34.7,0,0
3RG_PE,D,20120524,000000,33,33,33,33,0,0
3RG_PE,D,20120525,000000,33,34.5,33,34.5,0,0
3RG_PE,D,20120528,000000,34.5,35.1,34.5,35.1,0,0
3RG_PE,D,20120529,000000,35.1,36,34.3,36,0,0
3RG_PE,D,20120530,000000,36,36,34.8,36,0,0
3RG_PE,D,20120531,000000,36,36,36,36,0,0
3RG_PE,D,20120601,000000,36,36.3,34.7,34.7,0,0
3RG_PE,D,20120604,000000,35.3,35.3,35.3,35.3,0,0
3RG_PE,D,20120605,000000,35.3,36.1,34.7,34.7,0,0
3RG_PE,D,20120606,000000,34.7,36.1,33.7,36.1,0,0
3RG_PE,D,20120608,000000,36.3,37.7,35.5,37.7,0,0
3RG_PE,D,20120611,000000,37.9,37.9,36,36.7,0,0
3RG_PE,D,20120612,000000,36.7,36.7,36.7,36.7,0,0
3RG_PE,D,20120613,000000,37.9,37.9,35,36.4,0,0
3RG_PE,D,20120614,000000,37.1,37.1,36.4,37.1,0,0
3RG_PE,D,20120615,000000,37.9,37.9,37.9,37.9,0,0
3RG_PE,D,20120618,000000,37.7,37.9,35,37.9,0,0
3RG_PE,D,20120619,000000,37.9,38,34.9,38,0,0
3RG_PE,D,20120620,000000,38,38,36.3,38,0,0
3RG_PE,D,20120621,000000,38,38.4,34.7,38.4,0,0
3RG_PE,D,20120622,000000,37.2,38.4,35.6,38.4,0,0
3RG_PE,D,20120625,000000,38.4,38.4,37.2,37.6,0,0
3RG_PE,D,20120626,000000,38,38,38,38,0,0
3RG_PE,D,20120627,000000,38,38,38,38,0,0
3RG_PE,D,20120628,000000,38.5,38.5,38.5,38.5,0,0
3RG_PE,D,20120629,000000,38.6,38.6,38.5,38.5,0,0
3RG_PE,D,20120702,000000,38.4,38.4,34.7,36.3,0,0
3RG_PE,D,20120703,000000,36.3,36.3,34.7,34.7,0,0
3RG_PE,D,20120704,000000,34.7,34.7,34.7,34.7,0,0
3RG_PE,D,20120705,000000,34.7,35.4,34.7,35.4,0,0
3RG_PE,D,20120706,000000,35.4,35.4,35.3,35.3,0,0
3RG_PE,D,20120709,000000,35.6,36.1,35.6,36.1,0,0
3RG_PE,D,20120710,000000,36.4,36.4,35.2,35.9,0,0
3RG_PE,D,20120711,000000,35.9,35.9,33.9,34.3,0,0
3RG_PE,D,20120712,000000,34.5,34.5,32.6,34.1,0,0
3RG_PE,D,20120713,000000,34.1,34.1,34.1,34.1,0,0
3RG_PE,D,20120716,000000,34.1,34.2,34.1,34.2,0,0
3RG_PE,D,20120717,000000,34.2,34.2,34.2,34.2,0,0
3RG_PE,D,20120718,000000,34.2,34.2,34.1,34.1,0,0
3RG_PE,D,20120719,000000,34.1,34.1,32.7,32.7,0,0
3RG_PE,D,20120720,000000,32.7,32.7,31.5,31.5,0,0
3RG_PE,D,20120723,000000,31.4,31.8,31,31.8,0,0
3RG_PE,D,20120724,000000,31.8,31.8,31.8,31.8,0,0
3RG_PE,D,20120725,000000,31.8,33,31.8,33,0,0
3RG_PE,D,20120726,000000,32.9,33,32.6,33,0,0
3RG_PE,D,20120727,000000,33,33,33,33,0,0
3RG_PE,D,20120730,000000,33,35.1,31.6,34.1,0,0
3RG_PE,D,20120731,000000,34.1,34.5,33,34.1,0,0
3RG_PE,D,20120801,000000,35,35,34.1,35,0,0
3RG_PE,D,20120802,000000,35,35,35,35,0,0
3RG_PE,D,20120806,000000,34.1,35,34.1,35,0,0
3RG_PE,D,20120807,000000,35,35,32.6,33,0,0
3RG_PE,D,20120808,000000,33,33,33,33,0,0
3RG_PE,D,20120809,000000,33,33,33,33,0,0
3RG_PE,D,20120810,000000,32.6,33,31.6,33,0,0
3RG_PE,D,20120813,000000,33,33,31.5,31.5,0,0
3RG_PE,D,20120814,000000,31.5,31.8,31.5,31.8,0,0
3RG_PE,D,20120816,000000,31.8,31.8,31.8,31.8,0,0
3RG_PE,D,20120817,000000,31.4,31.8,31.1,31.4,0,0
3RG_PE,D,20120820,000000,31.4,31.4,31,31.4,0,0
3RG_PE,D,20120821,000000,31.4,31.4,31.4,31.4,0,0
3RG_PE,D,20120822,000000,31.4,31.4,31.3,31.4,0,0
3RG_PE,D,20120823,000000,31.4,31.8,28.3,31.8,0,0
3RG_PE,D,20120824,000000,31.6,31.8,31.6,31.8,0,0
3RG_PE,D,20120827,000000,31.8,31.8,31.8,31.8,0,0
3RG_PE,D,20120828,000000,31.8,31.8,31.8,31.8,0,0
3RG_PE,D,20120829,000000,31.8,31.8,30.5,31.8,0,0
3RG_PE,D,20120830,000000,31.8,31.8,31.8,31.8,0,0
3RG_PE,D,20120831,000000,31.8,32.2,31.8,32.2,0,0
3RG_PE,D,20120903,000000,32.2,34.6,32.2,34.5,0,0
3RG_PE,D,20120904,000000,35.1,38.4,33.7,38.4,0,0
3RG_PE,D,20120905,000000,38.4,38.4,38.4,38.4,0,0
3RG_PE,D,20120906,000000,38.4,38.4,36.8,38.2,0,0
3RG_PE,D,20120907,000000,38.3,38.5,38.2,38.5,0,0
3RG_PE,D,20120910,000000,38.2,38.5,38.2,38.2,0,0
3RG_PE,D,20120911,000000,38.2,38.2,36.8,36.8,0,0
3RG_PE,D,20120912,000000,36.8,36.8,36.8,36.8,0,0
3RG_PE,D,20120913,000000,36.9,36.9,35.4,36.8,0,0
3RG_PE,D,20120914,000000,36.9,36.9,36.9,36.9,0,0
3RG_PE,D,20120917,000000,36.9,38,36.9,38,0,0
3RG_PE,D,20120918,000000,38.2,38.2,38,38.2,0,0
3RG_PE,D,20120919,000000,38.2,38.2,36.6,38.2,0,0
3RG_PE,D,20120921,000000,36.6,37.9,36.6,37.9,0,0
3RG_PE,D,20120924,000000,35.8,37.6,35.8,37.6,0,0
3RG_PE,D,20120926,000000,37.6,37.6,37.5,37.5,0,0
3RG_PE,D,20120928,000000,37.5,37.6,35.9,37.6,0,0
3RG_PE,D,20121002,000000,37,37,37,37,0,0
3RG_PE,D,20121003,000000,36.5,37,35.8,36.5,0,0
3RG_PE,D,20121004,000000,36.5,36.5,35.3,35.9,0,0
3RG_PE,D,20121005,000000,35.3,36.1,35.3,36.1,0,0
3RG_PE,D,20121008,000000,36.1,36.1,36.1,36.1,0,0
3RG_PE,D,20121009,000000,36.1,36.1,35.4,36.1,0,0
3RG_PE,D,20121010,000000,36.1,36.1,36.1,36.1,0,0
3RG_PE,D,20121011,000000,36.1,36.1,36.1,36.1,0,0
3RG_PE,D,20121012,000000,36.1,36.1,36.1,36.1,0,0
3RG_PE,D,20121015,000000,36.1,36.1,36.1,36.1,0,0
3RG_PE,D,20121016,000000,36.1,36.1,34.6,36,0,0
3RG_PE,D,20121017,000000,36,36,34.6,35.1,0,0
3RG_PE,D,20121018,000000,35.1,35.1,35.1,35.1,0,0
3RG_PE,D,20121019,000000,35.1,35.1,35.1,35.1,0,0
3RG_PE,D,20121022,000000,35.1,35.1,35.1,35.1,0,0
3RG_PE,D,20121024,000000,35.1,36.1,35.1,36.1,0,0
3RG_PE,D,20121025,000000,36.1,36.8,35.3,36.8,0,0
3RG_PE,D,20121026,000000,36.8,36.8,36.8,36.8,0,0
3RG_PE,D,20121029,000000,36.6,36.8,36.6,36.8,0,0
3RG_PE,D,20121030,000000,36.8,36.8,35.2,36.8,0,0
3RG_PE,D,20121031,000000,37.4,37.4,36.8,36.8,0,0
3RG_PE,D,20121105,000000,35.3,37.4,35.3,37.4,0,0
3RG_PE,D,20121106,000000,37.4,37.4,35.3,36.8,0,0
3RG_PE,D,20121107,000000,37.3,37.3,37.3,37.3,0,0
3RG_PE,D,20121108,000000,36.8,36.8,36.8,36.8,0,0
3RG_PE,D,20121109,000000,35.6,35.6,35.6,35.6,0,0
3RG_PE,D,20121112,000000,35.6,35.6,35.6,35.6,0,0
3RG_PE,D,20121113,000000,35.6,35.6,34.1,35.6,0,0
3RG_PE,D,20121114,000000,35.6,35.6,35.6,35.6,0,0
3RG_PE,D,20121115,000000,35.6,35.6,35.6,35.6,0,0
3RG_PE,D,20121116,000000,35.6,35.6,34.1,35.6,0,0
3RG_PE,D,20121119,000000,35.6,35.6,32.7,33,0,0
3RG_PE,D,20121120,000000,33.9,34,33,34,0,0
3RG_PE,D,20121121,000000,34,34,34,34,0,0
3RG_PE,D,20121122,000000,32.7,33.9,32.7,33.9,0,0
3RG_PE,D,20121123,000000,35,35,35,35,0,0
3RG_PE,D,20121126,000000,35.1,35.1,35,35.1,0,0
3RG_PE,D,20121127,000000,35.1,35.1,28.6,28.6,0,0
3RG_PE,D,20121128,000000,28.6,28.6,28.6,28.6,0,0
3RG_PE,D,20121129,000000,28.6,28.6,28.6,28.6,0,0
3RG_PE,D,20121130,000000,27.9,27.9,27.9,27.9,0,0
3RG_PE,D,20121203,000000,26.8,27.9,26.7,27.9,0,0
3RG_PE,D,20121204,000000,27.9,27.9,27.9,27.9,0,0
3RG_PE,D,20121205,000000,27.9,27.9,26.7,27.5,0,0
3RG_PE,D,20121206,000000,26.7,27.8,26.7,27.8,0,0
3RG_PE,D,20121207,000000,27.8,27.8,27.8,27.8,0,0
3RG_PE,D,20121210,000000,27.8,27.8,26.7,26.8,0,0
3RG_PE,D,20121211,000000,27.6,27.6,26.8,27.4,0,0
3RG_PE,D,20121212,000000,27.4,27.4,26.7,26.8,0,0
3RG_PE,D,20121213,000000,27.5,27.5,26.8,27.5,0,0
3RG_PE,D,20121214,000000,27.5,27.5,26.8,26.8,0,0
3RG_PE,D,20121217,000000,26.8,26.8,26.4,26.4,0,0
3RG_PE,D,20121218,000000,26.4,26.4,26.3,26.3,0,0
3RG_PE,D,20121219,000000,26.3,26.3,25.9,25.9,0,0
3RG_PE,D,20121220,000000,26.3,26.3,22.6,22.6,0,0
3RG_PE,D,20121221,000000,22.6,23.8,22.6,23.8,0,0
3RG_PE,D,20121227,000000,23.9,23.9,23.9,23.9,0,0
3RG_PE,D,20121228,000000,23.9,25.2,22.9,25.2,0,0
3RG_PE,D,20130102,000000,25.6,25.6,25.6,25.6,0,0
3RG_PE,D,20130103,000000,25.5,25.5,25.5,25.5,0,0
3RG_PE,D,20130104,000000,24.8,25.5,24.8,24.8,0,0
3RG_PE,D,20130107,000000,23.7,24.3,23.7,23.7,0,0
3RG_PE,D,20130108,000000,23.9,23.9,23.9,23.9,0,0
3RG_PE,D,20130109,000000,23.9,23.9,23.9,23.9,0,0
3RG_PE,D,20130110,000000,24,24,23.9,23.9,0,0
3RG_PE,D,20130111,000000,23.9,23.9,22.9,22.9,0,0
3RG_PE,D,20130114,000000,22.9,23.9,22.6,23.5,0,0
3RG_PE,D,20130115,000000,23.3,23.3,22.9,22.9,0,0
3RG_PE,D,20130116,000000,22.9,22.9,22.9,22.9,0,0
3RG_PE,D,20130117,000000,22.9,22.9,22.9,22.9,0,0
3RG_PE,D,20130118,000000,22.9,23.5,22.9,22.9,0,0
3RG_PE,D,20130121,000000,22.9,22.9,21.6,22.4,0,0
3RG_PE,D,20130122,000000,22.4,22.4,22.4,22.4,0,0
3RG_PE,D,20130123,000000,22.4,22.4,21.1,21.6,0,0
3RG_PE,D,20130124,000000,21.6,21.6,21.6,21.6,0,0
3RG_PE,D,20130125,000000,21.6,21.6,21.6,21.6,0,0
3RG_PE,D,20130128,000000,21.6,21.6,21.6,21.6,0,0
3RG_PE,D,20130129,000000,21.6,21.6,21,21.6,0,0
3RG_PE,D,20130130,000000,21.6,21.6,21.4,21.4,0,0
3RG_PE,D,20130131,000000,21.4,21.4,21,21,0,0
3RG_PE,D,20130201,000000,21.3,21.3,19.9,20.6,0,0
3RG_PE,D,20130204,000000,20.6,20.6,20.6,20.6,0,0
3RG_PE,D,20130205,000000,20.2,22.2,19.1,21.4,0,0
3RG_PE,D,20130206,000000,21.4,23.7,21.4,22.6,0,0
3RG_PE,D,20130207,000000,23,23.6,22.6,23.6,0,0
3RG_PE,D,20130208,000000,23.6,23.7,23.5,23.6,0,0
3RG_PE,D,20130211,000000,23.6,23.6,23.6,23.6,0,0
3RG_PE,D,20130212,000000,23.7,24.4,23.7,24.4,0,0
3RG_PE,D,20130213,000000,24.3,24.4,23.3,23.3,0,0
3RG_PE,D,20130214,000000,23.3,24,23.3,24,0,0
3RG_PE,D,20130215,000000,24,24,23.9,23.9,0,0
3RG_PE,D,20130218,000000,24,24,24,24,0,0
3RG_PE,D,20130219,000000,23.9,23.9,23.9,23.9,0,0
3RG_PE,D,20130220,000000,23.9,23.9,23.9,23.9,0,0
3RG_PE,D,20130221,000000,23.7,23.7,23.7,23.7,0,0
3RG_PE,D,20130222,000000,23.7,24.1,21.9,24.1,0,0
3RG_PE,D,20130225,000000,24.1,24.1,24.1,24.1,0,0
3RG_PE,D,20130226,000000,24,24,22.9,22.9,0,0
3RG_PE,D,20130227,000000,22.9,24,22.6,23.6,0,0
3RG_PE,D,20130228,000000,24,24,24,24,0,0
3RG_PE,D,20130301,000000,24,24,24,24,0,0
3RG_PE,D,20130304,000000,23.6,23.6,23.6,23.6,0,0
3RG_PE,D,20130305,000000,23.6,23.6,23.6,23.6,0,0
3RG_PE,D,20130306,000000,23.6,23.6,23.6,23.6,0,0
3RG_PE,D,20130307,000000,23.6,23.6,23.6,23.6,0,0
3RG_PE,D,20130308,000000,23.6,23.6,23.6,23.6,0,0
3RG_PE,D,20130311,000000,23.6,24,23.6,23.9,0,0
3RG_PE,D,20130312,000000,23.8,23.9,23.8,23.8,0,0
3RG_PE,D,20130313,000000,23.6,23.6,23.6,23.6,0,0
3RG_PE,D,20130314,000000,24,24,21.6,22.6,0,0
3RG_PE,D,20130315,000000,22.6,23.4,22.6,23.4,0,0
3RG_PE,D,20130318,000000,23.4,23.4,23.4,23.4,0,0
3RG_PE,D,20130319,000000,23.4,23.4,23.4,23.4,0,0
3RG_PE,D,20130320,000000,23.3,23.3,23.3,23.3,0,0
3RG_PE,D,20130321,000000,23.3,23.3,21.8,22.6,0,0
3RG_PE,D,20130322,000000,21.1,23,21.1,22.9,0,0
3RG_PE,D,20130326,000000,22.5,22.9,21,21.2,0,0
3RG_PE,D,20130327,000000,21,21.2,18.9,21.2,0,0
3RG_PE,D,20130328,000000,20.8,21.2,19.1,19.1,0,0
3RG_PE,D,20130402,000000,19.1,19.1,19.1,19.1,0,0
3RG_PE,D,20130403,000000,19.1,19.1,18.6,19,0,0
3RG_PE,D,20130404,000000,19,19.5,19,19.3,0,0
3RG_PE,D,20130405,000000,19.3,19.5,19.3,19.5,0,0
3RG_PE,D,20130408,000000,19.5,19.5,19.1,19.1,0,0
3RG_PE,D,20130409,000000,19.3,19.5,19.3,19.5,0,0
3RG_PE,D,20130410,000000,19.5,19.5,18.9,18.9,0,0
3RG_PE,D,20130411,000000,18.9,19.1,18.9,19.1,0,0
3RG_PE,D,20130412,000000,19.1,19.1,19.1,19.1,0,0
3RG_PE,D,20130415,000000,18.7,18.7,18.7,18.7,0,0
3RG_PE,D,20130417,000000,18.9,18.9,18.7,18.7,0,0
3RG_PE,D,20130418,000000,18.7,18.7,16.2,16.2,0,0
3RG_PE,D,20130419,000000,15.1,16,13.6,15.1,0,0
3RG_PE,D,20130422,000000,15.2,15.3,15.2,15.3,0,0
3RG_PE,D,20130423,000000,15.3,15.3,14.9,15.3,0,0
3RG_PE,D,20130424,000000,15.3,15.4,15.3,15.4,0,0
3RG_PE,D,20130425,000000,15.4,16.1,15.4,16.1,0,0
3RG_PE,D,20130426,000000,16.1,16.1,16.1,16.1,0,0
3RG_PE,D,20130429,000000,16.1,16.1,16.1,16.1,0,0
3RG_PE,D,20130430,000000,16.2,17.2,16.1,16.1,0,0
3RG_PE,D,20130502,000000,16.5,18.1,16.5,18.1,0,0
3RG_PE,D,20130506,000000,18.6,20.1,18.6,20.1,0,0
3RG_PE,D,20130507,000000,20.1,20.6,20.1,20.6,0,0
3RG_PE,D,20130508,000000,20.6,20.6,19.7,20.6,0,0
3RG_PE,D,20130509,000000,20.6,20.6,20.6,20.6,0,0
3RG_PE,D,20130510,000000,20.6,20.6,20.6,20.6,0,0
3RG_PE,D,20130513,000000,18.8,19.1,18.8,19.1,0,0
3RG_PE,D,20130514,000000,19.1,19.1,19.1,19.1,0,0
3RG_PE,D,20130515,000000,19.1,19.1,19.1,19.1,0,0
3RG_PE,D,20130516,000000,19.1,19.1,19.1,19.1,0,0
3RG_PE,D,20130517,000000,19.1,19.1,19.1,19.1,0,0
3RG_PE,D,20130520,000000,19.1,19.6,18.8,18.8,0,0
3RG_PE,D,20130521,000000,19.6,19.6,19.1,19.1,0,0
3RG_PE,D,20130522,000000,19.1,20.4,19.1,20.4,0,0
3RG_PE,D,20130523,000000,20.5,20.5,20.5,20.5,0,0
3RG_PE,D,20130524,000000,20.8,21,20.8,21,0,0
3RG_PE,D,20130527,000000,21,21,20.7,20.7,0,0
3RG_PE,D,20130528,000000,21,21,18.9,18.9,0,0
3RG_PE,D,20130529,000000,18.9,19.1,18.9,19.1,0,0
3RG_PE,D,20130531,000000,19.1,19.1,18.8,19.1,0,0
3RG_PE,D,20130603,000000,19.1,19.1,18.3,19.1,0,0
3RG_PE,D,20130604,000000,19.1,19.1,19.1,19.1,0,0
3RG_PE,D,20130605,000000,19.1,19.1,18.3,19.1,0,0
3RG_PE,D,20130606,000000,19.1,19.1,19.1,19.1,0,0
3RG_PE,D,20130607,000000,19.1,19.1,19.1,19.1,0,0
3RG_PE,D,20130610,000000,18.8,18.8,18.8,18.8,0,0
3RG_PE,D,20130611,000000,18.8,18.8,18.8,18.8,0,0
3RG_PE,D,20130612,000000,18.8,18.8,18,18,0,0
3RG_PE,D,20130613,000000,18,18.5,18,18.5,0,0
3RG_PE,D,20170328,000000,93.4,93.4,93.4,93.4,0,0
3RG_PE,D,20170329,000000,92.9,93.4,92.9,93.4,0,0
3RG_PE,D,20170330,000000,93.7,93.8,93.3,93.8,0,0
3RG_PE,D,20170331,000000,93.7,98.3,93.7,98.3,0,0
3RG_PE,D,20170403,000000,98.2,98.3,98.2,98.3,0,0
3RG_PE,D,20170404,000000,98.2,98.2,89.7,89.8,0,0
3RG_PE,D,20170405,000000,90.1,93.4,90.1,93.4,0,0
3RG_PE,D,20170406,000000,91.9,91.9,87.4,89.3,0,0
3RG_PE,D,20170407,000000,89.7,89.7,86.1,88,0,0
3RG_PE,D,20170410,000000,86.5,86.5,84.8,84.8,0,0
3RG_PE,D,20170411,000000,85.2,85.2,84.3,84.4,0,0
3RG_PE,D,20170412,000000,85.2,85.2,84.8,84.8,0,0
3RG_PE,D,20170413,000000,84.8,84.8,83.4,83.5,0,0
3RG_PE,D,20170418,000000,84.3,84.3,83,83,0,0
3RG_PE,D,20170419,000000,83,83,81.6,83,0,0
3RG_PE,D,20170420,000000,83,83,83,83,0,0
3RG_PE,D,20170421,000000,83,84.4,83,84.4,0,0
3RG_PE,D,20170424,000000,78.9,79.5,78.9,79.5,0,0
3RG_PE,D,20170425,000000,79.4,84.8,79.4,84.8,0,0
3RG_PE,D,20170426,000000,87.4,87.4,80.7,80.8,0,0
3RG_PE,D,20170427,000000,80.7,80.7,78.5,78.6,0,0
3RG_PE,D,20170428,000000,78.5,78.6,77.6,78.6,0,0
3RG_PE,D,20170502,000000,74,80.8,74,80.8,0,0
3RG_PE,D,20170504,000000,84.8,84.8,80.3,80.4,0,0
3RG_PE,D,20170505,000000,84.8,84.8,73.1,79.9,0,0
3RG_PE,D,20170508,000000,80.7,80.8,74.4,80.8,0,0
3RG_PE,D,20170509,000000,83,83,78.9,82.6,0,0
3RG_PE,D,20170510,000000,82.1,82.1,82.1,82.1,0,0
3RG_PE,D,20170511,000000,82.1,82.1,82.1,82.1,0,0
3RG_PE,D,20170512,000000,82.1,82.1,82.1,82.1,0,0
3RG_PE,D,20170515,000000,76.7,79.8,72.2,73.2,0,0
3RG_PE,D,20170516,000000,72.2,72.2,69.5,71.8,0,0
3RG_PE,D,20170517,000000,72.6,72.6,65.5,66,0,0
3RG_PE,D,20170518,000000,71.7,71.7,65,65.1,0,0
3RG_PE,D,20170519,000000,65,65,53.4,53.4,0,0
3RG_PE,D,20170522,000000,53.4,53.4,35.1,35.1,0,0
3RG_PE,D,20170523,000000,36.7,37.5,35.1,36.2,0,0
3RG_PE,D,20170524,000000,36.2,36.6,35,36.6,0,0
3RG_PE,D,20170525,000000,36.9,36.9,34.2,35.8,0,0
3RG_PE,D,20170526,000000,36.2,36.2,32.7,33.9,0,0
3RG_PE,D,20170529,000000,35,35,32.3,34.2,0,0
3RG_PE,D,20170530,000000,34.6,38.1,31.9,34.7,0,0
3RG_PE,D,20170531,000000,35.1,35.1,32.4,33.5,0,0
3RG_PE,D,20170601,000000,34.2,34.2,32.7,33.9,0,0
3RG_PE,D,20170602,000000,34.2,34.2,32.7,32.7,0,0
3RG_PE,D,20170605,000000,33.5,33.5,33.5,33.5,0,0
3RG_PE,D,20170606,000000,34.2,34.3,34.2,34.3,0,0
3RG_PE,D,20170607,000000,33.6,33.6,32.8,33.5,0,0
3RG_PE,D,20170608,000000,33.5,38.1,33.5,37,0,0
3RG_PE,D,20170609,000000,38.6,48.3,38.6,48.1,0,0
3RG_PE,D,20170612,000000,50.8,54.2,48.1,50.1,0,0
3RG_PE,D,20170613,000000,52.1,52.1,42.5,45.1,0,0
3RG_PE,D,20170614,000000,45.9,45.9,44,44.7,0,0
3RG_PE,D,20170616,000000,44.2,44.2,43.5,43.9,0,0
3RG_PE,D,20170619,000000,44.2,44.2,39.6,40.4,0,0
3RG_PE,D,20170620,000000,36.9,40.1,36.5,40.1,0,0
3RG_PE,D,20170621,000000,40.2,40.5,39.3,39.3,0,0
3RG_PE,D,20170622,000000,39.6,40.4,39.2,40.4,0,0
3RG_PE,D,20170623,000000,40.4,40.4,38.5,40.1,0,0
3RG_PE,D,20170626,000000,40.5,44.4,40.5,44.3,0,0
3RG_PE,D,20170627,000000,44.2,47.7,44.2,47.4,0,0
3RG_PE,D,20170628,000000,48.6,48.6,44.8,46.6,0,0
3RG_PE,D,20170629,000000,48.5,48.5,44.6,46.6,0,0
3RG_PE,D,20170630,000000,48.5,48.5,46.2,48.5,0,0
3RG_PE,D,20170703,000000,48.5,48.5,45,48.5,0,0
3RG_PE,D,20170704,000000,48.1,48.1,44.6,48.1,0,0
3RG_PE,D,20170705,000000,48.1,48.1,48.1,48.1,0,0
3RG_PE,D,20170706,000000,48.5,57.3,48.5,52,0,0
3RG_PE,D,20170707,000000,46.9,50.4,46.9,48.8,0,0
3RG_PE,D,20170710,000000,49.6,49.6,45.4,45.4,0,0
3RG_PE,D,20170711,000000,45.4,48.1,45.4,48.1,0,0
3RG_PE,D,20170712,000000,50,50,45.4,49.7,0,0
3RG_PE,D,20170713,000000,49.2,53.5,46.2,46.2,0,0
3RG_PE,D,20170714,000000,46.2,48.1,46.2,48.1,0,0
3RG_PE,D,20170717,000000,48.1,48.1,45.8,48.1,0,0
3RG_PE,D,20170718,000000,49.2,49.2,49.2,49.2,0,0
3RG_PE,D,20170719,000000,49.2,49.2,39.6,39.6,0,0
3RG_PE,D,20170720,000000,39.6,41.2,39.6,40.8,0,0
3RG_PE,D,20170721,000000,41.5,42.4,40,42.4,0,0
3RG_PE,D,20170724,000000,42.5,42.5,40.4,40.4,0,0
3RG_PE,D,20170725,000000,41.9,41.9,41.2,41.2,0,0
3RG_PE,D,20170726,000000,41.9,43.5,41.2,43.5,0,0
3RG_PE,D,20170727,000000,43.8,43.9,43.8,43.9,0,0
3RG_PE,D,20170728,000000,44.2,44.2,41.2,41.6,0,0
3RG_PE,D,20170731,000000,43.8,43.8,40.8,43.1,0,0
3RG_PE,D,20170801,000000,44.2,44.2,40.4,43.5,0,0
3RG_PE,D,20170802,000000,42.3,42.3,39.6,41.2,0,0
3RG_PE,D,20170803,000000,43.1,43.1,39.6,43.1,0,0
3RG_PE,D,20170804,000000,43.8,43.9,41.5,43.9,0,0
3RG_PE,D,20170807,000000,43.8,43.9,41.2,43.9,0,0
3RG_PE,D,20170808,000000,43.8,43.8,40.4,42.4,0,0
3RG_PE,D,20170809,000000,42.5,42.5,39.4,42,0,0
3RG_PE,D,20170810,000000,42.3,42.4,38.5,42.4,0,0
3RG_PE,D,20170811,000000,42.5,42.5,40.9,42.4,0,0
3RG_PE,D,20170814,000000,42.5,42.5,42.4,42.4,0,0
3RG_PE,D,20170816,000000,42.5,42.5,42.4,42.4,0,0
3RG_PE,D,20170817,000000,42.5,42.5,42.4,42.4,0,0
3RG_PE,D,20170818,000000,42.5,42.5,42.4,42.4,0,0
3RG_PE,D,20170821,000000,42.5,42.5,38.6,41.2,0,0
3RG_PE,D,20170822,000000,42.3,42.4,41.5,42.4,0,0
3RG_PE,D,20170823,000000,42.5,42.5,42.4,42.4,0,0
3RG_PE,D,20170824,000000,42.5,42.5,38.5,38.5,0,0
3RG_PE,D,20170825,000000,39.6,39.6,38.5,39.3,0,0
3RG_PE,D,20170828,000000,40,40,38.8,38.9,0,0
3RG_PE,D,20170829,000000,39.6,39.6,36.9,38.1,0,0
3RG_PE,D,20170830,000000,37.7,38.1,37.7,38.1,0,0
3RG_PE,D,20170831,000000,38.1,44.2,38.1,40.4,0,0
3RG_PE,D,20170901,000000,41.5,41.5,38.1,39.7,0,0
3RG_PE,D,20170904,000000,40.2,40.2,38.2,38.9,0,0
3RG_PE,D,20170905,000000,38.8,38.9,38.5,38.9,0,0
3RG_PE,D,20170906,000000,39.6,39.6,32.3,34.3,0,0
3RG_PE,D,20170907,000000,34.7,38.2,34.7,35.8,0,0
3RG_PE,D,20170908,000000,36.5,36.5,34.6,35.1,0,0
3RG_PE,D,20170911,000000,36.3,36.7,35.5,36.6,0,0
3RG_PE,D,20170912,000000,36.2,36.6,36.2,36.6,0,0
3RG_PE,D,20170913,000000,36.5,36.5,36.2,36.2,0,0
3RG_PE,D,20170914,000000,35.8,35.8,35.8,35.8,0,0
3RG_PE,D,20170915,000000,35.8,35.8,35.8,35.8,0,0
3RG_PE,D,20170918,000000,36.2,36.2,34.2,34.7,0,0
3RG_PE,D,20170919,000000,34.7,36.3,33.6,36.2,0,0
3RG_PE,D,20170920,000000,36.2,36.2,33.1,34.3,0,0
3RG_PE,D,20170921,000000,34.4,34.4,33.6,33.9,0,0
3RG_PE,D,20170922,000000,34.6,34.6,33.5,33.5,0,0
3RG_PE,D,20170925,000000,33.8,35.8,32.3,32.7,0,0
3RG_PE,D,20170926,000000,33.5,33.5,33.5,33.5,0,0
3RG_PE,D,20170927,000000,33.1,33.1,31.9,32,0,0
3RG_PE,D,20170928,000000,32,32,32,32,0,0
3RG_PE,D,20170929,000000,30.8,30.8,30.8,30.8,0,0
3RG_PE,D,20171002,000000,33.8,712.8,32.3,712.8,0,0
3RG_PE,D,20171003,000000,716.7,750,691.7,738,0,0
3RG_PE,D,20171004,000000,725,766.7,716.7,721.2,0,0
3RG_PE,D,20171005,000000,766.7,766.7,716.7,721.2,0,0
3RG_PE,D,20171006,000000,716.7,716.7,666.7,670.9,0,0
3RG_PE,D,20171009,000000,700,750,666.7,700,0,0
3RG_PE,D,20171010,000000,733.3,766.7,666.7,738,0,0
3RG_PE,D,20171011,000000,750,750,700,746.4,0,0
3RG_PE,D,20171012,000000,716.7,721.2,716.7,721.2,0,0
3RG_PE,D,20171013,000000,716.7,721.2,716.7,721.2,0,0
3RG_PE,D,20171016,000000,700,725,700,721.2,0,0
3RG_PE,D,20171017,000000,741.7,741.7,725,729.6,0,0
3RG_PE,D,20171018,000000,741.7,741.7,700,704.4,0,0
3RG_PE,D,20171019,000000,741.7,741.7,700,704.4,0,0
3RG_PE,D,20171020,000000,725,725,691.7,696,0,0
3RG_PE,D,20171023,000000,716.7,716.7,683.3,712.8,0,0
3RG_PE,D,20171024,000000,766.7,766.7,708.3,763.1,0,0
3RG_PE,D,20171025,000000,750,750,675,746.4,0,0
3RG_PE,D,20171026,000000,750,750,708.3,721.2,0,0
3RG_PE,D,20171027,000000,750,750,675,679.3,0,0
3RG_PE,D,20171030,000000,675,704.4,675,704.4,0,0
3RG_PE,D,20171031,000000,700,704.4,650,670.9,0,0
3RG_PE,D,20171102,000000,700,700,658.3,662.5,0,0
3RG_PE,D,20171103,000000,691.7,696,691.7,696,0,0
3RG_PE,D,20171106,000000,691.7,691.7,633.3,662.5,0,0
3RG_PE,D,20171107,000000,691.7,691.7,633.3,654.1,0,0
3RG_PE,D,20171108,000000,633.3,654.1,633.3,637.3,0,0
3RG_PE,D,20171109,000000,650,650,637.3,645.7,0,0
3RG_PE,D,20171110,000000,616.7,645.7,616.7,645.7,0,0
3RG_PE,D,20171113,000000,650,658.3,566.7,587,0,0
3RG_PE,D,20171114,000000,583.3,591.7,575,587,0,0
3RG_PE,D,20171115,000000,583.3,641.7,583.3,629,0,0
3RG_PE,D,20171116,000000,650,670.9,641.7,670.9,0,0
3RG_PE,D,20171117,000000,675,675,616.7,620.6,0,0
3RG_PE,D,20171120,000000,625,629,620.6,629,0,0
3RG_PE,D,20171121,000000,625,629,608.3,629,0,0
3RG_PE,D,20171122,000000,625,629,616.7,620.6,0,0
3RG_PE,D,20171123,000000,583.3,616.7,583.3,612.2,0,0
3RG_PE,D,20171124,000000,633.3,633.3,600,612.2,0,0
3RG_PE,D,20171127,000000,625,625,591.7,612.2,0,0
3RG_PE,D,20171128,000000,625,625,591.7,603.8,0,0
3RG_PE,D,20171129,000000,608.3,608.3,591.7,600,0,0
3RG_PE,D,20221207,000000,547.6,547.6,547.6,547.6,0,0
3RG_PE,D,20221208,000000,524.3,547.6,501.4,537,0,0
3RG_PE,D,20221209,000000,500,537,492.9,521.9,0,0
3RG_PE,D,20221212,000000,487.1,514.3,485.7,514.3,0,0
3RG_PE,D,20221213,000000,497.1,514.3,485.7,514.3,0,0
3RG_PE,D,20221214,000000,485.7,511.3,471.4,511.3,0,0
3RG_PE,D,20221215,000000,485.7,511.3,475.7,511.3,0,0
3RG_PE,D,20221216,000000,482.9,497.7,457.1,497.7,0,0
3RG_PE,D,20221219,000000,468.6,494.7,442.9,494.7,0,0
3RG_PE,D,20221220,000000,450,531.4,450,521.9,0,0
3RG_PE,D,20221221,000000,507.1,532.5,471.4,532.5,0,0
3RG_PE,D,20221222,000000,498.6,526.4,485.7,526.4,0,0
3RG_PE,D,20221223,000000,484.3,514.3,472.9,514.3,0,0
3RG_PE,D,20221227,000000,485.7,532.5,472.9,532.5,0,0
3RG_PE,D,20221228,000000,500,559.7,500,559.7,0,0
3RG_PE,D,20221229,000000,531.4,682.3,525.7,682.3,0,0
3RG_PE,D,20221230,000000,670,685.7,615.7,659.6,0,0
3RG_PE,D,20230102,000000,614.3,665.6,580,665.6,0,0
3RG_PE,D,20230103,000000,614.3,650.5,602.9,650.5,0,0
3RG_PE,D,20230104,000000,607.1,677.1,605.7,670.2,0,0
3RG_PE,D,20230105,000000,632.9,689.8,610,689.8,0,0
3RG_PE,D,20230109,000000,651.4,689.8,634.3,689.8,0,0
3RG_PE,D,20230110,000000,668.6,677.7,621.4,677.7,0,0
3RG_PE,D,20230111,000000,622.9,680.7,622.9,680.7,0,0
3RG_PE,D,20230112,000000,642.9,670.2,615.7,670.2,0,0
3RG_PE,D,20230113,000000,631.4,652,615.7,652,0,0
3RG_PE,D,20230116,000000,611.4,639.9,591.4,639.9,0,0
3RG_PE,D,20230117,000000,602.9,602.9,542.9,574.8,0,0
3RG_PE,D,20230118,000000,542.9,629.3,542.9,629.3,0,0
3RG_PE,D,20230119,000000,592.9,629.3,571.4,629.3,0,0
3RG_PE,D,20230120,000000,597.1,629.3,574.3,629.3,0,0
3RG_PE,D,20230123,000000,600,633.8,580,633.8,0,0
3RG_PE,D,20230124,000000,600,629.3,580,629.3,0,0
3RG_PE,D,20230125,000000,594.3,629.3,571.4,615.7,0,0
3RG_PE,D,20230126,000000,582.9,606.6,567.1,606.6,0,0
3RG_PE,D,20230127,000000,572.9,620.2,572.9,620.2,0,0
3RG_PE,D,20230130,000000,591.4,597.5,558.6,597.5,0,0
3RG_PE,D,20230131,000000,571.4,588.5,554.3,588.5,0,0
3RG_PE,D,20230201,000000,555.7,582.4,542.9,582.4,0,0
3RG_PE,D,20230202,000000,554.3,577.9,541.4,577.9,0,0
3RG_PE,D,20230203,000000,558.6,580.9,545.7,580.9,0,0
3RG_PE,D,20230206,000000,561.4,580.9,542.9,580.9,0,0
3RG_PE,D,20230207,000000,542.9,574.8,540,574.8,0,0
3RG_PE,D,20230208,000000,542.9,568.8,530,568.8,0,0
3RG_PE,D,20230209,000000,540,583.9,530,583.9,0,0
3RG_PE,D,20230210,000000,551.4,665.6,551.4,665.6,0,0
3RG_PE,D,20230213,000000,651.4,671.7,617.1,671.7,0,0
3RG_PE,D,20230214,000000,634.3,653.5,614.3,653.5,0,0
3RG_PE,D,20230215,000000,628.6,628.6,588.6,627.8,0,0
3RG_PE,D,20230216,000000,600,623.3,587.1,623.3,0,0
3RG_PE,D,20230217,000000,598.6,626.3,582.9,626.3,0,0
3RG_PE,D,20230220,000000,608.6,614.3,557.1,605.1,0,0
3RG_PE,D,20230221,000000,571.4,603.6,542.9,603.6,0,0
3RG_PE,D,20230222,000000,574.3,597.5,547.1,597.5,0,0
3RG_PE,D,20230223,000000,557.1,602.1,557.1,602.1,0,0
3RG_PE,D,20230224,000000,568.6,597.5,564.3,597.5,0,0
3RG_PE,D,20230227,000000,564.3,612.7,557.1,612.7,0,0
3RG_PE,D,20230228,000000,578.6,621.7,571.4,621.7,0,0
3RG_PE,D,20230301,000000,587.1,624.8,578.6,624.8,0,0
3RG_PE,D,20230302,000000,590,630.8,590,630.8,0,0
3RG_PE,D,20230303,000000,607.1,626.3,591.4,626.3,0,0
3RG_PE,D,20230306,000000,591.4,633.8,562.9,633.8,0,0
3RG_PE,D,20230307,000000,597.1,626.3,588.6,626.3,0,0
3RG_PE,D,20230308,000000,600,632.3,582.9,632.3,0,0
3RG_PE,D,20230309,000000,604.3,645.9,604.3,645.9,0,0
3RG_PE,D,20230310,000000,607.1,655,607.1,655,0,0
3RG_PE,D,20230313,000000,632.9,652.9,607.1,618.6,0,0
3RG_PE,D,20230314,000000,628.6,671.7,607.1,671.7,0,0
3RG_PE,D,20230315,000000,625.7,652,598.6,652,0,0
3RG_PE,D,20230316,000000,602.9,632.3,587.1,632.3,0,0
3RG_PE,D,20230317,000000,615.7,644.4,592.9,644.4,0,0
3RG_PE,D,20230320,000000,614.3,650.5,607.1,650.5,0,0
3RG_PE,D,20230321,000000,614.3,644.4,600,644.4,0,0
3RG_PE,D,20230322,000000,608.6,645.9,602.9,645.9,0,0
3RG_PE,D,20230323,000000,610,650.5,607.1,650.5,0,0
3RG_PE,D,20230324,000000,615.7,650.5,614.3,650.5,0,0
3RG_PE,D,20230327,000000,617.1,653.5,608.6,653.5,0,0
3RG_PE,D,20230328,000000,621.4,695.9,617.1,695.9,0,0
3RG_PE,D,20230329,000000,674.3,756.4,660,756.4,0,0
3RG_PE,D,20230330,000000,700,739.7,688.6,739.7,0,0
3RG_PE,D,20230331,000000,698.6,741.3,684.3,741.3,0,0
3RG_PE,D,20230403,000000,705.7,739.7,685.7,739.7,0,0
3RG_PE,D,20230404,000000,701.4,701.4,638.6,682.3,0,0
3RG_PE,D,20230405,000000,640,662.6,624.3,662.6,0,0
3RG_PE,D,20230406,000000,635.7,691.3,630,691.3,0,0
3RG_PE,D,20230411,000000,652.9,709.5,644.3,709.5,0,0
3RG_PE,D,20230412,000000,671.4,697.4,645.7,697.4,0,0
3RG_PE,D,20230413,000000,657.1,688.3,642.9,688.3,0,0
3RG_PE,D,20230414,000000,657.1,695.9,642.9,695.9,0,0
3RG_PE,D,20230417,000000,638.6,691.3,637.1,691.3,0,0
3RG_PE,D,20230418,000000,642.9,695.9,642.9,695.9,0,0
3RG_PE,D,20230419,000000,657.1,711,657.1,711,0,0
3RG_PE,D,20230420,000000,671.4,732.2,664.3,732.2,0,0
3RG_PE,D,20230421,000000,711.4,726.1,672.9,726.1,0,0
3RG_PE,D,20230424,000000,700,756.4,672.9,756.4,0,0
3RG_PE,D,20230425,000000,711.4,756.4,692.9,750.3,0,0
3RG_PE,D,20230426,000000,707.1,736.7,695.7,736.7,0,0
3RG_PE,D,20230427,000000,695.7,762.4,685.7,762.4,0,0
3RG_PE,D,20230428,000000,725.7,725.7,45.2,45.2,0,0
3RG_PE,D,20230502,000000,46,47.2,44.3,45.2,0,0
3RG_PE,D,20230504,000000,45.3,46.6,44.7,46.1,0,0
3RG_PE,D,20230505,000000,46.1,46.1,44.3,45.1,0,0
3RG_PE,D,20230508,000000,44.7,46.7,44.5,46.2,0,0
3RG_PE,D,20230509,000000,45.3,46,44.9,45.5,0,0
3RG_PE,D,20230510,000000,43.7,46.1,43,45.9,0,0
3RG_PE,D,20230511,000000,45.7,46.2,44,46.2,0,0
3RG_PE,D,20230512,000000,46.8,47.2,45.7,46.2,0,0
3RG_PE,D,20230515,000000,46.2,46.2,44.9,45.6,0,0
3RG_PE,D,20230516,000000,46,47.7,44.4,46.2,0,0
3RG_PE,D,20230517,000000,46.6,47.2,46.2,46.9,0,0
3RG_PE,D,20230518,000000,46.7,47.2,45.8,46.4,0,0
3RG_PE,D,20230519,000000,47.1,47.2,46.5,47.1,0,0
3RG_PE,D,20230522,000000,47.2,50,47.2,49.9,0,0
3RG_PE,D,20230523,000000,50.9,52.6,49.1,49.5,0,0
3RG_PE,D,20230524,000000,49.6,50.4,47.4,48,0,0
3RG_PE,D,20230525,000000,47.4,47.9,46.8,47.1,0,0
3RG_PE,D,20230526,000000,47.2,49.1,47.2,48.6,0,0
3RG_PE,D,20230529,000000,49.8,49.8,48.1,48.4,0,0
3RG_PE,D,20230530,000000,48.5,48.5,46.4,47.5,0,0
3RG_PE,D,20230531,000000,48.1,49.1,46,46,0,0
3RG_PE,D,20230601,000000,46.2,46.3,44.3,45.7,0,0
3RG_PE,D,20230602,000000,45.8,46,20.5,20.5,0,0
3RG_PE,D,20230605,000000,20.9,21.9,20.7,21.2,0,0
3RG_PE,D,20230606,000000,21.4,21.4,20.8,21,0,0
3RG_PE,D,20230607,000000,21,21.5,21,21.5,0,0
3RG_PE,D,20230609,000000,21.3,21.4,21.1,21.2,0,0
3RG_PE,D,20230612,000000,21.2,21.4,20.6,20.8,0,0
3RG_PE,D,20230613,000000,20.8,20.8,20.5,20.7,0,0
3RG_PE,D,20230614,000000,20.7,20.7,20.2,20.3,0,0
3RG_PE,D,20230615,000000,20.2,20.3,18.2,19.6,0,0
3RG_PE,D,20230616,000000,19.9,21.1,19.8,20.8,0,0
3RG_PE,D,20230619,000000,21.1,21.3,20.6,21.2,0,0
3RG_PE,D,20230620,000000,20.9,21.2,20,20.4,0,0
3RG_PE,D,20230621,000000,20.4,20.4,19.1,20.3,0,0
3RG_PE,D,20230622,000000,20.3,20.9,19.6,20.5,0,0
3RG_PE,D,20230623,000000,19.9,20.7,19.9,20.7,0,0
3RG_PE,D,20230626,000000,20.7,20.8,20,20.7,0,0
3RG_PE,D,20230627,000000,20.8,20.8,20,20.6,0,0
3RG_PE,D,20230628,000000,20.3,20.6,19.7,20.3,0,0
3RG_PE,D,20230629,000000,20.4,20.4,19.8,20.3,0,0
3RG_PE,D,20230630,000000,20.1,20.3,19.7,19.9,0,0
3RG_PE,D,20230703,000000,19.9,20.2,19.7,19.7,0,0
3RG_PE,D,20230704,000000,19.7,20.1,18.4,19.6,0,0
3RG_PE,D,20230705,000000,20.1,20.1,19.2,19.6,0,0
3RG_PE,D,20230706,000000,19.6,19.7,18.1,18.1,0,0
3RG_PE,D,20230707,000000,18.3,19.5,18,19,0,0
3RG_PE,D,20230710,000000,19,20,18.6,18.7,0,0
3RG_PE,D,20230711,000000,19.9,19.9,18.9,19.1,0,0
3RG_PE,D,20230712,000000,19.3,19.7,18.7,19.1,0,0
3RG_PE,D,20230713,000000,19.1,19.1,17.4,18.5,0,0
3RG_PE,D,20230714,000000,18.6,19.1,17.9,18.6,0,0
3RG_PE,D,20230717,000000,18.3,19.3,17.4,18,0,0
3RG_PE,D,20230718,000000,18.2,18.6,17.7,18.5,0,0
3RG_PE,D,20230719,000000,18.5,18.5,17.7,17.7,0,0
3RG_PE,D,20230720,000000,18,18.2,17.9,18.1,0,0
3RG_PE,D,20230721,000000,18.4,18.7,18.1,18.6,0,0
3RG_PE,D,20230724,000000,18.6,19.9,18.6,19.9,0,0
3RG_PE,D,20230725,000000,19.3,21,19.1,19.7,0,0
3RG_PE,D,20230726,000000,19.7,19.7,18.7,18.9,0,0
3RG_PE,D,20230727,000000,19.7,21,19.3,20.2,0,0
3RG_PE,D,20230728,000000,20.2,20.4,18.9,20.2,0,0
3RG_PE,D,20230731,000000,18.8,19.5,18.8,19.1,0,0
3RG_PE,D,20230801,000000,19.1,19.3,19,19.3,0,0
3RG_PE,D,20230802,000000,19.2,19.2,18.6,19.2,0,0
3RG_PE,D,20230803,000000,19.2,19.4,18.9,18.9,0,0
3RG_PE,D,20230804,000000,19.2,19.873,19.1,19.4,0,0
3RG_PE,D,20230807,000000,19.068,19.068,18.686,19,0,0
3RG_PE,D,20230808,000000,18.766,19.064,18.766,19,0,0
3RG_PE,D,20230809,000000,19.021,19.064,18.766,19,0,0
3RG_PE,D,20230810,000000,19.021,19.106,18.936,19,0,0
3RG_PE,D,20230811,000000,19.068,19.915,19.068,19.9,0,0
3RG_PE,D,20230814,000000,19.915,20.339,19.492,20.2,0,0
3RG_PE,D,20230816,000000,20.72,20.763,19.915,20.5,0,0
3RG_PE,D,20230817,000000,20,20.339,19.576,19.6,0,0
3RG_PE,D,20230818,000000,20.212,20.254,19.576,19.9,0,0
3RG_PE,D,20230821,000000,20.339,20.339,19.746,19.9,0,0
3RG_PE,D,20230822,000000,19.873,20.4,19.449,20.4,0,0
3RG_PE,D,20230823,000000,20.339,20.9,20.212,20.9,0,0
3RG_PE,D,20230824,000000,20.936,20.936,20.4,20.4,0,0
3RG_PE,D,20230825,000000,20.255,21.106,19.915,21,0,0
3RG_PE,D,20230828,000000,20.72,20.805,20.042,20.8,0,0
3RG_PE,D,20230829,000000,20.72,20.805,20.042,20.7,0,0
3RG_PE,D,20230830,000000,20.72,20.72,20.127,20.4,0,0
3RG_PE,D,20230831,000000,20.298,20.553,20.298,20.4,0,0
3RG_PE,D,20230901,000000,20.466,20.975,20.127,20.8,0,0
3RG_PE,D,20230904,000000,20.763,20.763,20.169,20.5,0,0
3RG_PE,D,20230905,000000,20.508,20.508,19.534,19.6,0,0
3RG_PE,D,20230906,000000,20.34,20.34,19.532,19.7,0,0
3RG_PE,D,20230907,000000,19.449,19.873,19.11,19.7,0,0
3RG_PE,D,20230908,000000,19.661,19.661,19.11,19.5,0,0
3RG_PE,D,20230911,000000,19.702,20.043,19.149,19.5,0,0
3RG_PE,D,20230912,000000,19.873,19.873,19.153,19.5,0,0
3RG_PE,D,20230913,000000,19.703,20,19.492,19.5,0,0
3RG_PE,D,20230914,000000,19.915,20.212,19.449,19.9,0,0
3RG_PE,D,20230915,000000,20.297,20.297,18.856,19.8,0,0
3RG_PE,D,20230918,000000,18.983,19.831,18.856,19,0,0
3RG_PE,D,20230919,000000,19.492,20.4,19.11,20.4,0,0
3RG_PE,D,20230920,000000,20.426,20.426,19.5,19.5,0,0
3RG_PE,D,20230921,000000,19.492,19.788,18.898,19.1,0,0
3RG_PE,D,20230922,000000,18.856,19.534,18.856,19.1,0,0
3RG_PE,D,20230925,000000,19.407,19.449,17.881,19,0,0
3RG_PE,D,20230926,000000,18.644,19.11,18.22,18.8,0,0
3RG_PE,D,20230927,000000,18.644,19.5,18.347,19.5,0,0
3RG_PE,D,20230928,000000,19.492,19.619,18.432,18.5,0,0
3RG_PE,D,20230929,000000,18.723,19.532,18.7,18.7,0,0
3RG_PE,D,20231002,000000,18.681,18.723,18.2,18.2,0,0
3RG_PE,D,20231003,000000,18.22,28,17.415,28,0,0
3RG_PE,D,20231004,000000,28.205,28.205,26.923,27.9,0,0
