<TICKER>,<PER>,<DATE>,<TIME>,<OPEN>,<HIGH>,<LOW>,<CLOSE>,<VOL>,<OPENINT>
ANR_PB,D,20210108,000000,8.5,8.5,8.5,8.5,0,0
ANR_PB,D,20210111,000000,8.77,8.77,8.38,8.51,0,0
ANR_PB,D,20210112,000000,8.54,8.62,8.41,8.51,0,0
ANR_PB,D,20210113,000000,8.54,8.54,8.3,8.49,0,0
ANR_PB,D,20210114,000000,8.25,8.31,7.99,8.12,0,0
ANR_PB,D,20210115,000000,8.22,8.36,8.12,8.16,0,0
ANR_PB,D,20210118,000000,8.12,8.12,7.73,7.81,0,0
ANR_PB,D,20210119,000000,7.81,7.81,7.47,7.56,0,0
ANR_PB,D,20210120,000000,7.47,7.52,7.39,7.47,0,0
ANR_PB,D,20210121,000000,7.49,7.86,7.49,7.66,0,0
ANR_PB,D,20210122,000000,7.78,7.81,7.57,7.79,0,0
ANR_PB,D,20210125,000000,7.86,7.94,7.6,7.65,0,0
ANR_PB,D,20210126,000000,7.85,7.85,7.6,7.73,0,0
ANR_PB,D,20210127,000000,7.86,7.99,7.43,7.49,0,0
ANR_PB,D,20210128,000000,7.91,7.91,7.44,7.71,0,0
ANR_PB,D,20210129,000000,7.71,7.78,7.36,7.49,0,0
ANR_PB,D,20210201,000000,7.47,7.56,7.41,7.49,0,0
ANR_PB,D,20210202,000000,7.6,7.6,7.47,7.49,0,0
ANR_PB,D,20210203,000000,7.49,7.57,7.47,7.47,0,0
ANR_PB,D,20210204,000000,7.47,7.9,7.47,7.66,0,0
ANR_PB,D,20210205,000000,7.83,7.83,7.66,7.83,0,0
ANR_PB,D,20210208,000000,7.83,7.94,7.81,7.94,0,0
ANR_PB,D,20210209,000000,8.24,8.72,8.24,8.72,0,0
ANR_PB,D,20210210,000000,9.01,9.4,8.94,9.4,0,0
ANR_PB,D,20210211,000000,9.46,10.22,9.43,9.87,0,0
ANR_PB,D,20210212,000000,9.87,10.16,9.61,9.69,0,0
ANR_PB,D,20210215,000000,10.16,10.16,9.69,9.8,0,0
ANR_PB,D,20210216,000000,9.8,9.8,9.59,9.59,0,0
ANR_PB,D,20210217,000000,9.69,9.69,9.48,9.48,0,0
ANR_PB,D,20210218,000000,9.59,9.59,9.27,9.3,0,0
ANR_PB,D,20210219,000000,9.51,9.51,9.3,9.48,0,0
ANR_PB,D,20210222,000000,9.77,9.77,9.51,9.65,0,0
ANR_PB,D,20210223,000000,9.69,9.69,9.51,9.64,0,0
ANR_PB,D,20210224,000000,9.64,9.64,9.02,9.16,0,0
ANR_PB,D,20210225,000000,9.17,9.17,8.91,9.02,0,0
ANR_PB,D,20210226,000000,8.75,9.79,8.62,9.79,0,0
ANR_PB,D,20210301,000000,9.97,9.97,9.7,9.89,0,0
ANR_PB,D,20210302,000000,10.06,10.1,9.89,10.03,0,0
ANR_PB,D,20210303,000000,10.12,10.41,10.03,10.2,0,0
ANR_PB,D,20210304,000000,10.22,10.33,10.22,10.29,0,0
ANR_PB,D,20210305,000000,10.29,10.29,10.19,10.27,0,0
ANR_PB,D,20210308,000000,10.3,10.3,10.09,10.12,0,0
ANR_PB,D,20210309,000000,10.12,10.12,9.68,9.71,0,0
ANR_PB,D,20210310,000000,9.77,9.77,9.59,9.69,0,0
ANR_PB,D,20210311,000000,9.7,9.7,9.6,9.64,0,0
ANR_PB,D,20210312,000000,9.62,9.75,9.59,9.62,0,0
ANR_PB,D,20210315,000000,9.68,9.83,9.68,9.74,0,0
ANR_PB,D,20210316,000000,9.75,9.75,9.59,9.68,0,0
ANR_PB,D,20210317,000000,9.68,9.75,9.42,9.62,0,0
ANR_PB,D,20210318,000000,9.64,9.64,9.52,9.59,0,0
ANR_PB,D,20210319,000000,9.68,10,9.68,9.97,0,0
ANR_PB,D,20210322,000000,9.97,10.14,9.97,10.08,0,0
ANR_PB,D,20210323,000000,10.12,10.12,9.83,10.06,0,0
ANR_PB,D,20210324,000000,10.09,10.09,9.69,9.77,0,0
ANR_PB,D,20210325,000000,9.77,9.96,9.71,9.71,0,0
ANR_PB,D,20210326,000000,9.71,9.86,9.71,9.86,0,0
ANR_PB,D,20210329,000000,9.75,9.87,9.71,9.86,0,0
ANR_PB,D,20210330,000000,9.86,9.98,9.72,9.92,0,0
ANR_PB,D,20210331,000000,9.97,9.97,9.72,9.92,0,0
ANR_PB,D,20210401,000000,9.92,9.92,9.74,9.91,0,0
ANR_PB,D,20210406,000000,9.97,9.97,9.83,9.97,0,0
ANR_PB,D,20210407,000000,10.31,10.44,10.23,10.28,0,0
ANR_PB,D,20210408,000000,10.38,10.56,10.38,10.42,0,0
ANR_PB,D,20210409,000000,10.41,10.41,10.27,10.3,0,0
ANR_PB,D,20210412,000000,10.44,10.65,10.44,10.56,0,0
ANR_PB,D,20210413,000000,10.43,10.59,10.38,10.38,0,0
ANR_PB,D,20210414,000000,10.41,10.5,10.27,10.28,0,0
ANR_PB,D,20210415,000000,10.27,10.41,10.27,10.38,0,0
ANR_PB,D,20210416,000000,10.32,10.32,10.17,10.28,0,0
ANR_PB,D,20210419,000000,10.32,10.34,9.85,10.17,0,0
ANR_PB,D,20210420,000000,10.12,10.12,10,10.02,0,0
ANR_PB,D,20210421,000000,10,10,9.77,10,0,0
ANR_PB,D,20210422,000000,9.86,10.27,9.86,10.12,0,0
ANR_PB,D,20210423,000000,9.97,10.36,9.97,10.3,0,0
ANR_PB,D,20210426,000000,10.38,10.38,10.08,10.27,0,0
ANR_PB,D,20210427,000000,10.31,10.38,10.12,10.26,0,0
ANR_PB,D,20210428,000000,10.27,10.27,9.22,9.22,0,0
ANR_PB,D,20210429,000000,9.31,9.31,9.08,9.15,0,0
ANR_PB,D,20210430,000000,9.12,9.18,9.12,9.15,0,0
ANR_PB,D,20210504,000000,9.14,9.14,8.99,9.1,0,0
ANR_PB,D,20210505,000000,9.1,9.12,9.04,9.08,0,0
ANR_PB,D,20210506,000000,8.96,9.01,8.51,8.51,0,0
ANR_PB,D,20210507,000000,8.52,8.67,8.52,8.64,0,0
ANR_PB,D,20210510,000000,8.67,8.68,8.43,8.61,0,0
ANR_PB,D,20210511,000000,8.6,8.64,8.54,8.64,0,0
ANR_PB,D,20210512,000000,8.58,8.58,8.43,8.46,0,0
ANR_PB,D,20210513,000000,8.51,8.51,8.31,8.38,0,0
ANR_PB,D,20210514,000000,8.3,8.46,8.3,8.33,0,0
ANR_PB,D,20210517,000000,8.16,8.35,8.16,8.33,0,0
ANR_PB,D,20210518,000000,8.33,8.38,8.3,8.33,0,0
ANR_PB,D,20210519,000000,8.38,8.4,8.23,8.25,0,0
ANR_PB,D,20210520,000000,8.25,8.46,8.25,8.4,0,0
ANR_PB,D,20210521,000000,8.46,8.51,8.43,8.51,0,0
ANR_PB,D,20210524,000000,8.51,8.62,8.51,8.62,0,0
ANR_PB,D,20210525,000000,8.64,8.73,8.64,8.7,0,0
ANR_PB,D,20210526,000000,8.7,8.73,8.51,8.51,0,0
ANR_PB,D,20210527,000000,8.77,8.78,4.94,4.94,0,0
ANR_PB,D,20210528,000000,4.94,5.01,4.93,4.93,0,0
ANR_PB,D,20210531,000000,5,5.04,4.96,4.96,0,0
ANR_PB,D,20210601,000000,4.94,5.06,4.83,4.84,0,0
ANR_PB,D,20210602,000000,4.86,4.93,4.81,4.93,0,0
ANR_PB,D,20210604,000000,4.93,4.96,4.91,4.95,0,0
ANR_PB,D,20210607,000000,4.86,5.02,4.71,4.94,0,0
ANR_PB,D,20210608,000000,4.8,5.01,4.8,5,0,0
ANR_PB,D,20210609,000000,5,5,4.83,4.97,0,0
ANR_PB,D,20210610,000000,4.97,4.97,4.89,4.89,0,0
ANR_PB,D,20210611,000000,4.86,4.86,4.78,4.86,0,0
ANR_PB,D,20210614,000000,4.86,5,4.81,4.86,0,0
ANR_PB,D,20210615,000000,4.92,4.92,4.82,4.82,0,0
ANR_PB,D,20210616,000000,4.83,4.83,4.68,4.71,0,0
ANR_PB,D,20210617,000000,4.78,4.78,4.59,4.68,0,0
ANR_PB,D,20210618,000000,4.68,4.68,4.59,4.66,0,0
ANR_PB,D,20210621,000000,4.66,4.66,4.59,4.63,0,0
ANR_PB,D,20210622,000000,4.69,4.78,4.63,4.78,0,0
ANR_PB,D,20210623,000000,4.78,4.86,4.78,4.86,0,0
ANR_PB,D,20210624,000000,4.86,4.86,4.65,4.75,0,0
ANR_PB,D,20210625,000000,4.65,4.83,4.65,4.75,0,0
ANR_PB,D,20210628,000000,4.78,4.78,4.71,4.72,0,0
ANR_PB,D,20210629,000000,4.72,4.78,4.71,4.78,0,0
ANR_PB,D,20210630,000000,4.72,4.78,4.72,4.78,0,0
ANR_PB,D,20210701,000000,4.78,4.86,4.75,4.84,0,0
ANR_PB,D,20210702,000000,4.84,4.89,4.81,4.86,0,0
ANR_PB,D,20210705,000000,4.86,5.07,4.86,5.07,0,0
ANR_PB,D,20210706,000000,5.08,5.08,4.98,5.01,0,0
ANR_PB,D,20210707,000000,5.01,5.01,4.93,5,0,0
ANR_PB,D,20210708,000000,5.01,5.06,5,5.02,0,0
ANR_PB,D,20210709,000000,5,5.04,4.86,4.97,0,0
ANR_PB,D,20210712,000000,4.98,4.98,4.95,4.96,0,0
ANR_PB,D,20210713,000000,4.98,4.98,4.87,4.93,0,0
ANR_PB,D,20210714,000000,4.9,4.97,4.81,4.95,0,0
ANR_PB,D,20210715,000000,4.98,4.98,4.87,4.96,0,0
ANR_PB,D,20210716,000000,4.98,4.98,4.96,4.96,0,0
ANR_PB,D,20210719,000000,4.89,4.93,4.8,4.87,0,0
ANR_PB,D,20210720,000000,4.8,4.88,4.8,4.87,0,0
ANR_PB,D,20210721,000000,4.87,4.87,4.8,4.83,0,0
ANR_PB,D,20210722,000000,4.8,4.89,4.8,4.84,0,0
ANR_PB,D,20210723,000000,4.84,4.84,4.78,4.81,0,0
ANR_PB,D,20210726,000000,4.83,4.84,4.78,4.84,0,0
ANR_PB,D,20210727,000000,4.84,4.87,4.8,4.87,0,0
ANR_PB,D,20210728,000000,4.87,4.89,4.83,4.86,0,0
ANR_PB,D,20210729,000000,4.87,4.99,4.81,4.96,0,0
ANR_PB,D,20210730,000000,5.02,5.12,5.02,5.11,0,0
ANR_PB,D,20210802,000000,5.14,5.14,5.06,5.08,0,0
ANR_PB,D,20210803,000000,5.09,5.15,5.06,5.07,0,0
ANR_PB,D,20210804,000000,5.07,5.18,5.07,5.13,0,0
ANR_PB,D,20210805,000000,5.13,5.15,5.12,5.14,0,0
ANR_PB,D,20210806,000000,5.2,5.25,5.15,5.25,0,0
ANR_PB,D,20210809,000000,5.29,5.5,5.29,5.48,0,0
ANR_PB,D,20210810,000000,5.49,5.6,5.49,5.58,0,0
ANR_PB,D,20210811,000000,5.61,5.77,5.61,5.77,0,0
ANR_PB,D,20210812,000000,5.78,5.89,5.48,5.72,0,0
ANR_PB,D,20210813,000000,5.72,5.75,5.62,5.7,0,0
ANR_PB,D,20210816,000000,5.77,5.82,5.69,5.72,0,0
ANR_PB,D,20210817,000000,5.82,5.82,5.72,5.73,0,0
ANR_PB,D,20210818,000000,5.74,5.77,5.63,5.69,0,0
ANR_PB,D,20210819,000000,5.69,5.69,5.63,5.66,0,0
ANR_PB,D,20210820,000000,5.64,5.64,5.62,5.63,0,0
ANR_PB,D,20210823,000000,5.62,5.69,5.62,5.63,0,0
ANR_PB,D,20210824,000000,5.64,5.69,5.64,5.68,0,0
ANR_PB,D,20210825,000000,5.69,5.71,5.66,5.69,0,0
ANR_PB,D,20210826,000000,5.69,5.69,5.67,5.67,0,0
ANR_PB,D,20210827,000000,5.66,5.69,5.63,5.63,0,0
ANR_PB,D,20210830,000000,5.62,5.69,5.62,5.69,0,0
ANR_PB,D,20210831,000000,5.72,5.72,5.66,5.69,0,0
ANR_PB,D,20210901,000000,5.69,5.72,5.69,5.7,0,0
ANR_PB,D,20210902,000000,5.69,5.72,5.63,5.68,0,0
ANR_PB,D,20210903,000000,5.66,5.72,5.63,5.69,0,0
ANR_PB,D,20210906,000000,5.7,5.7,5.63,5.65,0,0
ANR_PB,D,20210907,000000,5.74,5.74,5.56,5.62,0,0
ANR_PB,D,20210908,000000,5.63,5.63,5.51,5.56,0,0
ANR_PB,D,20210909,000000,5.61,5.61,5.5,5.57,0,0
ANR_PB,D,20210910,000000,5.54,5.57,5.52,5.54,0,0
ANR_PB,D,20210913,000000,5.2,5.45,5.2,5.41,0,0
ANR_PB,D,20210914,000000,5.37,5.37,5.22,5.34,0,0
ANR_PB,D,20210915,000000,5.31,5.33,5.25,5.28,0,0
ANR_PB,D,20210916,000000,5.27,5.3,5.15,5.21,0,0
ANR_PB,D,20210917,000000,5.18,5.38,5.16,5.27,0,0
ANR_PB,D,20210920,000000,5.38,5.38,5.12,5.13,0,0
ANR_PB,D,20210921,000000,5.12,5.25,5.09,5.18,0,0
ANR_PB,D,20210922,000000,5.34,5.37,5.28,5.37,0,0
ANR_PB,D,20210923,000000,5.44,5.44,4.98,4.98,0,0
ANR_PB,D,20210924,000000,4.98,5.05,4.89,4.98,0,0
ANR_PB,D,20210927,000000,4.88,5.01,4.88,4.91,0,0
ANR_PB,D,20210928,000000,4.9,4.9,4.87,4.87,0,0
ANR_PB,D,20210929,000000,4.85,4.87,4.85,4.86,0,0
ANR_PB,D,20210930,000000,4.96,4.98,4.86,4.96,0,0
ANR_PB,D,20211001,000000,4.89,4.98,4.87,4.98,0,0
ANR_PB,D,20211004,000000,5.01,5.11,5.01,5.08,0,0
ANR_PB,D,20211005,000000,5.11,5.11,4.96,5.1,0,0
ANR_PB,D,20211006,000000,5.17,5.24,4.99,5.06,0,0
ANR_PB,D,20211007,000000,5.06,5.13,4.98,5.06,0,0
ANR_PB,D,20211008,000000,5.13,5.17,5.02,5.11,0,0
ANR_PB,D,20211011,000000,5.11,5.16,5.11,5.13,0,0
ANR_PB,D,20211012,000000,5.13,5.16,5.03,5.03,0,0
ANR_PB,D,20211013,000000,5.06,5.16,4.98,5.05,0,0
ANR_PB,D,20211014,000000,5.07,5.11,5.01,5.05,0,0
ANR_PB,D,20211015,000000,5.09,5.09,4.98,5.01,0,0
ANR_PB,D,20211018,000000,5.01,5.01,4.93,4.97,0,0
ANR_PB,D,20211019,000000,5.06,5.06,4.96,4.96,0,0
ANR_PB,D,20211020,000000,4.97,4.97,4.83,4.89,0,0
ANR_PB,D,20211021,000000,4.89,4.89,4.69,4.89,0,0
ANR_PB,D,20211022,000000,4.76,4.92,4.76,4.92,0,0
ANR_PB,D,20211025,000000,4.96,5.13,4.96,5.13,0,0
ANR_PB,D,20211026,000000,5.13,5.16,5.06,5.13,0,0
ANR_PB,D,20211027,000000,5.14,5.14,4.98,5.01,0,0
ANR_PB,D,20211028,000000,4.96,5.09,4.84,5.09,0,0
ANR_PB,D,20211029,000000,5.08,5.11,4.96,4.98,0,0
ANR_PB,D,20211102,000000,5.05,5.05,4.91,4.98,0,0
ANR_PB,D,20211103,000000,4.98,4.98,4.82,4.96,0,0
ANR_PB,D,20211104,000000,4.89,4.98,4.89,4.91,0,0
ANR_PB,D,20211105,000000,4.86,4.96,4.86,4.93,0,0
ANR_PB,D,20211108,000000,4.98,5.02,4.93,5.02,0,0
ANR_PB,D,20211109,000000,5,5.02,4.77,4.91,0,0
ANR_PB,D,20211110,000000,4.89,4.91,4.86,4.88,0,0
ANR_PB,D,20211112,000000,4.89,4.96,4.79,4.79,0,0
ANR_PB,D,20211115,000000,4.77,4.92,4.77,4.79,0,0
ANR_PB,D,20211116,000000,4.84,5.02,4.84,4.96,0,0
ANR_PB,D,20211117,000000,5.02,5.02,4.88,5,0,0
ANR_PB,D,20211118,000000,5,5,4.83,4.96,0,0
ANR_PB,D,20211119,000000,4.91,4.96,4.79,4.92,0,0
ANR_PB,D,20211122,000000,4.8,4.81,4.74,4.81,0,0
ANR_PB,D,20211123,000000,4.79,4.79,4.74,4.76,0,0
ANR_PB,D,20211124,000000,4.76,4.8,4.74,4.76,0,0
ANR_PB,D,20211125,000000,4.81,4.81,4.73,4.74,0,0
ANR_PB,D,20211126,000000,4.67,4.74,4.48,4.74,0,0
ANR_PB,D,20211129,000000,4.62,4.63,4.47,4.58,0,0
ANR_PB,D,20211130,000000,4.58,4.84,4.43,4.74,0,0
ANR_PB,D,20211201,000000,4.74,4.93,4.72,4.73,0,0
ANR_PB,D,20211202,000000,4.75,4.75,4.58,4.63,0,0
ANR_PB,D,20211203,000000,4.71,4.71,4.59,4.67,0,0
ANR_PB,D,20211206,000000,4.68,4.68,4.47,4.62,0,0
ANR_PB,D,20211207,000000,4.62,4.62,4.51,4.59,0,0
ANR_PB,D,20211208,000000,4.64,4.68,4.53,4.68,0,0
ANR_PB,D,20211209,000000,4.67,4.67,4.57,4.62,0,0
ANR_PB,D,20211210,000000,4.57,4.67,4.57,4.67,0,0
ANR_PB,D,20211213,000000,4.68,4.68,4.55,4.63,0,0
ANR_PB,D,20211214,000000,4.57,4.57,4.5,4.52,0,0
ANR_PB,D,20211215,000000,4.52,4.55,4.4,4.54,0,0
ANR_PB,D,20211216,000000,4.53,4.53,4.44,4.46,0,0
ANR_PB,D,20211217,000000,4.51,4.51,4.37,4.42,0,0
ANR_PB,D,20211220,000000,4.36,4.36,4.3,4.32,0,0
ANR_PB,D,20211221,000000,4.31,4.32,4.22,4.28,0,0
ANR_PB,D,20211222,000000,4.36,4.36,4.26,4.33,0,0
ANR_PB,D,20211223,000000,4.31,4.32,4.15,4.25,0,0
ANR_PB,D,20211227,000000,4.22,4.22,4.13,4.15,0,0
ANR_PB,D,20211228,000000,4.15,4.22,4.13,4.13,0,0
ANR_PB,D,20211229,000000,4.15,4.43,4.13,4.43,0,0
ANR_PB,D,20211230,000000,4.36,4.4,4.31,4.31,0,0
ANR_PB,D,20220103,000000,4.31,4.6,4.31,4.57,0,0
ANR_PB,D,20220104,000000,4.57,4.57,4.44,4.55,0,0
ANR_PB,D,20220105,000000,4.62,4.7,4.62,4.65,0,0
ANR_PB,D,20220107,000000,4.77,4.77,4.57,4.61,0,0
ANR_PB,D,20220110,000000,4.67,4.71,4.62,4.7,0,0
ANR_PB,D,20220111,000000,4.7,4.75,4.69,4.74,0,0
ANR_PB,D,20220112,000000,4.76,4.76,4.66,4.69,0,0
ANR_PB,D,20220113,000000,4.69,4.71,4.66,4.69,0,0
ANR_PB,D,20220114,000000,4.68,4.71,4.65,4.71,0,0
ANR_PB,D,20220117,000000,4.71,4.85,4.71,4.83,0,0
ANR_PB,D,20220118,000000,4.83,4.89,4.71,4.74,0,0
ANR_PB,D,20220119,000000,4.72,4.72,4.61,4.69,0,0
ANR_PB,D,20220120,000000,4.7,4.71,4.57,4.63,0,0
ANR_PB,D,20220121,000000,4.64,4.64,4.46,4.47,0,0
ANR_PB,D,20220124,000000,4.51,4.51,4.15,4.17,0,0
ANR_PB,D,20220125,000000,4.17,4.43,4.17,4.36,0,0
ANR_PB,D,20220126,000000,4.42,4.42,4.37,4.41,0,0
ANR_PB,D,20220127,000000,4.41,4.41,4.35,4.37,0,0
ANR_PB,D,20220128,000000,4.4,4.4,4.17,4.22,0,0
ANR_PB,D,20220131,000000,4.29,4.35,4.15,4.19,0,0
ANR_PB,D,20220201,000000,4.21,4.22,4.17,4.22,0,0
ANR_PB,D,20220202,000000,4.25,4.42,4.25,4.39,0,0
ANR_PB,D,20220203,000000,4.39,4.53,4.36,4.36,0,0
ANR_PB,D,20220204,000000,4.36,4.37,4.34,4.34,0,0
ANR_PB,D,20220207,000000,4.37,4.37,4.29,4.34,0,0
ANR_PB,D,20220208,000000,4.34,4.36,4.17,4.29,0,0
ANR_PB,D,20220209,000000,4.29,4.29,4.19,4.26,0,0
ANR_PB,D,20220210,000000,4.28,4.35,4.26,4.33,0,0
ANR_PB,D,20220211,000000,4.35,4.43,4.26,4.4,0,0
ANR_PB,D,20220214,000000,4.37,4.37,4.18,4.27,0,0
ANR_PB,D,20220215,000000,4.27,4.29,4.22,4.27,0,0
ANR_PB,D,20220216,000000,4.27,4.27,4.22,4.26,0,0
ANR_PB,D,20220217,000000,4.24,4.24,4.1,4.1,0,0
ANR_PB,D,20220218,000000,4.1,4.32,4.01,4.01,0,0
ANR_PB,D,20220221,000000,3.97,4.08,3.91,4,0,0
ANR_PB,D,20220222,000000,3.9,4.01,3.83,4.01,0,0
ANR_PB,D,20220223,000000,4.03,4.03,3.81,3.88,0,0
ANR_PB,D,20220224,000000,3.33,3.67,3.31,3.32,0,0
ANR_PB,D,20220225,000000,3.32,3.66,3.24,3.63,0,0
ANR_PB,D,20220228,000000,3.56,3.68,3.34,3.6,0,0
ANR_PB,D,20220301,000000,3.68,3.68,3.47,3.57,0,0
ANR_PB,D,20220302,000000,3.53,3.57,3.39,3.53,0,0
ANR_PB,D,20220303,000000,3.37,3.53,3.37,3.52,0,0
ANR_PB,D,20220304,000000,3.54,3.54,3.34,3.38,0,0
ANR_PB,D,20220307,000000,3.35,3.35,3.11,3.18,0,0
ANR_PB,D,20220308,000000,3.24,3.24,3.12,3.16,0,0
ANR_PB,D,20220309,000000,3.21,3.27,3.11,3.21,0,0
ANR_PB,D,20220310,000000,3.25,3.38,3.25,3.31,0,0
ANR_PB,D,20220311,000000,3.39,3.39,3.29,3.34,0,0
ANR_PB,D,20220314,000000,3.34,3.34,3.23,3.27,0,0
ANR_PB,D,20220315,000000,3.27,3.27,3.18,3.27,0,0
ANR_PB,D,20220316,000000,3.36,3.36,3.21,3.34,0,0
ANR_PB,D,20220317,000000,3.39,3.55,3.34,3.51,0,0
ANR_PB,D,20220318,000000,3.59,3.59,3.5,3.52,0,0
ANR_PB,D,20220321,000000,3.59,3.66,3.58,3.58,0,0
ANR_PB,D,20220322,000000,3.67,3.67,3.55,3.58,0,0
ANR_PB,D,20220323,000000,3.63,3.63,3.49,3.52,0,0
ANR_PB,D,20220324,000000,3.59,3.59,3.5,3.52,0,0
ANR_PB,D,20220325,000000,3.54,3.61,3.52,3.53,0,0
ANR_PB,D,20220328,000000,3.67,3.67,3.59,3.6,0,0
ANR_PB,D,20220329,000000,3.81,3.81,3.59,3.65,0,0
ANR_PB,D,20220330,000000,3.65,3.65,3.53,3.6,0,0
ANR_PB,D,20220331,000000,3.64,3.72,3.64,3.67,0,0
ANR_PB,D,20220401,000000,3.7,3.72,3.63,3.72,0,0
ANR_PB,D,20220404,000000,3.72,3.72,3.62,3.67,0,0
ANR_PB,D,20220405,000000,3.65,3.65,3.58,3.59,0,0
ANR_PB,D,20220406,000000,3.68,3.68,3.56,3.58,0,0
ANR_PB,D,20220407,000000,3.6,3.6,3.28,3.28,0,0
ANR_PB,D,20220408,000000,3.29,3.29,3.18,3.29,0,0
ANR_PB,D,20220411,000000,3.29,3.35,3.25,3.25,0,0
ANR_PB,D,20220412,000000,3.35,3.39,3.25,3.35,0,0
ANR_PB,D,20220413,000000,3.36,3.36,3.29,3.33,0,0
ANR_PB,D,20220414,000000,3.34,3.34,3.11,3.25,0,0
ANR_PB,D,20220419,000000,3.25,3.32,3.21,3.26,0,0
ANR_PB,D,20220420,000000,3.29,3.31,3.26,3.27,0,0
ANR_PB,D,20220421,000000,3.29,3.29,3.23,3.23,0,0
ANR_PB,D,20220422,000000,3.28,3.28,3.12,3.23,0,0
ANR_PB,D,20220425,000000,3.16,3.17,3.12,3.17,0,0
ANR_PB,D,20220426,000000,3.17,3.23,3.17,3.19,0,0
ANR_PB,D,20220427,000000,3.15,3.19,3.07,3.11,0,0
ANR_PB,D,20220428,000000,3.16,3.16,3.04,3.1,0,0
ANR_PB,D,20220429,000000,3.04,3.1,2.97,3.02,0,0
ANR_PB,D,20220502,000000,3.06,3.06,2.98,2.98,0,0
ANR_PB,D,20220504,000000,2.96,3.11,2.95,3.11,0,0
ANR_PB,D,20220505,000000,3.12,3.28,3.07,3.16,0,0
ANR_PB,D,20220506,000000,3.16,3.16,2.91,2.98,0,0
ANR_PB,D,20220509,000000,3.02,3.02,2.83,2.83,0,0
ANR_PB,D,20220510,000000,2.87,2.96,2.83,2.91,0,0
ANR_PB,D,20220511,000000,2.97,2.97,2.81,2.86,0,0
ANR_PB,D,20220512,000000,2.85,2.85,2.78,2.81,0,0
ANR_PB,D,20220513,000000,2.85,2.91,2.85,2.91,0,0
ANR_PB,D,20220516,000000,2.98,2.98,2.87,2.94,0,0
ANR_PB,D,20220517,000000,3.07,3.07,2.97,3.02,0,0
ANR_PB,D,20220518,000000,3.09,3.09,3.03,3.03,0,0
ANR_PB,D,20220519,000000,2.74,2.74,2.54,2.54,0,0
ANR_PB,D,20220520,000000,2.62,2.66,2.54,2.66,0,0
ANR_PB,D,20220523,000000,2.69,2.69,2.54,2.55,0,0
ANR_PB,D,20220524,000000,2.56,2.56,2.43,2.48,0,0
ANR_PB,D,20220525,000000,2.48,2.49,2.46,2.49,0,0
ANR_PB,D,20220526,000000,2.48,2.49,2.45,2.49,0,0
ANR_PB,D,20220527,000000,2.51,2.55,2.49,2.55,0,0
ANR_PB,D,20220530,000000,2.56,2.56,2.49,2.54,0,0
ANR_PB,D,20220531,000000,2.5,2.6,2.5,2.6,0,0
ANR_PB,D,20220601,000000,2.61,2.62,2.55,2.57,0,0
ANR_PB,D,20220602,000000,2.57,2.57,2.55,2.57,0,0
ANR_PB,D,20220603,000000,2.56,2.59,2.54,2.59,0,0
ANR_PB,D,20220606,000000,2.6,2.61,2.55,2.58,0,0
ANR_PB,D,20220607,000000,2.57,2.58,2.57,2.58,0,0
ANR_PB,D,20220608,000000,2.58,2.58,2.51,2.54,0,0
ANR_PB,D,20220609,000000,2.57,2.57,2.41,2.45,0,0
ANR_PB,D,20220610,000000,2.46,2.46,2.42,2.43,0,0
ANR_PB,D,20220613,000000,2.44,2.44,2.25,2.25,0,0
ANR_PB,D,20220614,000000,2.26,2.27,2.06,2.07,0,0
ANR_PB,D,20220615,000000,2.11,2.23,2.1,2.2,0,0
ANR_PB,D,20220617,000000,2.22,2.25,2.1,2.1,0,0
ANR_PB,D,20220620,000000,2.19,2.19,2.13,2.19,0,0
ANR_PB,D,20220621,000000,2.21,2.25,2.17,2.17,0,0
ANR_PB,D,20220622,000000,2.19,2.19,2.07,2.17,0,0
ANR_PB,D,20220623,000000,2.17,2.25,2.17,2.21,0,0
ANR_PB,D,20220624,000000,2.24,2.24,2.15,2.15,0,0
ANR_PB,D,20220627,000000,2.21,2.21,2.13,2.14,0,0
ANR_PB,D,20220628,000000,2.21,2.21,2.12,2.12,0,0
ANR_PB,D,20220629,000000,2.12,2.12,2.06,2.11,0,0
ANR_PB,D,20220630,000000,2.11,2.11,2.05,2.06,0,0
ANR_PB,D,20220701,000000,2.07,2.17,2.07,2.1,0,0
ANR_PB,D,20220704,000000,2.12,2.16,2.12,2.13,0,0
ANR_PB,D,20220705,000000,2.18,2.23,2.14,2.19,0,0
ANR_PB,D,20220706,000000,2.28,2.46,2.28,2.46,0,0
ANR_PB,D,20220707,000000,2.5,2.5,2.41,2.42,0,0
ANR_PB,D,20220708,000000,2.45,2.45,2.32,2.43,0,0
ANR_PB,D,20220711,000000,2.44,2.55,2.44,2.46,0,0
ANR_PB,D,20220712,000000,2.46,2.46,2.41,2.41,0,0
ANR_PB,D,20220713,000000,2.46,2.46,2.32,2.32,0,0
ANR_PB,D,20220714,000000,2.32,2.36,2.29,2.3,0,0
ANR_PB,D,20220715,000000,2.32,2.38,2.29,2.38,0,0
ANR_PB,D,20220718,000000,2.37,2.37,2.26,2.37,0,0
ANR_PB,D,20220719,000000,2.37,2.37,2.27,2.35,0,0
ANR_PB,D,20220720,000000,2.35,2.35,2.32,2.34,0,0
ANR_PB,D,20220721,000000,2.32,2.38,2.32,2.38,0,0
ANR_PB,D,20220722,000000,2.38,2.38,2.32,2.38,0,0
ANR_PB,D,20220725,000000,2.4,2.4,2.36,2.37,0,0
ANR_PB,D,20220726,000000,2.37,2.38,2.35,2.38,0,0
ANR_PB,D,20220727,000000,2.37,2.37,2.3,2.34,0,0
ANR_PB,D,20220728,000000,2.34,2.36,2.34,2.36,0,0
ANR_PB,D,20220729,000000,2.36,2.37,2.36,2.37,0,0
ANR_PB,D,20220801,000000,2.36,2.38,2.36,2.38,0,0
ANR_PB,D,20220802,000000,2.38,2.39,2.36,2.36,0,0
ANR_PB,D,20220803,000000,2.38,2.38,2.33,2.33,0,0
ANR_PB,D,20220804,000000,2.36,2.41,2.35,2.4,0,0
ANR_PB,D,20220805,000000,2.38,2.38,2.35,2.35,0,0
ANR_PB,D,20220808,000000,2.37,2.44,2.35,2.35,0,0
ANR_PB,D,20220809,000000,2.36,2.44,2.34,2.36,0,0
ANR_PB,D,20220810,000000,2.38,2.38,2.36,2.36,0,0
ANR_PB,D,20220811,000000,2.37,2.37,2.35,2.37,0,0
ANR_PB,D,20220812,000000,2.37,2.37,2.35,2.35,0,0
ANR_PB,D,20220816,000000,2.37,2.37,2.34,2.35,0,0
ANR_PB,D,20220817,000000,2.35,2.43,2.35,2.38,0,0
ANR_PB,D,20220818,000000,2.38,2.53,2.38,2.44,0,0
ANR_PB,D,20220819,000000,2.44,2.44,2.38,2.39,0,0
ANR_PB,D,20220822,000000,2.36,2.39,2.3,2.32,0,0
ANR_PB,D,20220823,000000,2.29,2.32,2.23,2.26,0,0
ANR_PB,D,20220824,000000,2.26,2.29,2.23,2.26,0,0
ANR_PB,D,20220825,000000,2.26,2.26,2.19,2.25,0,0
ANR_PB,D,20220826,000000,2.23,2.25,2.21,2.24,0,0
ANR_PB,D,20220829,000000,2.24,2.24,2.18,2.19,0,0
ANR_PB,D,20220830,000000,2.22,2.25,2.1,2.19,0,0
ANR_PB,D,20220831,000000,2.13,2.2,2.13,2.15,0,0
ANR_PB,D,20220901,000000,2.2,2.24,2.15,2.24,0,0
ANR_PB,D,20220902,000000,2.23,2.31,2.21,2.31,0,0
ANR_PB,D,20220905,000000,2.32,2.32,2.24,2.31,0,0
ANR_PB,D,20220906,000000,2.3,2.31,2.25,2.25,0,0
ANR_PB,D,20220907,000000,2.28,2.29,2.26,2.28,0,0
ANR_PB,D,20220908,000000,2.29,2.31,2.27,2.28,0,0
ANR_PB,D,20220909,000000,2.31,2.34,2.29,2.33,0,0
ANR_PB,D,20220912,000000,2.36,2.49,2.32,2.47,0,0
ANR_PB,D,20220913,000000,2.58,2.58,2.29,2.29,0,0
ANR_PB,D,20220914,000000,2.32,2.4,2.21,2.24,0,0
ANR_PB,D,20220915,000000,2.28,2.28,2.23,2.24,0,0
ANR_PB,D,20220916,000000,2.23,2.25,2.22,2.23,0,0
ANR_PB,D,20220919,000000,2.25,2.25,2.16,2.21,0,0
ANR_PB,D,20220920,000000,2.21,2.21,2.13,2.15,0,0
ANR_PB,D,20220921,000000,2.15,2.2,2.14,2.18,0,0
ANR_PB,D,20220922,000000,2.15,2.22,2.15,2.21,0,0
ANR_PB,D,20220923,000000,2.23,2.23,2.14,2.18,0,0
ANR_PB,D,20220926,000000,2.17,2.17,2.06,2.14,0,0
ANR_PB,D,20220927,000000,2.16,2.16,2.11,2.15,0,0
ANR_PB,D,20220928,000000,2.14,2.14,2.07,2.13,0,0
ANR_PB,D,20220929,000000,2.13,2.14,2.08,2.12,0,0
ANR_PB,D,20220930,000000,2.13,2.13,2.06,2.13,0,0
ANR_PB,D,20221003,000000,2.12,2.26,2.12,2.24,0,0
ANR_PB,D,20221004,000000,2.24,2.26,2.19,2.25,0,0
ANR_PB,D,20221005,000000,2.25,2.25,2.18,2.23,0,0
ANR_PB,D,20221006,000000,2.29,2.4,2.29,2.38,0,0
ANR_PB,D,20221007,000000,2.37,2.49,2.34,2.42,0,0
ANR_PB,D,20221010,000000,2.42,2.42,2.34,2.41,0,0
ANR_PB,D,20221011,000000,2.42,2.42,2.34,2.38,0,0
ANR_PB,D,20221012,000000,2.38,2.41,2.34,2.37,0,0
ANR_PB,D,20221013,000000,2.38,2.43,2.38,2.38,0,0
ANR_PB,D,20221014,000000,2.35,2.44,2.35,2.44,0,0
ANR_PB,D,20221017,000000,2.45,2.47,2.39,2.44,0,0
ANR_PB,D,20221018,000000,2.45,2.45,2.4,2.44,0,0
ANR_PB,D,20221019,000000,2.44,2.44,2.38,2.38,0,0
ANR_PB,D,20221020,000000,2.38,2.43,2.38,2.43,0,0
ANR_PB,D,20221021,000000,2.43,2.43,2.39,2.4,0,0
ANR_PB,D,20221024,000000,2.43,2.43,2.36,2.42,0,0
ANR_PB,D,20221025,000000,2.43,2.43,2.39,2.4,0,0
ANR_PB,D,20221026,000000,2.4,2.4,2.37,2.4,0,0
ANR_PB,D,20221027,000000,2.36,2.4,2.34,2.37,0,0
ANR_PB,D,20221028,000000,2.35,2.42,2.35,2.4,0,0
ANR_PB,D,20221031,000000,2.4,2.4,2.39,2.4,0,0
ANR_PB,D,20221102,000000,2.39,2.56,2.38,2.56,0,0
ANR_PB,D,20221103,000000,2.56,2.62,2.51,2.6,0,0
ANR_PB,D,20221104,000000,2.57,2.62,2.54,2.6,0,0
ANR_PB,D,20221107,000000,2.61,2.72,2.61,2.64,0,0
ANR_PB,D,20221108,000000,2.62,2.7,2.62,2.7,0,0
ANR_PB,D,20221109,000000,2.73,2.75,2.65,2.68,0,0
ANR_PB,D,20221110,000000,2.65,2.75,2.65,2.67,0,0
ANR_PB,D,20221114,000000,2.68,2.77,2.67,2.77,0,0
ANR_PB,D,20221115,000000,2.78,2.86,2.73,2.86,0,0
ANR_PB,D,20221116,000000,2.81,2.93,2.81,2.92,0,0
ANR_PB,D,20221117,000000,2.93,2.93,2.87,2.91,0,0
ANR_PB,D,20221118,000000,2.81,2.89,2.72,2.84,0,0
ANR_PB,D,20221121,000000,2.92,2.92,2.84,2.86,0,0
ANR_PB,D,20221122,000000,2.9,2.9,2.82,2.82,0,0
ANR_PB,D,20221123,000000,2.84,2.84,2.74,2.74,0,0
ANR_PB,D,20221124,000000,2.73,2.75,2.71,2.73,0,0
ANR_PB,D,20221125,000000,2.77,2.77,2.67,2.74,0,0
ANR_PB,D,20221128,000000,2.74,2.84,2.73,2.74,0,0
ANR_PB,D,20221129,000000,2.74,2.77,2.74,2.77,0,0
ANR_PB,D,20221130,000000,2.74,2.79,2.74,2.78,0,0
ANR_PB,D,20221201,000000,2.78,2.83,2.77,2.77,0,0
ANR_PB,D,20221202,000000,2.83,2.83,2.76,2.83,0,0
ANR_PB,D,20221205,000000,2.8,2.89,2.79,2.87,0,0
ANR_PB,D,20221206,000000,2.87,2.89,2.83,2.87,0,0
ANR_PB,D,20221207,000000,2.85,2.88,2.84,2.88,0,0
ANR_PB,D,20221208,000000,2.88,2.88,2.83,2.88,0,0
ANR_PB,D,20221209,000000,2.88,2.88,2.83,2.86,0,0
ANR_PB,D,20221212,000000,2.86,2.88,2.85,2.86,0,0
ANR_PB,D,20221213,000000,2.89,2.89,2.8,2.89,0,0
ANR_PB,D,20221214,000000,2.88,2.93,2.87,2.88,0,0
ANR_PB,D,20221215,000000,2.88,2.88,2.82,2.85,0,0
ANR_PB,D,20221216,000000,2.85,2.85,2.81,2.83,0,0
ANR_PB,D,20221219,000000,2.84,2.89,2.84,2.89,0,0
ANR_PB,D,20221220,000000,2.85,3.08,2.85,3.05,0,0
ANR_PB,D,20221221,000000,3.12,3.18,3.05,3.15,0,0
ANR_PB,D,20221222,000000,3.15,3.18,3.1,3.12,0,0
ANR_PB,D,20221223,000000,3.12,3.3,3.12,3.28,0,0
ANR_PB,D,20221227,000000,3.16,3.21,3.14,3.16,0,0
ANR_PB,D,20221228,000000,3.19,3.19,3.08,3.1,0,0
ANR_PB,D,20221229,000000,3.25,3.28,3.1,3.19,0,0
ANR_PB,D,20221230,000000,3.2,3.28,3.2,3.21,0,0
ANR_PB,D,20230102,000000,3.25,3.27,3.16,3.24,0,0
ANR_PB,D,20230103,000000,3.28,3.28,3.19,3.22,0,0
ANR_PB,D,20230104,000000,3.22,3.27,3.22,3.26,0,0
ANR_PB,D,20230105,000000,3.27,3.42,3.27,3.4,0,0
ANR_PB,D,20230109,000000,3.42,3.46,3.4,3.4,0,0
ANR_PB,D,20230110,000000,3.42,3.42,3.31,3.37,0,0
ANR_PB,D,20230111,000000,3.38,3.42,3.31,3.32,0,0
ANR_PB,D,20230112,000000,3.32,3.4,3.3,3.36,0,0
ANR_PB,D,20230113,000000,3.31,3.41,3.3,3.31,0,0
ANR_PB,D,20230116,000000,3.36,3.36,3.24,3.32,0,0
ANR_PB,D,20230117,000000,3.39,3.39,3.33,3.38,0,0
ANR_PB,D,20230118,000000,3.38,3.58,3.38,3.55,0,0
ANR_PB,D,20230119,000000,3.55,3.57,3.42,3.48,0,0
ANR_PB,D,20230120,000000,3.48,3.55,3.48,3.51,0,0
ANR_PB,D,20230123,000000,3.53,3.6,3.49,3.57,0,0
ANR_PB,D,20230124,000000,3.55,3.64,3.48,3.54,0,0
ANR_PB,D,20230125,000000,3.54,3.55,3.48,3.52,0,0
ANR_PB,D,20230126,000000,3.49,3.55,3.48,3.51,0,0
ANR_PB,D,20230127,000000,3.51,3.58,3.51,3.52,0,0
ANR_PB,D,20230130,000000,3.52,3.58,3.52,3.57,0,0
ANR_PB,D,20230131,000000,3.58,3.6,3.48,3.49,0,0
ANR_PB,D,20230201,000000,3.49,3.57,3.48,3.48,0,0
ANR_PB,D,20230202,000000,3.51,3.57,3.43,3.46,0,0
ANR_PB,D,20230203,000000,3.48,3.49,3.33,3.45,0,0
ANR_PB,D,20230206,000000,3.36,3.45,3.3,3.36,0,0
ANR_PB,D,20230207,000000,3.37,3.41,3.36,3.4,0,0
ANR_PB,D,20230208,000000,3.41,3.48,3.41,3.46,0,0
ANR_PB,D,20230209,000000,3.43,3.51,3.42,3.49,0,0
ANR_PB,D,20230210,000000,3.54,3.59,3.43,3.43,0,0
ANR_PB,D,20230213,000000,3.48,3.59,3.27,3.48,0,0
ANR_PB,D,20230214,000000,3.48,3.49,3.4,3.48,0,0
ANR_PB,D,20230215,000000,3.51,3.51,3.4,3.48,0,0
ANR_PB,D,20230216,000000,3.46,3.48,3.39,3.45,0,0
ANR_PB,D,20230217,000000,3.45,3.45,3.36,3.4,0,0
ANR_PB,D,20230220,000000,3.4,3.43,3.36,3.42,0,0
ANR_PB,D,20230221,000000,3.36,3.39,3.32,3.39,0,0
ANR_PB,D,20230222,000000,3.4,3.4,3.24,3.3,0,0
ANR_PB,D,20230223,000000,3.27,3.33,3.27,3.3,0,0
ANR_PB,D,20230224,000000,3.31,3.39,3.27,3.33,0,0
ANR_PB,D,20230227,000000,3.4,3.42,3.28,3.42,0,0
ANR_PB,D,20230228,000000,3.42,3.42,3.32,3.32,0,0
ANR_PB,D,20230301,000000,3.3,3.4,3.25,3.31,0,0
ANR_PB,D,20230302,000000,3.26,3.34,3.26,3.3,0,0
ANR_PB,D,20230303,000000,3.3,3.3,3.28,3.3,0,0
ANR_PB,D,20230306,000000,3.3,3.36,3.27,3.3,0,0
ANR_PB,D,20230307,000000,3.31,3.35,3.29,3.33,0,0
ANR_PB,D,20230308,000000,3.33,3.36,3.28,3.36,0,0
ANR_PB,D,20230309,000000,3.36,3.39,3.29,3.29,0,0
ANR_PB,D,20230310,000000,3.3,3.39,3.29,3.37,0,0
ANR_PB,D,20230313,000000,3.3,3.35,3.27,3.34,0,0
ANR_PB,D,20230314,000000,3.3,3.46,3.28,3.46,0,0
ANR_PB,D,20230315,000000,3.46,3.46,3.31,3.31,0,0
ANR_PB,D,20230316,000000,3.31,3.34,3.26,3.34,0,0
ANR_PB,D,20230317,000000,3.34,3.42,3.33,3.42,0,0
ANR_PB,D,20230320,000000,3.36,3.46,3.36,3.46,0,0
ANR_PB,D,20230321,000000,3.54,3.55,3.42,3.52,0,0
ANR_PB,D,20230322,000000,3.52,3.52,3.45,3.48,0,0
ANR_PB,D,20230323,000000,3.48,3.48,3.45,3.45,0,0
ANR_PB,D,20230324,000000,3.45,3.49,3.45,3.48,0,0
ANR_PB,D,20230327,000000,3.48,3.6,3.48,3.59,0,0
ANR_PB,D,20230328,000000,3.6,3.75,3.6,3.72,0,0
ANR_PB,D,20230329,000000,3.73,3.82,3.7,3.77,0,0
ANR_PB,D,20230330,000000,3.78,3.78,3.21,3.21,0,0
ANR_PB,D,20230331,000000,3.18,3.22,3.16,3.18,0,0
ANR_PB,D,20230403,000000,3.18,3.35,3.15,3.34,0,0
ANR_PB,D,20230404,000000,3.35,3.51,3.34,3.51,0,0
ANR_PB,D,20230405,000000,3.55,3.71,3.52,3.68,0,0
ANR_PB,D,20230406,000000,3.7,3.74,3.62,3.66,0,0
ANR_PB,D,20230411,000000,3.66,3.66,3.51,3.61,0,0
ANR_PB,D,20230412,000000,3.62,3.65,3.51,3.56,0,0
ANR_PB,D,20230413,000000,3.53,3.58,3.51,3.55,0,0
ANR_PB,D,20230414,000000,3.55,3.55,3.47,3.55,0,0
ANR_PB,D,20230417,000000,3.58,3.59,3.51,3.55,0,0
ANR_PB,D,20230418,000000,3.56,3.58,3.5,3.54,0,0
ANR_PB,D,20230419,000000,3.54,3.64,3.51,3.64,0,0
ANR_PB,D,20230420,000000,3.55,3.75,3.55,3.72,0,0
ANR_PB,D,20230421,000000,3.66,3.72,3.63,3.72,0,0
ANR_PB,D,20230424,000000,3.66,3.87,3.66,3.72,0,0
ANR_PB,D,20230425,000000,3.72,3.74,3.6,3.66,0,0
ANR_PB,D,20230426,000000,3.6,3.72,3.57,3.58,0,0
ANR_PB,D,20230427,000000,3.57,3.71,3.48,3.64,0,0
ANR_PB,D,20230428,000000,3.64,3.73,3.63,3.72,0,0
ANR_PB,D,20230502,000000,3.72,3.72,3.6,3.63,0,0
ANR_PB,D,20230504,000000,3.63,3.68,3.63,3.65,0,0
ANR_PB,D,20230505,000000,3.65,3.65,3.57,3.59,0,0
ANR_PB,D,20230508,000000,3.61,3.79,3.61,3.66,0,0
ANR_PB,D,20230509,000000,3.66,3.83,3.66,3.75,0,0
ANR_PB,D,20230510,000000,3.79,3.81,3.72,3.72,0,0
ANR_PB,D,20230511,000000,3.72,3.81,3.72,3.79,0,0
ANR_PB,D,20230512,000000,3.76,3.78,3.65,3.71,0,0
ANR_PB,D,20230515,000000,3.73,3.77,3.71,3.73,0,0
ANR_PB,D,20230516,000000,3.73,3.75,3.73,3.75,0,0
ANR_PB,D,20230517,000000,3.74,3.77,3.72,3.72,0,0
ANR_PB,D,20230518,000000,3.73,3.82,3.73,3.76,0,0
ANR_PB,D,20230519,000000,3.79,3.86,3.77,3.86,0,0
ANR_PB,D,20230522,000000,3.87,3.9,3.86,3.88,0,0
ANR_PB,D,20230523,000000,3.88,3.94,3.86,3.88,0,0
ANR_PB,D,20230524,000000,3.86,3.86,3.6,3.66,0,0
ANR_PB,D,20230525,000000,3.58,3.85,3.58,3.82,0,0
ANR_PB,D,20230526,000000,3.83,3.84,3.78,3.79,0,0
ANR_PB,D,20230529,000000,3.78,3.84,3.78,3.8,0,0
ANR_PB,D,20230530,000000,3.78,3.84,3.78,3.83,0,0
ANR_PB,D,20230531,000000,3.79,3.79,3.7,3.7,0,0
ANR_PB,D,20230601,000000,3.74,3.74,3.46,3.48,0,0
ANR_PB,D,20230602,000000,3.53,3.65,3.49,3.54,0,0
ANR_PB,D,20230605,000000,3.65,3.65,3.52,3.55,0,0
ANR_PB,D,20230606,000000,3.57,3.58,3.45,3.47,0,0
ANR_PB,D,20230607,000000,3.49,3.58,3.49,3.51,0,0
ANR_PB,D,20230609,000000,3.54,3.55,3.51,3.53,0,0
ANR_PB,D,20230612,000000,3.53,3.55,3.52,3.55,0,0
ANR_PB,D,20230613,000000,3.54,3.58,3.53,3.54,0,0
ANR_PB,D,20230614,000000,3.54,3.58,3.51,3.58,0,0
ANR_PB,D,20230615,000000,3.58,3.65,3.58,3.6,0,0
ANR_PB,D,20230616,000000,3.6,3.63,3.58,3.59,0,0
ANR_PB,D,20230619,000000,3.59,3.65,3.58,3.65,0,0
ANR_PB,D,20230620,000000,3.65,3.65,3.59,3.64,0,0
ANR_PB,D,20230621,000000,3.58,3.63,3.58,3.63,0,0
ANR_PB,D,20230622,000000,3.61,3.62,3.59,3.61,0,0
ANR_PB,D,20230623,000000,3.61,3.61,3.53,3.54,0,0
ANR_PB,D,20230626,000000,3.54,3.54,3.32,3.34,0,0
ANR_PB,D,20230627,000000,3.32,3.32,3.23,3.29,0,0
ANR_PB,D,20230628,000000,3.3,3.41,3.3,3.34,0,0
ANR_PB,D,20230629,000000,3.35,3.44,3.34,3.44,0,0
ANR_PB,D,20230630,000000,3.37,3.45,3.37,3.45,0,0
ANR_PB,D,20230703,000000,3.44,3.48,3.44,3.47,0,0
ANR_PB,D,20230704,000000,3.48,3.68,3.48,3.64,0,0
ANR_PB,D,20230705,000000,3.63,3.69,3.59,3.64,0,0
ANR_PB,D,20230706,000000,3.71,3.88,3.71,3.82,0,0
ANR_PB,D,20230707,000000,3.86,3.86,3.8,3.84,0,0
ANR_PB,D,20230710,000000,3.85,3.86,3.68,3.71,0,0
ANR_PB,D,20230711,000000,3.76,3.77,3.72,3.77,0,0
ANR_PB,D,20230712,000000,3.77,3.81,3.75,3.8,0,0
ANR_PB,D,20230713,000000,3.78,3.85,3.75,3.85,0,0
ANR_PB,D,20230714,000000,3.85,3.85,3.76,3.84,0,0
ANR_PB,D,20230717,000000,3.85,3.85,3.77,3.78,0,0
ANR_PB,D,20230718,000000,3.77,3.83,3.77,3.81,0,0
ANR_PB,D,20230719,000000,3.81,3.85,3.81,3.82,0,0
ANR_PB,D,20230720,000000,3.83,3.99,3.82,3.95,0,0
ANR_PB,D,20230721,000000,3.94,3.95,3.89,3.94,0,0
ANR_PB,D,20230724,000000,3.91,4.01,3.91,4.01,0,0
ANR_PB,D,20230725,000000,4.04,4.04,3.82,3.89,0,0
ANR_PB,D,20230726,000000,3.91,3.91,3.86,3.86,0,0
ANR_PB,D,20230727,000000,3.88,3.89,3.84,3.88,0,0
ANR_PB,D,20230728,000000,3.85,3.85,3.74,3.77,0,0
ANR_PB,D,20230731,000000,3.77,3.85,3.67,3.7,0,0
ANR_PB,D,20230801,000000,3.7,3.8,3.7,3.77,0,0
ANR_PB,D,20230802,000000,3.77,3.77,3.66,3.72,0,0
ANR_PB,D,20230803,000000,3.69,3.89,3.68,3.82,0,0
ANR_PB,D,20230804,000000,3.82,3.932,3.82,3.869,0,0
ANR_PB,D,20230807,000000,3.869,3.89,3.785,3.837,0,0
ANR_PB,D,20230808,000000,3.879,3.879,3.816,3.837,0,0
ANR_PB,D,20230809,000000,3.89,3.89,3.711,3.816,0,0
ANR_PB,D,20230810,000000,3.816,3.869,3.795,3.827,0,0
ANR_PB,D,20230811,000000,3.827,3.89,3.827,3.827,0,0
ANR_PB,D,20230814,000000,3.827,3.869,3.827,3.827,0,0
ANR_PB,D,20230816,000000,3.837,3.869,3.69,3.774,0,0
ANR_PB,D,20230817,000000,3.827,3.837,3.764,3.764,0,0
ANR_PB,D,20230818,000000,3.774,3.774,3.701,3.743,0,0
ANR_PB,D,20230821,000000,3.764,3.9,3.69,3.858,0,0
ANR_PB,D,20230822,000000,3.89,3.89,3.711,3.837,0,0
ANR_PB,D,20230823,000000,3.869,3.869,3.785,3.785,0,0
ANR_PB,D,20230824,000000,3.869,3.869,3.722,3.785,0,0
ANR_PB,D,20230825,000000,3.816,3.837,3.774,3.795,0,0
ANR_PB,D,20230828,000000,3.869,3.869,3.795,3.816,0,0
ANR_PB,D,20230829,000000,3.837,3.837,3.753,3.753,0,0
ANR_PB,D,20230830,000000,3.764,3.764,3.722,3.743,0,0
ANR_PB,D,20230831,000000,3.743,3.743,3.711,3.722,0,0
ANR_PB,D,20230901,000000,3.701,3.711,3.679,3.701,0,0
ANR_PB,D,20230904,000000,3.701,3.711,3.669,3.669,0,0
ANR_PB,D,20230905,000000,3.669,3.722,3.658,3.679,0,0
ANR_PB,D,20230906,000000,3.669,3.69,3.627,3.679,0,0
ANR_PB,D,20230907,000000,3.679,3.753,3.637,3.648,0,0
ANR_PB,D,20230908,000000,3.669,3.785,3.669,3.711,0,0
ANR_PB,D,20230911,000000,3.722,3.753,3.669,3.669,0,0
ANR_PB,D,20230912,000000,3.679,3.753,3.648,3.753,0,0
ANR_PB,D,20230913,000000,3.774,3.837,3.743,3.827,0,0
ANR_PB,D,20230914,000000,3.816,3.89,3.795,3.848,0,0
ANR_PB,D,20230915,000000,3.848,3.848,3.722,3.764,0,0
ANR_PB,D,20230918,000000,3.764,3.795,3.658,3.764,0,0
ANR_PB,D,20230919,000000,3.648,3.69,3.522,3.522,0,0
ANR_PB,D,20230920,000000,3.511,3.564,3.343,3.469,0,0
ANR_PB,D,20230921,000000,3.469,3.501,3.448,3.448,0,0
ANR_PB,D,20230922,000000,3.448,3.448,3.343,3.354,0,0
ANR_PB,D,20230925,000000,3.354,3.364,3.333,3.364,0,0
ANR_PB,D,20230926,000000,3.364,3.364,3.322,3.364,0,0
ANR_PB,D,20230927,000000,3.469,3.469,2.699,2.699,0,0
ANR_PB,D,20230928,000000,2.699,2.699,2.581,2.653,0,0
ANR_PB,D,20230929,000000,2.681,2.789,2.681,2.762,0,0
ANR_PB,D,20231002,000000,2.753,2.816,2.69,2.717,0,0
ANR_PB,D,20231003,000000,2.717,2.789,2.626,2.653,0,0
ANR_PB,D,20231004,000000,2.554,2.735,2.445,2.699,0,0
