<TICKER>,<PER>,<DATE>,<TIME>,<OPEN>,<HIGH>,<LOW>,<CLOSE>,<VOL>,<OPENINT>
ANR_MV,D,20210108,000000,498.23,498.23,498.23,498.23,0,0
ANR_MV,D,20210111,000000,514.19,514.19,491.17,498.84,0,0
ANR_MV,D,20210112,000000,500.38,504.98,492.7,498.84,0,0
ANR_MV,D,20210113,000000,500.38,500.38,486.56,497.31,0,0
ANR_MV,D,20210114,000000,483.49,486.87,468.14,475.9,0,0
ANR_MV,D,20210115,000000,481.65,489.63,475.9,478.12,0,0
ANR_MV,D,20210118,000000,475.82,475.82,452.8,457.48,0,0
ANR_MV,D,20210119,000000,457.4,457.4,437.45,442.82,0,0
ANR_MV,D,20210120,000000,437.45,440.52,432.92,437.45,0,0
ANR_MV,D,20210121,000000,438.83,460.32,438.83,449.11,0,0
ANR_MV,D,20210122,000000,455.87,457.4,443.59,456.33,0,0
ANR_MV,D,20210125,000000,460.32,465.07,445.2,448.04,0,0
ANR_MV,D,20210126,000000,460.16,460.16,445.35,452.95,0,0
ANR_MV,D,20210127,000000,460.32,468.14,435.14,438.98,0,0
ANR_MV,D,20210128,000000,463.54,463.54,435.91,451.57,0,0
ANR_MV,D,20210129,000000,451.57,455.94,431.31,438.98,0,0
ANR_MV,D,20210201,000000,437.45,442.82,434.15,438.98,0,0
ANR_MV,D,20210202,000000,445.12,445.12,437.45,438.98,0,0
ANR_MV,D,20210203,000000,438.98,443.59,437.45,437.6,0,0
ANR_MV,D,20210204,000000,437.6,463.23,437.6,448.96,0,0
ANR_MV,D,20210205,000000,458.94,458.94,448.96,458.78,0,0
ANR_MV,D,20210208,000000,458.94,465.15,457.4,465.15,0,0
ANR_MV,D,20210209,000000,482.88,511.12,482.88,511.12,0,0
ANR_MV,D,20210210,000000,528.01,551.03,524.17,551.03,0,0
ANR_MV,D,20210211,000000,554.1,599.07,552.56,578.66,0,0
ANR_MV,D,20210212,000000,578.66,595.54,563.15,567.91,0,0
ANR_MV,D,20210215,000000,595.46,595.46,567.91,574.05,0,0
ANR_MV,D,20210216,000000,574.05,574.05,561.77,561.77,0,0
ANR_MV,D,20210217,000000,567.91,567.91,555.63,555.63,0,0
ANR_MV,D,20210218,000000,561.77,561.77,543.35,545.04,0,0
ANR_MV,D,20210219,000000,557.17,557.17,544.89,555.63,0,0
ANR_MV,D,20210222,000000,572.52,572.52,557.17,565.61,0,0
ANR_MV,D,20210223,000000,567.91,567.91,557.17,564.84,0,0
ANR_MV,D,20210224,000000,564.92,564.92,528.39,536.91,0,0
ANR_MV,D,20210225,000000,537.22,537.22,521.87,528.7,0,0
ANR_MV,D,20210226,000000,512.66,573.72,504.98,573.72,0,0
ANR_MV,D,20210301,000000,584.46,584.46,568.22,579.3,0,0
ANR_MV,D,20210302,000000,589.27,592.02,579.3,587.9,0,0
ANR_MV,D,20210303,000000,593.06,610.07,587.9,597.52,0,0
ANR_MV,D,20210304,000000,599.07,605.09,599.07,602.85,0,0
ANR_MV,D,20210305,000000,602.85,602.85,596.92,601.65,0,0
ANR_MV,D,20210308,000000,603.37,603.37,591.34,593.06,0,0
ANR_MV,D,20210309,000000,593.06,593.06,567.27,568.99,0,0
ANR_MV,D,20210310,000000,572.43,572.43,562.03,568.04,0,0
ANR_MV,D,20210311,000000,568.13,568.13,562.54,564.69,0,0
ANR_MV,D,20210312,000000,563.83,571.57,562.11,563.83,0,0
ANR_MV,D,20210315,000000,567.27,575.87,567.27,570.71,0,0
ANR_MV,D,20210316,000000,571.4,571.4,562.11,567.27,0,0
ANR_MV,D,20210317,000000,567.27,571.4,552.23,563.83,0,0
ANR_MV,D,20210318,000000,564.69,564.78,557.9,562.11,0,0
ANR_MV,D,20210319,000000,567.27,586.18,567.27,584.46,0,0
ANR_MV,D,20210322,000000,584.46,594.43,584.46,590.82,0,0
ANR_MV,D,20210323,000000,592.88,592.88,575.87,589.62,0,0
ANR_MV,D,20210324,000000,591.34,591.34,567.61,572.43,0,0
ANR_MV,D,20210325,000000,572.51,583.51,569.16,569.16,0,0
ANR_MV,D,20210326,000000,568.99,577.58,568.99,577.58,0,0
ANR_MV,D,20210329,000000,571.14,578.1,568.99,577.58,0,0
ANR_MV,D,20210330,000000,577.58,584.55,569.85,581.02,0,0
ANR_MV,D,20210331,000000,584.46,584.46,569.33,581.02,0,0
ANR_MV,D,20210401,000000,581.02,581.02,570.71,580.76,0,0
ANR_MV,D,20210406,000000,584.46,584.46,575.95,584.46,0,0
ANR_MV,D,20210407,000000,604.23,611.96,599.24,602.51,0,0
ANR_MV,D,20210408,000000,608.53,618.67,608.53,610.85,0,0
ANR_MV,D,20210409,000000,610.25,610.25,601.65,603.37,0,0
ANR_MV,D,20210412,000000,611.96,624,611.96,618.84,0,0
ANR_MV,D,20210413,000000,611.1,620.56,608.53,608.53,0,0
ANR_MV,D,20210414,000000,610.25,615.4,601.65,602.51,0,0
ANR_MV,D,20210415,000000,601.65,610.25,601.65,608.53,0,0
ANR_MV,D,20210416,000000,604.57,605,595.89,602.34,0,0
ANR_MV,D,20210419,000000,604.74,605.78,577.24,595.81,0,0
ANR_MV,D,20210420,000000,592.88,593.06,586.18,587.04,0,0
ANR_MV,D,20210421,000000,586.18,586.18,572.43,586.01,0,0
ANR_MV,D,20210422,000000,577.58,601.56,577.58,593.06,0,0
ANR_MV,D,20210423,000000,584.46,606.81,584.46,603.37,0,0
ANR_MV,D,20210426,000000,608.53,608.53,590.65,601.74,0,0
ANR_MV,D,20210427,000000,604.14,608.35,593.06,601.48,0,0
ANR_MV,D,20210428,000000,601.65,601.65,587.04,595.63,0,0
ANR_MV,D,20210429,000000,601.65,601.65,587.04,591.34,0,0
ANR_MV,D,20210430,000000,589.62,593.06,589.62,591.34,0,0
ANR_MV,D,20210504,000000,590.48,590.48,581.11,587.9,0,0
ANR_MV,D,20210505,000000,587.9,589.53,584.46,587.04,0,0
ANR_MV,D,20210506,000000,579.3,582.23,550.25,550.25,0,0
ANR_MV,D,20210507,000000,550.34,560.05,550.34,558.68,0,0
ANR_MV,D,20210510,000000,560.39,561.25,544.92,556.18,0,0
ANR_MV,D,20210511,000000,556.01,558.68,551.8,558.68,0,0
ANR_MV,D,20210512,000000,554.38,554.38,544.92,546.64,0,0
ANR_MV,D,20210513,000000,550.08,550.08,537.19,541.49,0,0
ANR_MV,D,20210514,000000,536.33,546.64,536.33,538.05,0,0
ANR_MV,D,20210517,000000,527.13,539.77,527.13,538.05,0,0
ANR_MV,D,20210518,000000,538.05,541.49,536.41,538.05,0,0
ANR_MV,D,20210519,000000,541.49,542.77,532.03,532.89,0,0
ANR_MV,D,20210520,000000,532.89,547.07,532.89,543.03,0,0
ANR_MV,D,20210521,000000,546.56,550.08,544.92,550.08,0,0
ANR_MV,D,20210524,000000,550.08,556.96,550.08,556.96,0,0
ANR_MV,D,20210525,000000,558.68,564.18,558.68,562.11,0,0
ANR_MV,D,20210526,000000,562.11,564.18,550.08,550.08,0,0
ANR_MV,D,20210527,000000,566.5,567.27,550.08,559.36,0,0
ANR_MV,D,20210528,000000,558.85,567.27,558.68,558.68,0,0
ANR_MV,D,20210531,000000,565.55,570.71,561.51,561.51,0,0
ANR_MV,D,20210601,000000,559.53,572.43,546.99,548.36,0,0
ANR_MV,D,20210602,000000,550.08,558.68,545.01,558.68,0,0
ANR_MV,D,20210604,000000,558.68,561.25,556.1,560.39,0,0
ANR_MV,D,20210607,000000,550.08,568.9,532.89,559.45,0,0
ANR_MV,D,20210608,000000,543.2,567.1,543.2,565.72,0,0
ANR_MV,D,20210609,000000,566.24,566.24,546.64,562.97,0,0
ANR_MV,D,20210610,000000,562.89,562.89,553.78,553.78,0,0
ANR_MV,D,20210611,000000,550.08,550.08,541.49,550.08,0,0
ANR_MV,D,20210614,000000,550.08,565.55,544.92,549.99,0,0
ANR_MV,D,20210615,000000,556.96,556.96,545.61,545.95,0,0
ANR_MV,D,20210616,000000,546.64,546.64,529.45,532.89,0,0
ANR_MV,D,20210617,000000,541.49,541.49,519.14,529.37,0,0
ANR_MV,D,20210618,000000,529.45,529.45,519.14,527.73,0,0
ANR_MV,D,20210621,000000,527.73,527.73,519.14,524.3,0,0
ANR_MV,D,20210622,000000,531,541.66,524.47,541.49,0,0
ANR_MV,D,20210623,000000,541.49,550.08,541.49,550.08,0,0
ANR_MV,D,20210624,000000,550.08,550.08,526.01,538.05,0,0
ANR_MV,D,20210625,000000,526.01,546.64,526.01,538.05,0,0
ANR_MV,D,20210628,000000,541.49,541.49,532.89,534.61,0,0
ANR_MV,D,20210629,000000,534.61,541.49,532.89,541.49,0,0
ANR_MV,D,20210630,000000,534.61,541.49,534.61,540.63,0,0
ANR_MV,D,20210701,000000,540.63,550.08,538.05,547.5,0,0
ANR_MV,D,20210702,000000,548.36,553.52,544.06,550.08,0,0
ANR_MV,D,20210705,000000,550.08,574.15,550.08,574.15,0,0
ANR_MV,D,20210706,000000,575.01,575.01,563.83,567.27,0,0
ANR_MV,D,20210707,000000,567.27,567.27,558.68,565.55,0,0
ANR_MV,D,20210708,000000,567.27,573.29,565.55,568.13,0,0
ANR_MV,D,20210709,000000,566.41,570.71,550.08,562.97,0,0
ANR_MV,D,20210712,000000,563.83,563.83,560.39,562.11,0,0
ANR_MV,D,20210713,000000,563.83,563.83,551.8,558.68,0,0
ANR_MV,D,20210714,000000,555.24,562.97,544.92,560.39,0,0
ANR_MV,D,20210715,000000,563.83,563.83,550.94,562.11,0,0
ANR_MV,D,20210716,000000,563.83,563.83,562.11,562.11,0,0
ANR_MV,D,20210719,000000,553.52,557.82,543.2,551.8,0,0
ANR_MV,D,20210720,000000,543.2,552.66,543.2,551.8,0,0
ANR_MV,D,20210721,000000,551.8,551.8,543.2,546.64,0,0
ANR_MV,D,20210722,000000,543.2,553.52,543.2,548.36,0,0
ANR_MV,D,20210723,000000,548.36,548.36,541.49,544.06,0,0
ANR_MV,D,20210726,000000,546.64,548.36,541.49,548.36,0,0
ANR_MV,D,20210727,000000,548.36,551.8,543.2,551.8,0,0
ANR_MV,D,20210728,000000,551.8,553.52,546.64,550.08,0,0
ANR_MV,D,20210729,000000,551.8,564.69,544.06,562.11,0,0
ANR_MV,D,20210730,000000,568.13,579.3,568.13,578.44,0,0
ANR_MV,D,20210802,000000,581.88,581.88,573.29,575.01,0,0
ANR_MV,D,20210803,000000,575.87,582.74,572.43,574.15,0,0
ANR_MV,D,20210804,000000,574.15,586.18,574.15,581.02,0,0
ANR_MV,D,20210805,000000,581.02,582.74,579.3,581.88,0,0
ANR_MV,D,20210806,000000,588.76,593.91,583.6,593.91,0,0
ANR_MV,D,20210809,000000,599.07,622.28,599.07,620.56,0,0
ANR_MV,D,20210810,000000,621.42,634.31,621.42,631.73,0,0
ANR_MV,D,20210811,000000,635.17,653.22,635.17,653.22,0,0
ANR_MV,D,20210812,000000,654.94,666.97,620.56,648.06,0,0
ANR_MV,D,20210813,000000,648.06,651.5,636.03,645.48,0,0
ANR_MV,D,20210816,000000,653.22,658.38,644.63,648.06,0,0
ANR_MV,D,20210817,000000,659.24,659.24,648.06,648.92,0,0
ANR_MV,D,20210818,000000,649.78,653.22,636.89,644.63,0,0
ANR_MV,D,20210819,000000,644.63,644.63,637.75,641.19,0,0
ANR_MV,D,20210820,000000,638.61,638.61,636.03,637.75,0,0
ANR_MV,D,20210823,000000,636.03,644.63,636.03,636.89,0,0
ANR_MV,D,20210824,000000,638.61,644.63,638.61,642.91,0,0
ANR_MV,D,20210825,000000,643.77,646.34,641.19,644.63,0,0
ANR_MV,D,20210826,000000,644.63,644.63,642.05,642.05,0,0
ANR_MV,D,20210827,000000,641.19,644.63,637.75,637.75,0,0
ANR_MV,D,20210830,000000,636.03,644.63,636.03,643.77,0,0
ANR_MV,D,20210831,000000,648.06,648.06,641.19,644.63,0,0
ANR_MV,D,20210901,000000,644.63,648.06,643.77,645.48,0,0
ANR_MV,D,20210902,000000,644.63,648.06,637.75,642.91,0,0
ANR_MV,D,20210903,000000,641.19,648.06,637.75,644.63,0,0
ANR_MV,D,20210906,000000,645.48,645.48,636.89,639.47,0,0
ANR_MV,D,20210907,000000,649.78,649.78,629.15,636.03,0,0
ANR_MV,D,20210908,000000,637.75,637.75,624,629.15,0,0
ANR_MV,D,20210909,000000,635.17,635.17,622.28,630.87,0,0
ANR_MV,D,20210910,000000,627.44,630.87,624.86,627.44,0,0
ANR_MV,D,20210913,000000,588.76,617.12,588.76,612.82,0,0
ANR_MV,D,20210914,000000,607.67,607.67,591.34,605.09,0,0
ANR_MV,D,20210915,000000,601.65,603.37,594.77,598.21,0,0
ANR_MV,D,20210916,000000,596.49,599.93,582.74,589.62,0,0
ANR_MV,D,20210917,000000,587.04,609.39,584.46,596.49,0,0
ANR_MV,D,20210920,000000,609.39,609.39,580.16,581.02,0,0
ANR_MV,D,20210921,000000,579.3,594.77,575.87,586.18,0,0
ANR_MV,D,20210922,000000,604.23,608.53,597.35,608.53,0,0
ANR_MV,D,20210923,000000,615.4,615.4,586.18,601.65,0,0
ANR_MV,D,20210924,000000,601.65,609.39,589.62,601.65,0,0
ANR_MV,D,20210927,000000,588.76,605.09,588.76,592.2,0,0
ANR_MV,D,20210928,000000,591.34,591.34,587.9,587.9,0,0
ANR_MV,D,20210929,000000,585.32,587.9,585.32,587.04,0,0
ANR_MV,D,20210930,000000,598.21,601.65,586.18,599.07,0,0
ANR_MV,D,20211001,000000,589.62,600.79,587.9,600.79,0,0
ANR_MV,D,20211004,000000,604.23,617.12,604.23,613.68,0,0
ANR_MV,D,20211005,000000,617.12,617.12,599.07,615.4,0,0
ANR_MV,D,20211006,000000,624,632.59,602.51,610.25,0,0
ANR_MV,D,20211007,000000,610.25,618.84,601.65,610.25,0,0
ANR_MV,D,20211008,000000,618.84,624,605.95,617.12,0,0
ANR_MV,D,20211011,000000,617.12,623.14,616.26,618.84,0,0
ANR_MV,D,20211012,000000,618.84,622.28,606.81,606.81,0,0
ANR_MV,D,20211013,000000,610.25,622.28,601.65,609.39,0,0
ANR_MV,D,20211014,000000,611.96,617.12,605.09,609.39,0,0
ANR_MV,D,20211015,000000,614.54,614.54,601.65,605.09,0,0
ANR_MV,D,20211018,000000,605.09,605.09,595.63,599.93,0,0
ANR_MV,D,20211019,000000,610.25,610.25,599.07,599.07,0,0
ANR_MV,D,20211020,000000,599.93,599.93,582.74,589.62,0,0
ANR_MV,D,20211021,000000,589.62,589.62,566.41,589.62,0,0
ANR_MV,D,20211022,000000,574.15,593.91,574.15,593.91,0,0
ANR_MV,D,20211025,000000,598.21,618.84,598.21,618.84,0,0
ANR_MV,D,20211026,000000,618.84,622.28,611.1,618.84,0,0
ANR_MV,D,20211027,000000,620.56,620.56,601.65,605.09,0,0
ANR_MV,D,20211028,000000,598.21,614.54,584.46,614.54,0,0
ANR_MV,D,20211029,000000,613.68,616.26,598.21,601.65,0,0
ANR_MV,D,20211102,000000,609.39,609.39,593.06,601.65,0,0
ANR_MV,D,20211103,000000,600.79,600.79,581.88,598.21,0,0
ANR_MV,D,20211104,000000,590.48,600.79,590.48,593.06,0,0
ANR_MV,D,20211105,000000,586.18,599.07,586.18,595.63,0,0
ANR_MV,D,20211108,000000,601.65,606.2,595.63,606.2,0,0
ANR_MV,D,20211109,000000,603.6,605.34,575.85,593.2,0,0
ANR_MV,D,20211110,000000,589.73,593.2,587.13,588.86,0,0
ANR_MV,D,20211112,000000,589.73,598.4,577.59,577.59,0,0
ANR_MV,D,20211115,000000,575.85,594.06,575.85,577.59,0,0
ANR_MV,D,20211116,000000,584.52,605.34,584.52,599.27,0,0
ANR_MV,D,20211117,000000,605.34,605.34,588.86,603.6,0,0
ANR_MV,D,20211118,000000,603.6,603.6,582.79,598.4,0,0
ANR_MV,D,20211119,000000,593.2,599.27,578.45,594.06,0,0
ANR_MV,D,20211122,000000,579.32,581.05,572.38,581.05,0,0
ANR_MV,D,20211123,000000,577.59,578.45,572.38,574.98,0,0
ANR_MV,D,20211124,000000,574.12,579.32,572.38,574.98,0,0
ANR_MV,D,20211125,000000,580.19,580.19,571.51,572.38,0,0
ANR_MV,D,20211126,000000,563.71,572.38,541.16,572.38,0,0
ANR_MV,D,20211129,000000,557.64,558.51,539.43,553.3,0,0
ANR_MV,D,20211130,000000,552.44,584.52,534.22,572.38,0,0
ANR_MV,D,20211201,000000,572.38,594.93,569.78,593.2,0,0
ANR_MV,D,20211202,000000,594.93,594.93,574.12,580.19,0,0
ANR_MV,D,20211203,000000,589.73,589.73,574.98,585.39,0,0
ANR_MV,D,20211206,000000,586.26,586.26,560.24,579.32,0,0
ANR_MV,D,20211207,000000,579.32,579.32,565.44,574.98,0,0
ANR_MV,D,20211208,000000,581.05,586.26,567.18,586.26,0,0
ANR_MV,D,20211209,000000,584.52,584.52,572.38,579.32,0,0
ANR_MV,D,20211210,000000,572.38,585.39,572.38,585.39,0,0
ANR_MV,D,20211213,000000,586.26,586.26,570.65,580.19,0,0
ANR_MV,D,20211214,000000,572.38,572.38,563.71,566.31,0,0
ANR_MV,D,20211215,000000,566.31,569.78,551.57,568.91,0,0
ANR_MV,D,20211216,000000,567.18,567.18,555.9,559.37,0,0
ANR_MV,D,20211217,000000,565.44,565.44,547.23,554.17,0,0
ANR_MV,D,20211220,000000,546.36,546.36,538.56,541.16,0,0
ANR_MV,D,20211221,000000,540.29,541.16,529.02,535.96,0,0
ANR_MV,D,20211222,000000,546.36,546.36,534.22,542.9,0,0
ANR_MV,D,20211223,000000,540.29,541.16,520.35,532.49,0,0
ANR_MV,D,20211227,000000,529.02,529.02,516.88,520.35,0,0
ANR_MV,D,20211228,000000,520.35,529.02,516.88,516.88,0,0
ANR_MV,D,20211229,000000,520.35,555.04,516.88,555.04,0,0
ANR_MV,D,20211230,000000,546.36,551.57,539.43,539.43,0,0
ANR_MV,D,20220103,000000,539.43,575.85,539.43,572.38,0,0
ANR_MV,D,20220104,000000,572.38,572.38,555.9,569.78,0,0
ANR_MV,D,20220105,000000,579.32,588.86,579.32,582.79,0,0
ANR_MV,D,20220107,000000,597.53,597.53,572.38,577.59,0,0
ANR_MV,D,20220110,000000,585.39,589.73,578.45,588.86,0,0
ANR_MV,D,20220111,000000,588.86,594.93,587.13,594.06,0,0
ANR_MV,D,20220112,000000,596.66,596.66,583.66,587.99,0,0
ANR_MV,D,20220113,000000,587.99,589.73,583.66,587.99,0,0
ANR_MV,D,20220114,000000,586.26,589.73,582.79,589.73,0,0
ANR_MV,D,20220117,000000,589.73,607.07,589.73,605.34,0,0
ANR_MV,D,20220118,000000,605.34,612.28,590.59,594.06,0,0
ANR_MV,D,20220119,000000,591.46,591.46,577.59,587.99,0,0
ANR_MV,D,20220120,000000,588.86,589.73,572.38,580.19,0,0
ANR_MV,D,20220121,000000,581.05,581.05,559.37,560.24,0,0
ANR_MV,D,20220124,000000,564.58,565.44,520.35,522.08,0,0
ANR_MV,D,20220125,000000,522.08,555.04,522.08,546.36,0,0
ANR_MV,D,20220126,000000,553.3,553.3,547.23,552.44,0,0
ANR_MV,D,20220127,000000,552.44,552.44,544.63,548.1,0,0
ANR_MV,D,20220128,000000,551.57,551.57,522.08,529.02,0,0
ANR_MV,D,20220131,000000,537.69,545.5,520.35,524.68,0,0
ANR_MV,D,20220201,000000,527.29,528.15,522.08,528.15,0,0
ANR_MV,D,20220202,000000,532.49,554.17,532.49,549.83,0,0
ANR_MV,D,20220203,000000,549.83,567.18,546.36,546.36,0,0
ANR_MV,D,20220204,000000,546.36,548.1,543.76,543.76,0,0
ANR_MV,D,20220207,000000,547.23,547.23,537.69,543.76,0,0
ANR_MV,D,20220208,000000,543.76,546.36,522.08,537.69,0,0
ANR_MV,D,20220209,000000,537.69,537.69,524.68,534.22,0,0
ANR_MV,D,20220210,000000,535.96,544.63,534.22,542.03,0,0
ANR_MV,D,20220211,000000,544.63,555.04,534.22,551.57,0,0
ANR_MV,D,20220214,000000,547.23,547.23,523.82,535.09,0,0
ANR_MV,D,20220215,000000,535.09,537.69,529.02,535.09,0,0
ANR_MV,D,20220216,000000,535.09,535.09,529.02,534.22,0,0
ANR_MV,D,20220217,000000,530.75,530.75,513.41,513.41,0,0
ANR_MV,D,20220218,000000,513.41,541.16,503,503,0,0
ANR_MV,D,20220221,000000,497.8,511.67,489.99,501.27,0,0
ANR_MV,D,20220222,000000,489.13,503,479.59,503,0,0
ANR_MV,D,20220223,000000,504.74,504.74,476.98,485.66,0,0
ANR_MV,D,20220224,000000,417.14,459.64,414.54,416.28,0,0
ANR_MV,D,20220225,000000,416.28,458.77,405.87,454.44,0,0
ANR_MV,D,20220228,000000,446.63,460.51,418.88,450.97,0,0
ANR_MV,D,20220301,000000,460.51,460.51,434.49,447.5,0,0
ANR_MV,D,20220302,000000,442.3,447.5,424.95,442.3,0,0
ANR_MV,D,20220303,000000,422.35,442.3,422.35,440.56,0,0
ANR_MV,D,20220304,000000,444.03,444.03,418.88,423.22,0,0
ANR_MV,D,20220307,000000,419.75,419.75,389.39,398.93,0,0
ANR_MV,D,20220308,000000,405.87,405.87,391.13,396.33,0,0
ANR_MV,D,20220309,000000,402.4,409.34,390.26,402.4,0,0
ANR_MV,D,20220310,000000,406.74,424.08,406.74,414.54,0,0
ANR_MV,D,20220311,000000,424.95,424.95,411.94,418.88,0,0
ANR_MV,D,20220314,000000,418.88,418.88,404.14,409.34,0,0
ANR_MV,D,20220315,000000,409.34,410.21,398.93,410.21,0,0
ANR_MV,D,20220316,000000,421.48,421.48,402.4,418.01,0,0
ANR_MV,D,20220317,000000,424.95,444.9,418.01,439.69,0,0
ANR_MV,D,20220318,000000,449.23,449.23,437.96,440.56,0,0
ANR_MV,D,20220321,000000,450.1,458.77,448.37,448.37,0,0
ANR_MV,D,20220322,000000,459.64,459.64,444.9,448.37,0,0
ANR_MV,D,20220323,000000,455.3,455.3,437.09,440.56,0,0
ANR_MV,D,20220324,000000,449.23,449.23,438.83,440.56,0,0
ANR_MV,D,20220325,000000,444.03,452.7,440.56,442.3,0,0
ANR_MV,D,20220328,000000,459.64,459.64,449.23,450.97,0,0
ANR_MV,D,20220329,000000,476.98,476.98,450.1,457.91,0,0
ANR_MV,D,20220330,000000,457.91,457.91,442.3,450.97,0,0
ANR_MV,D,20220331,000000,456.17,465.71,456.17,459.64,0,0
ANR_MV,D,20220401,000000,463.11,465.71,454.44,465.71,0,0
ANR_MV,D,20220404,000000,465.71,465.71,453.57,459.64,0,0
ANR_MV,D,20220405,000000,457.91,457.91,448.37,450.1,0,0
ANR_MV,D,20220406,000000,461.37,461.37,446.63,448.37,0,0
ANR_MV,D,20220407,000000,450.97,450.97,435.36,450.1,0,0
ANR_MV,D,20220408,000000,450.97,450.97,436.22,450.97,0,0
ANR_MV,D,20220411,000000,450.97,458.77,445.76,445.76,0,0
ANR_MV,D,20220412,000000,458.77,464.84,445.76,459.64,0,0
ANR_MV,D,20220413,000000,460.51,460.51,450.97,456.17,0,0
ANR_MV,D,20220414,000000,457.91,457.91,426.68,445.76,0,0
ANR_MV,D,20220419,000000,445.76,455.3,440.56,447.5,0,0
ANR_MV,D,20220420,000000,450.97,454.44,447.5,448.37,0,0
ANR_MV,D,20220421,000000,450.97,450.97,443.16,443.16,0,0
ANR_MV,D,20220422,000000,450.1,450.1,428.42,442.3,0,0
ANR_MV,D,20220425,000000,433.62,435.36,428.42,435.36,0,0
ANR_MV,D,20220426,000000,435.36,442.3,435.36,437.09,0,0
ANR_MV,D,20220427,000000,431.89,437.09,420.61,426.68,0,0
ANR_MV,D,20220428,000000,432.76,432.76,416.28,424.95,0,0
ANR_MV,D,20220429,000000,417.14,424.95,407.61,414.54,0,0
ANR_MV,D,20220502,000000,419.75,419.75,409.34,409.34,0,0
ANR_MV,D,20220504,000000,405.87,426.68,405,426.68,0,0
ANR_MV,D,20220505,000000,427.55,450.1,420.61,433.62,0,0
ANR_MV,D,20220506,000000,433.62,433.62,398.93,408.47,0,0
ANR_MV,D,20220509,000000,414.54,414.54,387.66,387.66,0,0
ANR_MV,D,20220510,000000,393.73,405.87,388.53,398.93,0,0
ANR_MV,D,20220511,000000,406.74,406.74,385.92,391.99,0,0
ANR_MV,D,20220512,000000,391.13,391.13,381.59,385.92,0,0
ANR_MV,D,20220513,000000,390.26,398.93,390.26,398.93,0,0
ANR_MV,D,20220516,000000,408.47,408.47,393.73,403.27,0,0
ANR_MV,D,20220517,000000,421.48,421.48,406.74,413.68,0,0
ANR_MV,D,20220518,000000,423.22,423.22,415.41,415.41,0,0
ANR_MV,D,20220519,000000,376.38,376.38,348.63,348.63,0,0
ANR_MV,D,20220520,000000,359.04,359.04,348.63,358.17,0,0
ANR_MV,D,20220523,000000,362.51,362.51,341.69,343.43,0,0
ANR_MV,D,20220524,000000,344.82,344.82,327.47,334.06,0,0
ANR_MV,D,20220525,000000,334.06,335.45,330.94,335.45,0,0
ANR_MV,D,20220526,000000,333.37,335.45,329.9,335.45,0,0
ANR_MV,D,20220527,000000,338.23,343.43,334.76,343.43,0,0
ANR_MV,D,20220530,000000,345.16,345.16,334.76,341.35,0,0
ANR_MV,D,20220531,000000,336.84,349.5,336.49,349.5,0,0
ANR_MV,D,20220601,000000,351.23,352.1,343.43,346.2,0,0
ANR_MV,D,20220602,000000,346.2,346.2,343.43,346.2,0,0
ANR_MV,D,20220603,000000,344.12,348.63,342.04,348.63,0,0
ANR_MV,D,20220606,000000,350.37,351.23,343.78,346.9,0,0
ANR_MV,D,20220607,000000,345.86,347.77,345.86,346.9,0,0
ANR_MV,D,20220608,000000,347.77,347.77,338.23,342.04,0,0
ANR_MV,D,20220609,000000,346.2,346.2,324.35,329.55,0,0
ANR_MV,D,20220610,000000,331.29,331.29,325.04,327.12,0,0
ANR_MV,D,20220613,000000,327.82,327.82,302.5,302.5,0,0
ANR_MV,D,20220614,000000,303.54,305.27,277.52,278.56,0,0
ANR_MV,D,20220615,000000,284.46,299.72,282.72,296.6,0,0
ANR_MV,D,20220617,000000,299.37,302.84,283.07,283.07,0,0
ANR_MV,D,20220620,000000,294.86,294.86,286.19,294.17,0,0
ANR_MV,D,20220621,000000,297.29,302.84,292.09,292.09,0,0
ANR_MV,D,20220622,000000,294.52,294.86,279.25,292.09,0,0
ANR_MV,D,20220623,000000,292.09,302.5,292.09,297.99,0,0
ANR_MV,D,20220624,000000,301.45,301.45,289.66,289.66,0,0
ANR_MV,D,20220627,000000,297.64,297.64,286.19,288.62,0,0
ANR_MV,D,20220628,000000,296.94,296.94,284.8,284.8,0,0
ANR_MV,D,20220629,000000,284.8,284.8,277.52,284.11,0,0
ANR_MV,D,20220630,000000,284.11,284.11,275.78,277.52,0,0
ANR_MV,D,20220701,000000,279.25,291.74,279.25,283.07,0,0
ANR_MV,D,20220704,000000,285.84,290.35,285.15,286.19,0,0
ANR_MV,D,20220705,000000,293.48,300.07,287.93,294.86,0,0
ANR_MV,D,20220706,000000,306.66,331.29,306.66,330.59,0,0
ANR_MV,D,20220707,000000,336.49,336.49,324.35,326.08,0,0
ANR_MV,D,20220708,000000,329.55,329.55,312.21,326.43,0,0
ANR_MV,D,20220711,000000,327.82,343.43,327.82,330.94,0,0
ANR_MV,D,20220712,000000,331.29,331.29,324.35,324.35,0,0
ANR_MV,D,20220713,000000,331.29,331.29,312.56,312.56,0,0
ANR_MV,D,20220714,000000,312.56,318.11,307.7,309.09,0,0
ANR_MV,D,20220715,000000,312.21,320.88,307.7,320.88,0,0
ANR_MV,D,20220718,000000,319.15,319.15,303.88,319.15,0,0
ANR_MV,D,20220719,000000,319.15,319.15,305.27,316.72,0,0
ANR_MV,D,20220720,000000,316.37,316.72,311.86,314.29,0,0
ANR_MV,D,20220721,000000,312.21,320.53,312.21,320.53,0,0
ANR_MV,D,20220722,000000,320.88,320.88,312.21,320.53,0,0
ANR_MV,D,20220725,000000,322.62,322.62,317.41,319.15,0,0
ANR_MV,D,20220726,000000,319.15,320.53,315.68,320.53,0,0
ANR_MV,D,20220727,000000,319.15,319.15,309.09,314.29,0,0
ANR_MV,D,20220728,000000,314.64,318.11,314.64,317.41,0,0
ANR_MV,D,20220729,000000,317.76,319.15,317.41,319.15,0,0
ANR_MV,D,20220801,000000,318.11,320.88,317.06,320.19,0,0
ANR_MV,D,20220802,000000,320.88,321.92,317.41,318.11,0,0
ANR_MV,D,20220803,000000,320.88,320.88,313.6,313.94,0,0
ANR_MV,D,20220804,000000,317.41,324.35,316.37,322.62,0,0
ANR_MV,D,20220805,000000,320.53,320.88,315.68,315.68,0,0
ANR_MV,D,20220808,000000,319.15,328.51,316.02,316.02,0,0
ANR_MV,D,20220809,000000,317.41,327.82,314.64,317.06,0,0
ANR_MV,D,20220810,000000,320.88,320.88,317.06,317.41,0,0
ANR_MV,D,20220811,000000,319.15,319.15,316.72,319.15,0,0
ANR_MV,D,20220812,000000,319.15,319.15,316.02,316.02,0,0
ANR_MV,D,20220816,000000,319.15,319.15,315.33,315.68,0,0
ANR_MV,D,20220817,000000,315.68,327.12,315.68,319.84,0,0
ANR_MV,D,20220818,000000,320.53,340.65,320.53,327.82,0,0
ANR_MV,D,20220819,000000,327.82,327.82,320.88,321.57,0,0
ANR_MV,D,20220822,000000,317.41,321.92,309.78,312.21,0,0
ANR_MV,D,20220823,000000,308.74,312.21,300.07,303.54,0,0
ANR_MV,D,20220824,000000,303.54,308.05,300.41,303.88,0,0
ANR_MV,D,20220825,000000,303.88,303.88,294.86,303.19,0,0
ANR_MV,D,20220826,000000,300.07,303.19,297.29,302.15,0,0
ANR_MV,D,20220829,000000,301.45,301.45,293.48,294.86,0,0
ANR_MV,D,20220830,000000,299.37,303.19,282.03,294.52,0,0
ANR_MV,D,20220831,000000,286.19,295.56,286.19,290.01,0,0
ANR_MV,D,20220901,000000,296.25,301.8,290.01,301.8,0,0
ANR_MV,D,20220902,000000,300.07,310.47,297.29,310.47,0,0
ANR_MV,D,20220905,000000,312.21,312.21,301.45,310.47,0,0
ANR_MV,D,20220906,000000,310.13,310.47,302.84,302.84,0,0
ANR_MV,D,20220907,000000,307,307.7,303.88,307,0,0
ANR_MV,D,20220908,000000,308.74,310.47,305.62,307,0,0
ANR_MV,D,20220909,000000,311.17,315.33,308.74,313.6,0,0
ANR_MV,D,20220912,000000,317.06,335.8,312.56,333.02,0,0
ANR_MV,D,20220913,000000,346.9,346.9,327.82,327.82,0,0
ANR_MV,D,20220914,000000,332.33,343.43,317.41,321.23,0,0
ANR_MV,D,20220915,000000,327.47,327.47,319.49,321.23,0,0
ANR_MV,D,20220916,000000,319.49,322.96,318.45,319.15,0,0
ANR_MV,D,20220919,000000,322.27,322.27,309.09,317.41,0,0
ANR_MV,D,20220920,000000,317.41,317.41,305.27,308.74,0,0
ANR_MV,D,20220921,000000,307.7,314.98,307,312.21,0,0
ANR_MV,D,20220922,000000,308.74,318.8,308.74,316.37,0,0
ANR_MV,D,20220923,000000,319.15,319.15,307.35,311.86,0,0
ANR_MV,D,20220926,000000,310.47,310.47,294.86,306.66,0,0
ANR_MV,D,20220927,000000,310.13,310.13,301.8,307.7,0,0
ANR_MV,D,20220928,000000,306.66,306.66,296.6,305.27,0,0
ANR_MV,D,20220929,000000,305.27,306.31,297.99,303.54,0,0
ANR_MV,D,20220930,000000,305.27,305.27,295.21,305.27,0,0
ANR_MV,D,20221003,000000,304.58,324,303.54,320.88,0,0
ANR_MV,D,20221004,000000,320.88,324.35,313.94,322.96,0,0
ANR_MV,D,20221005,000000,322.96,322.96,312.56,319.49,0,0
ANR_MV,D,20221006,000000,327.82,343.43,327.82,340.65,0,0
ANR_MV,D,20221007,000000,339.96,357.31,335.45,346.9,0,0
ANR_MV,D,20221010,000000,346.9,346.9,335.45,344.82,0,0
ANR_MV,D,20221011,000000,346.2,346.2,334.76,341.69,0,0
ANR_MV,D,20221012,000000,341.69,345.16,335.45,340.31,0,0
ANR_MV,D,20221013,000000,340.65,348.63,340.65,341.35,0,0
ANR_MV,D,20221014,000000,337.53,349.88,337.53,349.88,0,0
ANR_MV,D,20221017,000000,351.63,353.38,342.88,349.88,0,0
ANR_MV,D,20221018,000000,351.63,351.63,344.28,349.88,0,0
ANR_MV,D,20221019,000000,349.18,349.18,341.83,341.83,0,0
ANR_MV,D,20221020,000000,341.83,348.83,341.48,348.83,0,0
ANR_MV,D,20221021,000000,348.83,348.83,342.18,344.63,0,0
ANR_MV,D,20221024,000000,347.78,347.78,337.64,346.38,0,0
ANR_MV,D,20221025,000000,347.78,347.78,342.53,344.28,0,0
ANR_MV,D,20221026,000000,344.63,344.63,339.73,344.28,0,0
ANR_MV,D,20221027,000000,338.68,344.28,335.89,339.38,0,0
ANR_MV,D,20221028,000000,336.94,346.38,336.94,344.63,0,0
ANR_MV,D,20221031,000000,344.63,344.63,342.88,343.93,0,0
ANR_MV,D,20221102,000000,342.88,366.5,341.13,366.5,0,0
ANR_MV,D,20221103,000000,366.5,376.12,359.5,372.62,0,0
ANR_MV,D,20221104,000000,368.25,375.25,363.88,372.62,0,0
ANR_MV,D,20221107,000000,373.5,389.24,373.5,378.75,0,0
ANR_MV,D,20221108,000000,376.12,387.49,375.25,387.49,0,0
ANR_MV,D,20221109,000000,391.87,394.49,380.5,384.87,0,0
ANR_MV,D,20221110,000000,380.5,393.62,379.62,383.12,0,0
ANR_MV,D,20221114,000000,384.87,397.12,383.12,397.12,0,0
ANR_MV,D,20221115,000000,397.99,409.36,391.87,409.36,0,0
ANR_MV,D,20221116,000000,402.36,419.86,402.36,418.98,0,0
ANR_MV,D,20221117,000000,419.86,419.86,411.98,417.23,0,0
ANR_MV,D,20221118,000000,402.36,413.73,390.12,407.61,0,0
ANR_MV,D,20221121,000000,418.11,418.11,407.61,410.24,0,0
ANR_MV,D,20221122,000000,416.36,416.36,404.99,411.11,0,0
ANR_MV,D,20221123,000000,414.61,414.61,400.61,400.61,0,0
ANR_MV,D,20221124,000000,398.86,401.49,396.24,398.86,0,0
ANR_MV,D,20221125,000000,404.99,404.99,390.12,399.74,0,0
ANR_MV,D,20221128,000000,399.74,414.61,398.86,400.61,0,0
ANR_MV,D,20221129,000000,400.61,404.11,399.74,404.11,0,0
ANR_MV,D,20221130,000000,400.61,406.74,400.61,405.86,0,0
ANR_MV,D,20221201,000000,405.86,413.73,404.11,404.11,0,0
ANR_MV,D,20221202,000000,413.73,413.73,403.24,412.86,0,0
ANR_MV,D,20221205,000000,408.49,422.48,407.61,418.98,0,0
ANR_MV,D,20221206,000000,418.98,421.61,412.86,418.98,0,0
ANR_MV,D,20221207,000000,416.36,419.86,414.61,419.86,0,0
ANR_MV,D,20221208,000000,419.86,419.86,412.86,419.86,0,0
ANR_MV,D,20221209,000000,420.73,420.73,412.86,417.23,0,0
ANR_MV,D,20221212,000000,418.11,420.73,416.36,418.11,0,0
ANR_MV,D,20221213,000000,421.61,422.48,409.36,421.61,0,0
ANR_MV,D,20221214,000000,420.73,427.73,418.98,419.86,0,0
ANR_MV,D,20221215,000000,419.86,419.86,411.98,416.36,0,0
ANR_MV,D,20221216,000000,416.36,416.36,410.24,413.73,0,0
ANR_MV,D,20221219,000000,414.61,421.61,414.61,421.61,0,0
ANR_MV,D,20221220,000000,416.36,449.6,416.36,445.22,0,0
ANR_MV,D,20221221,000000,454.85,463.59,445.22,459.22,0,0
ANR_MV,D,20221222,000000,460.09,463.59,453.1,455.72,0,0
ANR_MV,D,20221223,000000,455.72,481.96,455.72,479.34,0,0
ANR_MV,D,20221227,000000,461.84,467.97,458.34,461.84,0,0
ANR_MV,D,20221228,000000,465.34,465.34,449.6,452.22,0,0
ANR_MV,D,20221229,000000,474.96,479.34,452.22,465.34,0,0
ANR_MV,D,20221230,000000,467.09,479.34,467.09,467.97,0,0
ANR_MV,D,20230102,000000,474.96,477.59,461.84,472.34,0,0
ANR_MV,D,20230103,000000,478.46,479.34,465.34,470.59,0,0
ANR_MV,D,20230104,000000,470.59,476.71,470.59,475.84,0,0
ANR_MV,D,20230105,000000,477.59,498.58,477.59,496.83,0,0
ANR_MV,D,20230109,000000,498.58,505.58,496.83,496.83,0,0
ANR_MV,D,20230110,000000,498.58,498.58,482.84,492.46,0,0
ANR_MV,D,20230111,000000,493.33,498.58,482.84,484.59,0,0
ANR_MV,D,20230112,000000,484.59,496.83,481.96,489.83,0,0
ANR_MV,D,20230113,000000,483.71,497.71,481.96,483.71,0,0
ANR_MV,D,20230116,000000,489.83,489.83,473.21,484.59,0,0
ANR_MV,D,20230117,000000,494.21,495.08,485.46,493.33,0,0
ANR_MV,D,20230118,000000,493.33,522.2,493.33,517.82,0,0
ANR_MV,D,20230119,000000,517.82,520.45,499.46,507.33,0,0
ANR_MV,D,20230120,000000,507.33,517.82,507.33,511.7,0,0
ANR_MV,D,20230123,000000,515.2,524.82,509.08,520.45,0,0
ANR_MV,D,20230124,000000,517.82,531.82,507.33,516.07,0,0
ANR_MV,D,20230125,000000,516.07,518.7,507.33,513.45,0,0
ANR_MV,D,20230126,000000,509.08,517.82,507.33,512.58,0,0
ANR_MV,D,20230127,000000,512.58,522.2,512.58,513.45,0,0
ANR_MV,D,20230130,000000,513.45,523.07,513.45,521.32,0,0
ANR_MV,D,20230131,000000,523.07,524.82,508.2,509.08,0,0
ANR_MV,D,20230201,000000,509.08,520.45,507.33,507.33,0,0
ANR_MV,D,20230202,000000,512.58,520.45,501.2,505.58,0,0
ANR_MV,D,20230203,000000,507.33,509.95,486.33,503.83,0,0
ANR_MV,D,20230206,000000,489.83,503.83,481.09,489.83,0,0
ANR_MV,D,20230207,000000,492.46,497.71,490.71,496.83,0,0
ANR_MV,D,20230208,000000,497.71,508.2,497.71,505.58,0,0
ANR_MV,D,20230209,000000,501.2,511.7,498.58,509.95,0,0
ANR_MV,D,20230210,000000,516.07,523.95,501.2,501.2,0,0
ANR_MV,D,20230213,000000,508.2,523.95,477.59,507.33,0,0
ANR_MV,D,20230214,000000,507.33,509.08,495.96,507.33,0,0
ANR_MV,D,20230215,000000,511.7,511.7,496.83,507.33,0,0
ANR_MV,D,20230216,000000,505.58,507.33,495.08,503.83,0,0
ANR_MV,D,20230217,000000,503.83,503.83,489.83,496.83,0,0
ANR_MV,D,20230220,000000,496.83,500.33,489.83,499.46,0,0
ANR_MV,D,20230221,000000,489.83,495.08,484.59,495.08,0,0
ANR_MV,D,20230222,000000,495.96,495.96,472.34,481.96,0,0
ANR_MV,D,20230223,000000,476.71,486.33,476.71,481.96,0,0
ANR_MV,D,20230224,000000,482.84,495.08,476.71,486.33,0,0
ANR_MV,D,20230227,000000,496.83,499.46,478.46,499.46,0,0
ANR_MV,D,20230228,000000,498.58,498.58,484.59,484.59,0,0
ANR_MV,D,20230301,000000,481.96,496.83,474.96,482.84,0,0
ANR_MV,D,20230302,000000,475.84,487.21,475.84,481.96,0,0
ANR_MV,D,20230303,000000,481.96,481.96,479.34,481.09,0,0
ANR_MV,D,20230306,000000,481.09,489.83,477.59,481.96,0,0
ANR_MV,D,20230307,000000,482.84,488.96,480.21,485.46,0,0
ANR_MV,D,20230308,000000,485.46,489.83,479.34,489.83,0,0
ANR_MV,D,20230309,000000,489.83,495.08,480.21,480.21,0,0
ANR_MV,D,20230310,000000,481.09,494.21,480.21,492.46,0,0
ANR_MV,D,20230313,000000,481.09,488.96,477.59,488.08,0,0
ANR_MV,D,20230314,000000,481.09,505.58,479.34,505.58,0,0
ANR_MV,D,20230315,000000,505.58,505.58,483.71,483.71,0,0
ANR_MV,D,20230316,000000,482.84,488.08,475.84,488.08,0,0
ANR_MV,D,20230317,000000,488.08,498.58,486.33,498.58,0,0
ANR_MV,D,20230320,000000,490.71,505.58,490.71,505.58,0,0
ANR_MV,D,20230321,000000,516.95,517.82,498.58,514.33,0,0
ANR_MV,D,20230322,000000,514.33,514.33,503.83,507.33,0,0
ANR_MV,D,20230323,000000,507.33,507.33,503.83,503.83,0,0
ANR_MV,D,20230324,000000,503.83,509.08,503.83,507.33,0,0
ANR_MV,D,20230327,000000,507.33,524.82,507.33,523.95,0,0
ANR_MV,D,20230328,000000,524.82,546.69,524.82,542.32,0,0
ANR_MV,D,20230329,000000,544.07,557.19,539.69,550.19,0,0
ANR_MV,D,20230330,000000,551.06,551.06,517.82,536.19,0,0
ANR_MV,D,20230331,000000,531.82,537.94,527.45,531.82,0,0
ANR_MV,D,20230403,000000,531.82,559.81,526.57,558.94,0,0
ANR_MV,D,20230404,000000,559.81,586.05,558.06,586.05,0,0
ANR_MV,D,20230405,000000,593.92,619.29,587.8,615.79,0,0
ANR_MV,D,20230406,000000,617.54,624.54,605.29,611.42,0,0
ANR_MV,D,20230411,000000,611.42,611.42,586.05,602.67,0,0
ANR_MV,D,20230412,000000,605.29,609.67,586.05,594.8,0,0
ANR_MV,D,20230413,000000,589.55,597.42,586.93,593.05,0,0
ANR_MV,D,20230414,000000,593.05,593.92,579.93,593.05,0,0
ANR_MV,D,20230417,000000,598.3,599.17,586.93,593.92,0,0
ANR_MV,D,20230418,000000,594.8,598.3,584.3,592.17,0,0
ANR_MV,D,20230419,000000,591.3,608.79,586.05,607.92,0,0
ANR_MV,D,20230420,000000,593.05,626.29,593.05,621.04,0,0
ANR_MV,D,20230421,000000,612.29,621.04,607.04,621.04,0,0
ANR_MV,D,20230424,000000,612.29,647.28,612.29,621.04,0,0
ANR_MV,D,20230425,000000,621.04,624.54,601.8,612.29,0,0
ANR_MV,D,20230426,000000,601.8,621.04,596.55,598.3,0,0
ANR_MV,D,20230427,000000,596.55,619.29,580.8,608.79,0,0
ANR_MV,D,20230428,000000,608.79,622.79,607.04,621.04,0,0
ANR_MV,D,20230502,000000,621.04,621.04,601.8,607.04,0,0
ANR_MV,D,20230504,000000,607.04,615.79,607.04,610.54,0,0
ANR_MV,D,20230505,000000,610.54,610.54,596.55,600.05,0,0
ANR_MV,D,20230508,000000,603.54,633.28,603.54,612.29,0,0
ANR_MV,D,20230509,000000,612.29,640.28,612.29,626.29,0,0
ANR_MV,D,20230510,000000,633.28,636.78,621.04,621.04,0,0
ANR_MV,D,20230511,000000,621.04,636.78,621.04,633.28,0,0
ANR_MV,D,20230512,000000,628.04,631.54,610.54,619.29,0,0
ANR_MV,D,20230515,000000,622.79,629.79,619.29,622.79,0,0
ANR_MV,D,20230516,000000,622.79,626.29,622.79,626.29,0,0
ANR_MV,D,20230517,000000,624.54,629.79,621.04,621.04,0,0
ANR_MV,D,20230518,000000,622.79,638.53,622.79,628.04,0,0
ANR_MV,D,20230519,000000,633.28,645.53,629.79,645.53,0,0
ANR_MV,D,20230522,000000,647.28,652.53,645.53,649.03,0,0
ANR_MV,D,20230523,000000,649.03,657.78,645.53,649.03,0,0
ANR_MV,D,20230524,000000,645.53,645.53,601.8,626.29,0,0
ANR_MV,D,20230525,000000,612.29,657.78,612.29,652.53,0,0
ANR_MV,D,20230526,000000,654.28,656.03,647.28,649.03,0,0
ANR_MV,D,20230529,000000,647.28,656.03,647.28,650.78,0,0
ANR_MV,D,20230530,000000,647.28,656.03,647.28,654.28,0,0
ANR_MV,D,20230531,000000,649.03,649.03,633.28,633.28,0,0
ANR_MV,D,20230601,000000,640.28,640.28,591.3,594.8,0,0
ANR_MV,D,20230602,000000,603.54,624.54,596.55,605.29,0,0
ANR_MV,D,20230605,000000,624.54,624.54,601.8,607.04,0,0
ANR_MV,D,20230606,000000,610.54,612.29,589.55,593.05,0,0
ANR_MV,D,20230607,000000,596.55,612.29,596.55,600.05,0,0
ANR_MV,D,20230609,000000,605.29,607.04,600.05,603.54,0,0
ANR_MV,D,20230612,000000,603.54,607.04,601.8,607.04,0,0
ANR_MV,D,20230613,000000,605.29,612.29,603.54,605.29,0,0
ANR_MV,D,20230614,000000,605.29,612.29,600.05,612.05,0,0
ANR_MV,D,20230615,000000,612.05,624.54,612.05,615.62,0,0
ANR_MV,D,20230616,000000,615.62,620.97,612.05,613.84,0,0
ANR_MV,D,20230619,000000,613.84,624.54,612.05,624.54,0,0
ANR_MV,D,20230620,000000,624.54,624.54,613.84,622.76,0,0
ANR_MV,D,20230621,000000,612.05,620.97,612.05,620.97,0,0
ANR_MV,D,20230622,000000,617.4,619.19,613.84,617.4,0,0
ANR_MV,D,20230623,000000,617.4,617.4,603.13,604.91,0,0
ANR_MV,D,20230626,000000,604.91,604.91,567.44,571.01,0,0
ANR_MV,D,20230627,000000,567.44,567.44,553.17,562.09,0,0
ANR_MV,D,20230628,000000,563.87,583.5,563.87,571.01,0,0
ANR_MV,D,20230629,000000,572.79,588.85,571.01,588.85,0,0
ANR_MV,D,20230630,000000,576.36,590.64,576.36,590.64,0,0
ANR_MV,D,20230703,000000,588.85,595.99,588.85,594.21,0,0
ANR_MV,D,20230704,000000,595.99,629.9,595.99,622.76,0,0
ANR_MV,D,20230705,000000,620.97,631.68,613.84,622.76,0,0
ANR_MV,D,20230706,000000,635.25,663.8,635.25,653.09,0,0
ANR_MV,D,20230707,000000,660.23,660.23,649.52,656.66,0,0
ANR_MV,D,20230710,000000,658.45,660.23,629.9,635.25,0,0
ANR_MV,D,20230711,000000,642.39,644.17,637.03,644.17,0,0
ANR_MV,D,20230712,000000,644.17,651.31,640.6,649.52,0,0
ANR_MV,D,20230713,000000,645.95,658.45,640.6,658.45,0,0
ANR_MV,D,20230714,000000,658.45,658.45,642.39,656.66,0,0
ANR_MV,D,20230717,000000,658.45,658.45,644.17,645.95,0,0
ANR_MV,D,20230718,000000,644.17,654.88,644.17,651.31,0,0
ANR_MV,D,20230719,000000,651.31,658.45,651.31,653.09,0,0
ANR_MV,D,20230720,000000,654.88,681.64,653.09,676.29,0,0
ANR_MV,D,20230721,000000,674.51,676.29,665.58,674.51,0,0
ANR_MV,D,20230724,000000,669.15,685.08,669.15,685.08,0,0
ANR_MV,D,20230725,000000,690.48,690.48,652.72,665.3,0,0
ANR_MV,D,20230726,000000,668.9,668.9,659.91,659.91,0,0
ANR_MV,D,20230727,000000,663.5,665.3,656.31,663.5,0,0
ANR_MV,D,20230728,000000,658.11,658.11,640.13,645.52,0,0
ANR_MV,D,20230731,000000,645.52,658.11,627.54,632.94,0,0
ANR_MV,D,20230801,000000,632.94,649.12,632.94,645.52,0,0
ANR_MV,D,20230802,000000,645.52,645.52,625.74,636.53,0,0
ANR_MV,D,20230803,000000,631.14,665.3,629.34,652.72,0,0
ANR_MV,D,20230804,000000,652.72,672.5,652.72,661.71,0,0
ANR_MV,D,20230807,000000,661.71,665.3,647.32,656.31,0,0
ANR_MV,D,20230808,000000,663.5,663.5,652.72,656.31,0,0
ANR_MV,D,20230809,000000,665.3,665.3,634.73,652.72,0,0
ANR_MV,D,20230810,000000,652.72,661.71,649.12,654.51,0,0
ANR_MV,D,20230811,000000,654.51,665.3,654.51,654.51,0,0
ANR_MV,D,20230814,000000,654.51,661.71,654.51,654.51,0,0
ANR_MV,D,20230816,000000,656.31,661.71,631.14,645.52,0,0
ANR_MV,D,20230817,000000,654.51,656.31,643.73,643.73,0,0
ANR_MV,D,20230818,000000,645.52,645.52,632.94,640.13,0,0
ANR_MV,D,20230821,000000,643.73,667.1,631.14,659.91,0,0
ANR_MV,D,20230822,000000,665.3,665.3,634.73,656.31,0,0
ANR_MV,D,20230823,000000,661.71,661.71,647.32,647.32,0,0
ANR_MV,D,20230824,000000,661.71,661.71,636.53,647.32,0,0
ANR_MV,D,20230825,000000,652.72,656.31,645.52,649.12,0,0
ANR_MV,D,20230828,000000,661.71,661.71,649.12,652.72,0,0
ANR_MV,D,20230829,000000,656.31,656.31,641.93,641.93,0,0
ANR_MV,D,20230830,000000,643.73,643.73,636.53,640.13,0,0
ANR_MV,D,20230831,000000,640.13,640.13,634.73,636.53,0,0
ANR_MV,D,20230901,000000,632.94,634.73,629.34,632.94,0,0
ANR_MV,D,20230904,000000,632.94,634.73,627.54,627.54,0,0
ANR_MV,D,20230905,000000,627.54,636.53,625.74,629.34,0,0
ANR_MV,D,20230906,000000,627.54,631.14,620.35,629.34,0,0
ANR_MV,D,20230907,000000,629.34,641.93,622.15,623.95,0,0
ANR_MV,D,20230908,000000,627.54,647.32,627.54,634.73,0,0
ANR_MV,D,20230911,000000,636.53,641.93,627.54,627.54,0,0
ANR_MV,D,20230912,000000,629.34,641.93,623.95,641.93,0,0
ANR_MV,D,20230913,000000,645.52,656.31,640.13,654.51,0,0
ANR_MV,D,20230914,000000,652.72,665.3,649.12,658.11,0,0
ANR_MV,D,20230915,000000,658.11,658.11,636.53,643.73,0,0
ANR_MV,D,20230918,000000,643.73,649.12,625.74,643.73,0,0
ANR_MV,D,20230919,000000,623.95,631.14,602.37,602.37,0,0
ANR_MV,D,20230920,000000,600.57,609.56,571.8,593.38,0,0
ANR_MV,D,20230921,000000,593.38,598.77,589.78,589.78,0,0
ANR_MV,D,20230922,000000,589.78,589.78,571.8,573.6,0,0
ANR_MV,D,20230925,000000,573.6,575.4,570,575.4,0,0
ANR_MV,D,20230926,000000,575.4,575.4,568.2,575.4,0,0
ANR_MV,D,20230927,000000,593.38,593.38,534.04,535.84,0,0
ANR_MV,D,20230928,000000,535.84,535.84,512.46,526.85,0,0
ANR_MV,D,20230929,000000,532.24,553.82,532.24,548.43,0,0
ANR_MV,D,20231002,000000,546.63,559.21,534.04,539.43,0,0
ANR_MV,D,20231003,000000,539.43,553.82,521.45,526.85,0,0
ANR_MV,D,20231004,000000,507.07,543.03,485.49,535.84,0,0
