<TICKER>,<PER>,<DATE>,<TIME>,<OPEN>,<HIGH>,<LOW>,<CLOSE>,<VOL>,<OPENINT>
BBT_MV,D,20190611,000000,219.453,219.453,219.453,219.453,0,0
BBT_MV,D,20190612,000000,218.42,224.021,200.522,202.22,0,0
BBT_MV,D,20190613,000000,202.22,218.306,199.918,199.918,0,0
BBT_MV,D,20190614,000000,205.895,211.409,198.536,209.554,0,0
BBT_MV,D,20190617,000000,212.565,212.565,201.073,207.961,0,0
BBT_MV,D,20190618,000000,211.409,211.409,201.073,202.22,0,0
BBT_MV,D,20190619,000000,202.22,202.22,186.134,187.517,0,0
BBT_MV,D,20190621,000000,188.436,200.504,188.436,195.393,0,0
BBT_MV,D,20190624,000000,195.323,195.323,185.232,190.492,0,0
BBT_MV,D,20190625,000000,190.492,201.651,175.221,197.626,0,0
BBT_MV,D,20190626,000000,194.414,200.381,188.567,198.203,0,0
BBT_MV,D,20190627,000000,201.651,205.624,196.015,198.203,0,0
BBT_MV,D,20190628,000000,201.073,205.318,194.203,203.367,0,0
BBT_MV,D,20190701,000000,211.313,213.711,203.367,212.565,0,0
BBT_MV,D,20190702,000000,211.987,235.538,211.987,232.091,0,0
BBT_MV,D,20190703,000000,232.091,232.091,221.998,228.642,0,0
BBT_MV,D,20190704,000000,229.105,229.105,214.166,218.306,0,0
BBT_MV,D,20190705,000000,216.003,218.306,208.241,211.987,0,0
BBT_MV,D,20190708,000000,216.591,218.306,209.116,213.711,0,0
BBT_MV,D,20190709,000000,216.003,220.835,213.711,218.306,0,0
BBT_MV,D,20190710,000000,221.614,222.647,216.003,219.225,0,0
BBT_MV,D,20190711,000000,221.684,221.684,214.621,221.158,0,0
BBT_MV,D,20190712,000000,221.063,221.063,218.306,218.306,0,0
BBT_MV,D,20190715,000000,221.158,232.44,220.608,224.608,0,0
BBT_MV,D,20190716,000000,227.451,235.538,224.047,226.348,0,0
BBT_MV,D,20190717,000000,231.985,233.246,228.642,229.858,0,0
BBT_MV,D,20190718,000000,234.278,234.278,226.348,231.46,0,0
BBT_MV,D,20190719,000000,229.797,234.392,226.804,232.895,0,0
BBT_MV,D,20190722,000000,233.009,233.823,225.203,229.797,0,0
BBT_MV,D,20190723,000000,232.204,232.204,224.047,227.496,0,0
BBT_MV,D,20190724,000000,227.496,227.496,224.047,224.047,0,0
BBT_MV,D,20190725,000000,226.348,226.348,213.711,214.288,0,0
BBT_MV,D,20190726,000000,214.288,214.858,210.718,214.473,0,0
BBT_MV,D,20190729,000000,214.473,215.663,210.263,213.143,0,0
BBT_MV,D,20190730,000000,214.263,218.306,210.263,212.565,0,0
BBT_MV,D,20190731,000000,217.501,217.501,205.668,212.565,0,0
BBT_MV,D,20190801,000000,213.685,213.685,211.409,212.565,0,0
BBT_MV,D,20190802,000000,213.711,213.711,208.075,212.565,0,0
BBT_MV,D,20190805,000000,212.565,212.565,201.073,204.495,0,0
BBT_MV,D,20190806,000000,201.344,237.726,201.344,212.101,0,0
BBT_MV,D,20190807,000000,216.003,234.969,216.003,229.228,0,0
BBT_MV,D,20190808,000000,234.33,256.219,234.33,251.624,0,0
BBT_MV,D,20190809,000000,255.309,257.715,247.029,251.449,0,0
BBT_MV,D,20190812,000000,250.477,251.449,236.633,247.029,0,0
BBT_MV,D,20190813,000000,241.288,245.822,235.538,241.288,0,0
BBT_MV,D,20190814,000000,244.159,244.159,229.797,237.84,0,0
BBT_MV,D,20190816,000000,232.204,243.468,232.204,243.354,0,0
BBT_MV,D,20190819,000000,243.582,254.959,243.582,251.624,0,0
BBT_MV,D,20190820,000000,251.624,252.77,247.72,252.665,0,0
BBT_MV,D,20190821,000000,251.86,252.429,243.695,248.114,0,0
BBT_MV,D,20190822,000000,243.582,246.46,235.538,242.89,0,0
BBT_MV,D,20190823,000000,242.89,248.867,242.89,245.191,0,0
BBT_MV,D,20190826,000000,244.727,272.077,244.727,271.158,0,0
BBT_MV,D,20190827,000000,268.287,275.753,264.262,268.857,0,0
BBT_MV,D,20190828,000000,272.305,272.305,261.4,261.969,0,0
BBT_MV,D,20190829,000000,264.034,271.158,261.969,267.71,0,0
BBT_MV,D,20190830,000000,270.012,272.305,264.201,269.662,0,0
BBT_MV,D,20190902,000000,269.662,270.012,264.551,264.551,0,0
BBT_MV,D,20190903,000000,266.449,266.449,252.77,262.424,0,0
BBT_MV,D,20190904,000000,264.034,268.752,261.4,265.995,0,0
BBT_MV,D,20190905,000000,270.012,270.012,259.151,259.151,0,0
BBT_MV,D,20190906,000000,262.197,264.034,256.797,258.17,0,0
BBT_MV,D,20190909,000000,258.52,261.969,248.176,248.754,0,0
BBT_MV,D,20190910,000000,248.176,252.605,236.684,245.594,0,0
BBT_MV,D,20190911,000000,241.288,251.624,238.47,250.477,0,0
BBT_MV,D,20190912,000000,250.477,252.542,243.695,250.477,0,0
BBT_MV,D,20190913,000000,251.624,258.52,251.624,256.105,0,0
BBT_MV,D,20190916,000000,259.211,259.211,248.063,252.77,0,0
BBT_MV,D,20190917,000000,252.77,256.157,242.033,248.176,0,0
BBT_MV,D,20190918,000000,247.029,247.029,227.496,234.155,0,0
BBT_MV,D,20190919,000000,233.246,238.987,228.187,237.84,0,0
BBT_MV,D,20190920,000000,238.987,240.072,232.091,233.246,0,0
BBT_MV,D,20190923,000000,234.155,238.417,231.398,232.151,0,0
BBT_MV,D,20190924,000000,229.797,234.33,220.161,221.64,0,0
BBT_MV,D,20190925,000000,219.566,237.726,219.453,237.726,0,0
BBT_MV,D,20190926,000000,241.288,251.624,241.288,245.882,0,0
BBT_MV,D,20190927,000000,224.047,229.333,205.668,205.668,0,0
BBT_MV,D,20190930,000000,201.073,201.073,163.152,166.032,0,0
BBT_MV,D,20191001,000000,163.038,167.747,149.945,164.307,0,0
BBT_MV,D,20191002,000000,164.071,168.902,152.93,157.41,0,0
BBT_MV,D,20191003,000000,160.859,163.152,151.704,159.94,0,0
BBT_MV,D,20191004,000000,162.355,176.708,159.94,166.599,0,0
BBT_MV,D,20191007,000000,164.307,166.599,159.248,159.248,0,0
BBT_MV,D,20191008,000000,162.924,162.924,156.264,160.29,0,0
BBT_MV,D,20191009,000000,160.053,160.859,148.221,148.221,0,0
BBT_MV,D,20191010,000000,141.325,141.903,114.789,114.789,0,0
BBT_MV,D,20191011,000000,111.454,128.687,111.454,118.369,0,0
BBT_MV,D,20191014,000000,119.725,119.725,116.627,119.358,0,0
BBT_MV,D,20191015,000000,119.262,119.358,115.008,119.148,0,0
BBT_MV,D,20191016,000000,116.741,119.498,115.699,115.699,0,0
BBT_MV,D,20191017,000000,116.049,119.498,115.699,116.671,0,0
BBT_MV,D,20191018,000000,116.671,116.671,110.536,114.438,0,0
BBT_MV,D,20191021,000000,111.682,118.229,111.682,117.432,0,0
BBT_MV,D,20191022,000000,117.432,122.937,116.644,118.342,0,0
BBT_MV,D,20191023,000000,120.075,122.368,117.196,119.262,0,0
BBT_MV,D,20191024,000000,119.498,121.099,115.813,115.813,0,0
BBT_MV,D,20191025,000000,114.894,117.774,114.894,114.894,0,0
BBT_MV,D,20191028,000000,114.894,117.774,103.412,111.104,0,0
BBT_MV,D,20191029,000000,107.437,107.437,96.6903,99.6136,0,0
BBT_MV,D,20191030,000000,97.6619,98.8085,93.3032,93.3032,0,0
BBT_MV,D,20191031,000000,90.0739,93.1813,85.0241,91.2116,0,0
BBT_MV,D,20191104,000000,91.8068,98.8085,91.8068,94.4677,0,0
BBT_MV,D,20191105,000000,98.117,98.3525,88.4723,94.6772,0,0
BBT_MV,D,20191106,000000,94.6772,95.9468,90.8791,90.8791,0,0
BBT_MV,D,20191107,000000,89.6189,92.4983,87.5534,90.7654,0,0
BBT_MV,D,20191108,000000,89.6189,91.9205,89.6189,91.8068,0,0
BBT_MV,D,20191112,000000,91.8068,91.8068,87.5534,90.1964,0,0
BBT_MV,D,20191113,000000,89.7326,90.1964,87.3258,87.3258,0,0
BBT_MV,D,20191114,000000,88.4723,88.4723,85.1361,88.236,0,0
BBT_MV,D,20191115,000000,90.1789,90.1789,86.3368,89.0499,0,0
BBT_MV,D,20191118,000000,90.1789,91.1154,88.7087,90.8879,0,0
BBT_MV,D,20191119,000000,90.8879,90.8879,89.4963,90.4327,0,0
BBT_MV,D,20191120,000000,90.1964,90.4327,88.1047,89.8552,0,0
BBT_MV,D,20191121,000000,87.8772,91.8243,87.8772,91.3604,0,0
BBT_MV,D,20191122,000000,91.4654,91.4654,86.9504,88.1047,0,0
BBT_MV,D,20191125,000000,87.8772,95.6308,87.6497,92.5158,0,0
BBT_MV,D,20191126,000000,89.2687,92.7432,89.2687,92.7348,0,0
BBT_MV,D,20191127,000000,90.4327,90.4327,88.1047,90.4327,0,0
BBT_MV,D,20191128,000000,85.7934,90.4327,70.6493,72.3418,0,0
BBT_MV,D,20191129,000000,74.4072,74.4072,73.0419,73.0419,0,0
BBT_MV,D,20191202,000000,73.0419,73.0419,70.139,71.8675,0,0
BBT_MV,D,20191203,000000,70.9512,70.9512,67.2623,67.2623,0,0
BBT_MV,D,20191204,000000,66.7792,66.7792,61.5867,65.5005,0,0
BBT_MV,D,20191205,000000,68.4026,86.0262,68.4026,86.0262,0,0
BBT_MV,D,20191206,000000,83.4689,91.8243,78.6055,81.154,0,0
BBT_MV,D,20191209,000000,81.154,85.0504,79.9962,80.713,0,0
BBT_MV,D,20191210,000000,80.713,81.2661,76.6355,79.4265,0,0
BBT_MV,D,20191211,000000,79.9962,80.8084,75.124,77.4135,0,0
BBT_MV,D,20191212,000000,76.5146,79.0633,73.6205,76.7483,0,0
BBT_MV,D,20191213,000000,76.8603,77.9054,71.8753,74.0791,0,0
BBT_MV,D,20191216,000000,75.2448,75.2448,70.139,71.8753,0,0
BBT_MV,D,20191217,000000,71.8753,73.3877,68.1698,69.4485,0,0
BBT_MV,D,20191218,000000,67.4697,71.5305,66.1997,67.9361,0,0
BBT_MV,D,20191219,000000,68.4026,74.6576,68.4026,70.8391,0,0
BBT_MV,D,20191220,000000,71.6513,71.6513,68.4026,69.431,0,0
BBT_MV,D,20191223,000000,69.5605,70.4847,66.079,70.139,0,0
BBT_MV,D,20191227,000000,70.6055,74.1999,67.4697,73.5951,0,0
BBT_MV,D,20191230,000000,73.0419,77.2149,71.8753,74.3119,0,0
BBT_MV,D,20200102,000000,78.027,80.5755,75.3568,78.8383,0,0
BBT_MV,D,20200103,000000,79.9962,87.9997,79.9962,85.6718,0,0
BBT_MV,D,20200107,000000,85.7934,90.6603,85.7934,90.4327,0,0
BBT_MV,D,20200108,000000,97.2674,119.419,97.2674,119.419,0,0
BBT_MV,D,20200109,000000,132.17,155.932,132.17,146.778,0,0
BBT_MV,D,20200110,000000,150.715,150.715,126.368,138.891,0,0
BBT_MV,D,20200113,000000,139.118,139.118,124.049,125.808,0,0
BBT_MV,D,20200114,000000,126.368,128.687,120.574,128.687,0,0
BBT_MV,D,20200115,000000,129.265,129.265,121.729,121.869,0,0
BBT_MV,D,20200116,000000,121.869,125.213,120.688,124.513,0,0
BBT_MV,D,20200117,000000,124.513,124.513,115.936,117.792,0,0
BBT_MV,D,20200120,000000,117.792,120.574,114.789,118.841,0,0
BBT_MV,D,20200121,000000,120.574,120.574,116.049,118.246,0,0
BBT_MV,D,20200122,000000,120.451,142.48,120.451,141.438,0,0
BBT_MV,D,20200123,000000,139.118,143.18,128.687,129.843,0,0
BBT_MV,D,20200124,000000,133.326,135.636,128.687,129.843,0,0
BBT_MV,D,20200127,000000,132.03,132.03,121.729,125.79,0,0
BBT_MV,D,20200128,000000,125.213,129.265,123.471,128.451,0,0
BBT_MV,D,20200129,000000,128.451,130.726,127.706,129.265,0,0
BBT_MV,D,20200130,000000,129.702,138.419,124.049,124.049,0,0
BBT_MV,D,20200131,000000,124.171,127.532,124.049,125.213,0,0
BBT_MV,D,20200203,000000,128.687,138.891,127.532,134.621,0,0
BBT_MV,D,20200204,000000,179.002,190.684,161.148,190.134,0,0
BBT_MV,D,20200205,000000,186.651,224.913,186.651,187.806,0,0
BBT_MV,D,20200206,000000,185.495,197.668,184.567,193.153,0,0
BBT_MV,D,20200207,000000,198.246,198.921,190.475,194.772,0,0
BBT_MV,D,20200210,000000,194.772,200.452,194.772,195.7,0,0
BBT_MV,D,20200211,000000,198.246,198.246,186.703,192.217,0,0
BBT_MV,D,20200212,000000,196.505,201.257,191.289,195.349,0,0
BBT_MV,D,20200213,000000,196.978,198.71,191.289,194.772,0,0
BBT_MV,D,20200214,000000,194.772,197.091,191.403,197.091,0,0
BBT_MV,D,20200217,000000,199.402,199.402,191.867,196.391,0,0
BBT_MV,D,20200218,000000,196.391,197.993,194.999,196.856,0,0
BBT_MV,D,20200219,000000,196.856,197.091,189.67,191.175,0,0
BBT_MV,D,20200220,000000,194.071,196.251,192.453,193.101,0,0
BBT_MV,D,20200221,000000,195.814,195.814,190.134,195.349,0,0
BBT_MV,D,20200224,000000,196.277,196.277,181.434,193.608,0,0
BBT_MV,D,20200225,000000,191.289,193.608,175.08,179.807,0,0
BBT_MV,D,20200226,000000,176.805,185.381,162.312,184.314,0,0
BBT_MV,D,20200227,000000,184.104,184.104,171.116,173.9,0,0
BBT_MV,D,20200228,000000,159.993,170.415,153.262,166.95,0,0
BBT_MV,D,20200302,000000,170.415,198.246,170.415,197.091,0,0
BBT_MV,D,20200303,000000,202.886,202.886,197.091,199.402,0,0
BBT_MV,D,20200304,000000,200.566,213.781,191.062,208.679,0,0
BBT_MV,D,20200305,000000,239.985,239.985,204.041,205.204,0,0
BBT_MV,D,20200306,000000,195.349,205.204,185.495,199.061,0,0
BBT_MV,D,20200309,000000,171.588,182.949,158.645,170.538,0,0
BBT_MV,D,20200310,000000,179.701,188.952,168.105,168.105,0,0
BBT_MV,D,20200311,000000,177.259,177.259,147.232,149.56,0,0
BBT_MV,D,20200312,000000,139.118,139.118,114.781,115.358,0,0
BBT_MV,D,20200313,000000,127.058,139.093,114.781,122.193,0,0
BBT_MV,D,20200316,000000,116.163,153.025,116.163,153.025,0,0
BBT_MV,D,20200317,000000,164.622,185.495,164.622,184.874,0,0
BBT_MV,D,20200318,000000,185.381,191.289,170.415,179.701,0,0
BBT_MV,D,20200319,000000,173.9,190.134,173.9,184.917,0,0
BBT_MV,D,20200320,000000,185.495,199.402,184.917,190.712,0,0
BBT_MV,D,20200323,000000,191.289,203.349,188.979,194.309,0,0
BBT_MV,D,20200324,000000,204.041,222.577,202.649,220.275,0,0
BBT_MV,D,20200325,000000,230.707,237.087,207.524,210.306,0,0
BBT_MV,D,20200326,000000,209.728,216.573,199.988,207.524,0,0
BBT_MV,D,20200327,000000,208.679,225.15,204.303,222.48,0,0
BBT_MV,D,20200330,000000,222.48,234.182,218.543,234.182,0,0
BBT_MV,D,20200331,000000,238.82,242.181,231.871,234.182,0,0
BBT_MV,D,20200401,000000,229.552,250.417,229.552,250.417,0,0
BBT_MV,D,20200402,000000,251.572,284.041,251.572,284.041,0,0
BBT_MV,D,20200403,000000,257.374,260.848,231.635,241.148,0,0
BBT_MV,D,20200406,000000,243.459,249.262,227.46,235.345,0,0
BBT_MV,D,20200407,000000,235.932,244.623,226.769,226.769,0,0
BBT_MV,D,20200408,000000,227.233,233.605,214.709,223.758,0,0
BBT_MV,D,20200409,000000,229.552,229.552,221.667,221.667,0,0
BBT_MV,D,20200414,000000,227.233,227.233,208.679,222.367,0,0
BBT_MV,D,20200415,000000,223.758,223.758,213.318,214.481,0,0
BBT_MV,D,20200416,000000,215.637,231.398,215.637,226.068,0,0
BBT_MV,D,20200417,000000,232.449,242.303,226.769,227.46,0,0
BBT_MV,D,20200420,000000,228.388,241.148,228.388,234.182,0,0
BBT_MV,D,20200421,000000,240.57,240.57,208.451,215.637,0,0
BBT_MV,D,20200422,000000,214.481,220.038,213.318,213.318,0,0
BBT_MV,D,20200423,000000,216.101,223.758,208.679,214.245,0,0
BBT_MV,D,20200424,000000,203.814,230.48,203.814,229.552,0,0
BBT_MV,D,20200427,000000,235.345,264.91,230.243,255.055,0,0
BBT_MV,D,20200428,000000,253.899,259.693,239.985,243.459,0,0
BBT_MV,D,20200429,000000,237.665,242.303,230.707,241.148,0,0
BBT_MV,D,20200430,000000,242.881,242.881,224.913,229.779,0,0
BBT_MV,D,20200504,000000,230.243,237.665,227.233,237.087,0,0
BBT_MV,D,20200505,000000,241.725,249.262,236.51,236.51,0,0
BBT_MV,D,20200506,000000,231.871,241.148,230.008,237.665,0,0
BBT_MV,D,20200507,000000,245.778,245.778,232.449,238.82,0,0
BBT_MV,D,20200508,000000,242.881,242.881,235.345,235.932,0,0
BBT_MV,D,20200511,000000,240.57,242.881,228.853,231.871,0,0
BBT_MV,D,20200512,000000,234.182,235.932,231.871,235.932,0,0
BBT_MV,D,20200513,000000,231.871,237.665,231.871,234.767,0,0
BBT_MV,D,20200514,000000,234.767,234.767,220.275,223.978,0,0
BBT_MV,D,20200515,000000,223.978,234.182,223.758,226.769,0,0
BBT_MV,D,20200518,000000,220.975,235.345,220.975,234.182,0,0
BBT_MV,D,20200519,000000,237.087,242.303,234.182,241.725,0,0
BBT_MV,D,20200520,000000,242.303,250.417,238.82,247.519,0,0
BBT_MV,D,20200521,000000,249.262,252.744,245.778,245.778,0,0
BBT_MV,D,20200522,000000,243.459,248.684,238.82,245.2,0,0
BBT_MV,D,20200525,000000,244.036,257.96,241.725,257.96,0,0
BBT_MV,D,20200526,000000,258.538,278.239,258.538,274.178,0,0
BBT_MV,D,20200527,000000,278.239,281.722,243.459,249.262,0,0
BBT_MV,D,20200528,000000,254.477,260.848,250.417,257.96,0,0
BBT_MV,D,20200529,000000,279.402,281.722,264.331,268.961,0,0
BBT_MV,D,20200601,000000,274.764,274.764,260.848,266.651,0,0
BBT_MV,D,20200602,000000,266.651,266.651,260.848,266.651,0,0
BBT_MV,D,20200603,000000,266.651,267.806,260.848,266.651,0,0
BBT_MV,D,20200604,000000,262.012,264.331,251.572,256.787,0,0
BBT_MV,D,20200605,000000,249.262,250.417,243.459,246.942,0,0
BBT_MV,D,20200608,000000,249.262,249.839,235.345,248.097,0,0
BBT_MV,D,20200609,000000,245.778,257.374,241.148,257.374,0,0
BBT_MV,D,20200610,000000,259.693,259.693,243.459,248.097,0,0
BBT_MV,D,20200612,000000,236.51,242.881,234.182,239.398,0,0
BBT_MV,D,20200615,000000,234.182,237.665,232.449,234.182,0,0
BBT_MV,D,20200616,000000,237.665,243.459,237.665,242.303,0,0
BBT_MV,D,20200617,000000,243.459,243.459,238.242,241.148,0,0
BBT_MV,D,20200618,000000,242.303,242.303,235.345,236.51,0,0
BBT_MV,D,20200619,000000,234.767,241.148,230.008,241.148,0,0
BBT_MV,D,20200622,000000,241.148,249.262,239.985,242.303,0,0
BBT_MV,D,20200623,000000,244.036,264.331,239.985,258.538,0,0
BBT_MV,D,20200624,000000,258.538,258.538,252.744,252.744,0,0
BBT_MV,D,20200625,000000,252.158,252.744,248.097,249.262,0,0
BBT_MV,D,20200626,000000,254.477,258.538,249.262,254.477,0,0
BBT_MV,D,20200629,000000,254.477,257.374,254.477,255.632,0,0
BBT_MV,D,20200630,000000,257.374,257.374,245.778,245.778,0,0
BBT_MV,D,20200701,000000,244.036,253.322,244.036,252.158,0,0
BBT_MV,D,20200702,000000,253.899,256.21,249.262,253.899,0,0
BBT_MV,D,20200703,000000,255.055,268.961,252.744,263.754,0,0
BBT_MV,D,20200706,000000,266.651,266.651,252.158,252.744,0,0
BBT_MV,D,20200707,000000,252.744,262.012,248.097,248.684,0,0
BBT_MV,D,20200708,000000,254.477,266.651,245.2,266.074,0,0
BBT_MV,D,20200709,000000,272.444,275.928,255.055,260.848,0,0
BBT_MV,D,20200710,000000,266.651,266.651,255.055,258.538,0,0
BBT_MV,D,20200713,000000,265.487,265.487,253.899,257.374,0,0
BBT_MV,D,20200714,000000,257.374,257.374,246.364,249.262,0,0
BBT_MV,D,20200715,000000,249.839,259.693,249.262,255.055,0,0
BBT_MV,D,20200716,000000,255.055,255.055,249.262,254.477,0,0
BBT_MV,D,20200717,000000,251.572,260.848,247.519,257.374,0,0
BBT_MV,D,20200720,000000,255.055,259.693,252.744,252.744,0,0
BBT_MV,D,20200721,000000,252.744,254.477,250.417,250.417,0,0
BBT_MV,D,20200722,000000,253.899,253.899,246.364,248.684,0,0
BBT_MV,D,20200723,000000,252.158,252.744,246.942,247.519,0,0
BBT_MV,D,20200724,000000,246.364,250.417,241.148,244.623,0,0
BBT_MV,D,20200727,000000,244.623,244.623,238.82,239.985,0,0
BBT_MV,D,20200728,000000,239.985,251.572,237.665,237.665,0,0
BBT_MV,D,20200729,000000,243.459,243.459,226.068,240.57,0,0
BBT_MV,D,20200730,000000,245.778,245.778,207.524,217.955,0,0
BBT_MV,D,20200731,000000,226.068,237.665,220.275,237.665,0,0
BBT_MV,D,20200803,000000,239.985,258.538,239.985,257.96,0,0
BBT_MV,D,20200804,000000,260.848,262.012,244.036,252.744,0,0
BBT_MV,D,20200805,000000,244.623,253.322,243.459,245.778,0,0
BBT_MV,D,20200806,000000,246.942,248.684,234.182,237.665,0,0
BBT_MV,D,20200807,000000,237.665,237.665,231.871,234.182,0,0
BBT_MV,D,20200810,000000,243.459,243.459,231.871,236.51,0,0
BBT_MV,D,20200811,000000,241.148,241.148,231.871,234.182,0,0
BBT_MV,D,20200812,000000,235.932,235.932,225.605,230.707,0,0
BBT_MV,D,20200813,000000,229.088,230.707,226.068,230.243,0,0
BBT_MV,D,20200814,000000,229.552,230.707,229.315,230.707,0,0
BBT_MV,D,20200817,000000,226.305,230.707,226.305,230.707,0,0
BBT_MV,D,20200818,000000,230.707,230.707,229.552,229.779,0,0
BBT_MV,D,20200819,000000,230.48,230.48,226.54,227.233,0,0
BBT_MV,D,20200820,000000,226.068,230.008,213.318,223.758,0,0
BBT_MV,D,20200821,000000,219.12,224.45,217.955,221.43,0,0
BBT_MV,D,20200824,000000,220.275,226.068,220.275,222.594,0,0
BBT_MV,D,20200825,000000,223.758,223.758,214.481,217.955,0,0
BBT_MV,D,20200826,000000,214.481,220.275,214.481,217.955,0,0
BBT_MV,D,20200827,000000,220.275,228.388,214.481,222.594,0,0
BBT_MV,D,20200828,000000,226.068,230.243,220.275,230.243,0,0
BBT_MV,D,20200831,000000,230.243,230.243,222.594,230.243,0,0
BBT_MV,D,20200901,000000,222.822,229.779,215.637,229.552,0,0
BBT_MV,D,20200902,000000,228.388,230.707,226.068,226.996,0,0
BBT_MV,D,20200903,000000,231.635,237.665,229.552,233.027,0,0
BBT_MV,D,20200904,000000,237.665,246.942,236.51,238.242,0,0
BBT_MV,D,20200907,000000,238.82,246.364,234.182,242.303,0,0
BBT_MV,D,20200908,000000,242.881,242.881,220.275,234.182,0,0
BBT_MV,D,20200909,000000,227.233,237.665,227.233,235.345,0,0
BBT_MV,D,20200910,000000,243.459,246.364,235.345,244.036,0,0
BBT_MV,D,20200911,000000,245.2,253.899,245.2,246.942,0,0
BBT_MV,D,20200914,000000,253.322,254.477,248.097,250.994,0,0
BBT_MV,D,20200915,000000,255.055,255.055,244.623,249.839,0,0
BBT_MV,D,20200916,000000,250.994,252.744,243.459,246.942,0,0
BBT_MV,D,20200917,000000,246.942,246.942,237.665,242.881,0,0
BBT_MV,D,20200918,000000,239.398,248.097,238.242,244.623,0,0
BBT_MV,D,20200921,000000,246.942,253.322,243.459,246.364,0,0
BBT_MV,D,20200922,000000,249.839,257.374,249.839,253.899,0,0
BBT_MV,D,20200923,000000,258.538,258.538,234.767,237.665,0,0
BBT_MV,D,20200924,000000,233.027,233.027,220.511,226.068,0,0
BBT_MV,D,20200925,000000,230.707,231.871,226.068,229.552,0,0
BBT_MV,D,20200928,000000,231.635,234.182,226.305,226.305,0,0
BBT_MV,D,20200929,000000,231.171,231.171,218.883,229.552,0,0
BBT_MV,D,20200930,000000,229.552,231.635,221.43,231.635,0,0
BBT_MV,D,20201001,000000,228.388,228.388,222.594,222.594,0,0
BBT_MV,D,20201002,000000,221.203,224.913,220.511,224.913,0,0
BBT_MV,D,20201005,000000,224.913,224.913,221.667,224.677,0,0
BBT_MV,D,20201006,000000,226.068,227.933,220.511,222.594,0,0
BBT_MV,D,20201007,000000,230.008,241.148,230.008,235.345,0,0
BBT_MV,D,20201008,000000,243.459,244.623,237.665,237.665,0,0
BBT_MV,D,20201009,000000,238.82,238.82,229.552,235.932,0,0
BBT_MV,D,20201012,000000,243.459,246.942,239.985,242.303,0,0
BBT_MV,D,20201013,000000,245.2,245.778,235.345,241.725,0,0
BBT_MV,D,20201014,000000,241.725,241.725,233.027,233.027,0,0
BBT_MV,D,20201015,000000,234.182,234.182,210.998,220.275,0,0
BBT_MV,D,20201016,000000,220.275,225.841,220.275,225.841,0,0
BBT_MV,D,20201019,000000,228.388,234.182,227.233,230.707,0,0
BBT_MV,D,20201020,000000,230.707,234.182,222.594,227.933,0,0
BBT_MV,D,20201021,000000,227.933,228.388,221.43,228.388,0,0
BBT_MV,D,20201022,000000,226.068,233.027,226.068,233.027,0,0
BBT_MV,D,20201023,000000,234.182,236.51,229.552,234.767,0,0
BBT_MV,D,20201026,000000,238.82,249.262,236.51,245.778,0,0
BBT_MV,D,20201027,000000,243.459,255.055,243.459,243.459,0,0
BBT_MV,D,20201028,000000,245.778,245.778,221.203,226.068,0,0
BBT_MV,D,20201029,000000,226.068,234.182,226.068,233.027,0,0
BBT_MV,D,20201030,000000,229.779,233.605,225.368,227.233,0,0
BBT_MV,D,20201102,000000,231.871,237.665,227.233,233.027,0,0
BBT_MV,D,20201103,000000,236.51,237.665,231.871,235.932,0,0
BBT_MV,D,20201104,000000,231.871,242.303,231.871,240.57,0,0
BBT_MV,D,20201105,000000,237.087,237.665,230.008,237.665,0,0
BBT_MV,D,20201106,000000,237.665,237.665,231.871,233.027,0,0
BBT_MV,D,20201109,000000,231.871,231.871,222.594,228.388,0,0
BBT_MV,D,20201110,000000,228.388,228.388,219.12,223.758,0,0
BBT_MV,D,20201112,000000,222.594,224.213,219.348,223.758,0,0
BBT_MV,D,20201113,000000,227.933,227.933,220.275,225.368,0,0
BBT_MV,D,20201116,000000,225.15,225.15,220.275,222.594,0,0
BBT_MV,D,20201117,000000,221.43,221.43,217.955,219.811,0,0
BBT_MV,D,20201118,000000,220.038,222.594,217.256,221.903,0,0
BBT_MV,D,20201119,000000,223.058,223.758,217.955,223.758,0,0
BBT_MV,D,20201120,000000,223.758,226.54,220.038,220.275,0,0
BBT_MV,D,20201123,000000,221.667,221.667,213.318,216.792,0,0
BBT_MV,D,20201124,000000,217.492,219.575,216.792,216.792,0,0
BBT_MV,D,20201125,000000,216.792,216.792,211.234,212.39,0,0
BBT_MV,D,20201126,000000,215.4,215.4,204.513,207.761,0,0
BBT_MV,D,20201127,000000,207.761,208.679,207.06,207.288,0,0
BBT_MV,D,20201130,000000,203.585,203.585,195.927,196.856,0,0
BBT_MV,D,20201201,000000,196.856,207.524,190.825,205.204,0,0
BBT_MV,D,20201202,000000,207.288,207.288,201.958,202.421,0,0
BBT_MV,D,20201203,000000,202.421,208.679,202.421,207.524,0,0
BBT_MV,D,20201204,000000,208.679,208.679,202.886,207.524,0,0
BBT_MV,D,20201207,000000,195.464,200.566,194.772,199.402,0,0
BBT_MV,D,20201208,000000,199.402,199.402,194.999,197.319,0,0
BBT_MV,D,20201209,000000,199.402,199.402,195.464,198.246,0,0
BBT_MV,D,20201210,000000,195.927,198.71,194.772,197.555,0,0
BBT_MV,D,20201211,000000,198.011,198.946,191.989,194.772,0,0
BBT_MV,D,20201214,000000,194.772,196.856,180.62,183.867,0,0
BBT_MV,D,20201215,000000,185.495,188.979,183.867,187.806,0,0
BBT_MV,D,20201216,000000,187.806,196.164,187.806,195.927,0,0
BBT_MV,D,20201217,000000,198.246,207.06,198.246,207.06,0,0
BBT_MV,D,20201218,000000,206.823,206.823,193.608,202.649,0,0
BBT_MV,D,20201221,000000,202.421,202.421,187.806,187.806,0,0
BBT_MV,D,20201222,000000,188.041,197.091,188.041,190.134,0,0
BBT_MV,D,20201223,000000,192.453,192.453,188.041,192.453,0,0
BBT_MV,D,20201228,000000,188.041,191.289,186.886,190.825,0,0
BBT_MV,D,20201229,000000,191.289,202.886,191.289,201.73,0,0
BBT_MV,D,20201230,000000,201.73,201.73,197.091,197.091,0,0
BBT_MV,D,20210104,000000,209.843,209.843,199.402,199.402,0,0
BBT_MV,D,20210105,000000,205.895,213.318,205.895,213.318,0,0
BBT_MV,D,20210107,000000,216.101,224.213,216.101,222.822,0,0
BBT_MV,D,20210108,000000,222.594,223.758,217.256,220.739,0,0
BBT_MV,D,20210111,000000,222.13,224.913,219.12,220.275,0,0
BBT_MV,D,20210112,000000,223.758,224.677,211.461,212.853,0,0
BBT_MV,D,20210113,000000,212.162,215.873,212.162,212.39,0,0
BBT_MV,D,20210114,000000,213.09,213.09,206.369,207.978,0,0
BBT_MV,D,20210115,000000,205.204,210.998,203.349,210.77,0,0
BBT_MV,D,20210118,000000,214.245,222.594,211.461,214.481,0,0
BBT_MV,D,20210119,000000,216.792,219.12,212.162,213.554,0,0
BBT_MV,D,20210120,000000,214.481,214.481,212.162,214.481,0,0
BBT_MV,D,20210121,000000,212.617,216.792,212.617,214.245,0,0
BBT_MV,D,20210122,000000,217.256,217.256,212.39,213.318,0,0
BBT_MV,D,20210125,000000,206.587,213.09,206.587,208.679,0,0
BBT_MV,D,20210126,000000,207.524,207.524,200.793,202.886,0,0
BBT_MV,D,20210127,000000,206.132,211.698,203.121,203.121,0,0
BBT_MV,D,20210128,000000,200.566,213.09,200.566,208.679,0,0
BBT_MV,D,20210129,000000,208.679,210.998,203.585,210.998,0,0
BBT_MV,D,20210201,000000,212.853,213.09,204.276,208.916,0,0
BBT_MV,D,20210202,000000,211.461,211.461,206.369,210.77,0,0
BBT_MV,D,20210203,000000,209.843,210.77,206.587,210.77,0,0
BBT_MV,D,20210204,000000,207.761,210.77,198.946,199.402,0,0
BBT_MV,D,20210205,000000,197.555,206.132,197.555,202.649,0,0
BBT_MV,D,20210208,000000,206.132,213.318,206.132,210.543,0,0
BBT_MV,D,20210209,000000,210.998,221.43,210.998,221.203,0,0
BBT_MV,D,20210210,000000,221.903,223.758,219.811,222.13,0,0
BBT_MV,D,20210211,000000,222.13,222.13,217.256,219.575,0,0
BBT_MV,D,20210212,000000,220.275,221.203,216.792,220.739,0,0
BBT_MV,D,20210215,000000,223.758,229.552,223.522,224.913,0,0
BBT_MV,D,20210216,000000,226.068,226.305,222.13,223.286,0,0
BBT_MV,D,20210217,000000,223.286,225.841,221.43,221.43,0,0
BBT_MV,D,20210218,000000,224.677,224.677,215.637,219.12,0,0
BBT_MV,D,20210219,000000,220.275,221.43,215.873,215.873,0,0
BBT_MV,D,20210222,000000,219.12,219.575,214.481,214.481,0,0
BBT_MV,D,20210223,000000,214.946,217.256,202.886,207.288,0,0
BBT_MV,D,20210224,000000,203.121,211.698,203.121,208.451,0,0
BBT_MV,D,20210225,000000,210.998,212.162,204.513,206.369,0,0
BBT_MV,D,20210226,000000,203.121,207.524,203.121,203.121,0,0
BBT_MV,D,20210301,000000,208.215,208.215,204.513,207.978,0,0
BBT_MV,D,20210302,000000,204.513,208.679,204.276,208.679,0,0
BBT_MV,D,20210303,000000,208.679,212.162,203.349,206.587,0,0
BBT_MV,D,20210304,000000,212.617,212.617,205.204,207.524,0,0
BBT_MV,D,20210305,000000,209.843,214.008,207.524,212.853,0,0
BBT_MV,D,20210308,000000,214.946,222.13,212.853,220.275,0,0
BBT_MV,D,20210309,000000,221.43,222.594,215.637,220.275,0,0
BBT_MV,D,20210310,000000,220.038,221.203,217.955,220.275,0,0
BBT_MV,D,20210311,000000,215.637,220.275,215.637,215.873,0,0
BBT_MV,D,20210312,000000,216.792,217.955,215.637,217.256,0,0
BBT_MV,D,20210315,000000,217.256,217.256,204.041,214.245,0,0
BBT_MV,D,20210316,000000,212.162,212.162,204.74,208.679,0,0
BBT_MV,D,20210317,000000,208.679,213.318,191.289,202.421,0,0
BBT_MV,D,20210318,000000,204.041,214.245,204.041,209.843,0,0
BBT_MV,D,20210319,000000,209.843,250.417,204.041,250.417,0,0
BBT_MV,D,20210322,000000,257.374,257.374,237.665,243.459,0,0
BBT_MV,D,20210323,000000,238.242,242.303,230.707,235.932,0,0
BBT_MV,D,20210324,000000,232.449,233.027,221.667,226.068,0,0
BBT_MV,D,20210325,000000,226.068,226.068,219.348,224.213,0,0
BBT_MV,D,20210326,000000,221.43,236.51,221.43,236.51,0,0
BBT_MV,D,20210329,000000,237.665,255.055,237.665,250.417,0,0
BBT_MV,D,20210330,000000,248.684,259.693,241.148,241.148,0,0
BBT_MV,D,20210331,000000,251.572,252.744,242.303,252.744,0,0
BBT_MV,D,20210401,000000,249.262,259.693,249.262,253.899,0,0
BBT_MV,D,20210406,000000,270.711,280.558,269.549,279.402,0,0
BBT_MV,D,20210407,000000,281.144,293.896,281.144,292.154,0,0
BBT_MV,D,20210408,000000,292.741,292.741,279.98,288.679,0,0
BBT_MV,D,20210409,000000,288.679,288.679,281.144,286.351,0,0
BBT_MV,D,20210412,000000,289.835,289.835,282.877,287.523,0,0
BBT_MV,D,20210413,000000,288.679,315.337,288.679,315.337,0,0
BBT_MV,D,20210414,000000,313.018,317.079,304.913,313.018,0,0
BBT_MV,D,20210415,000000,310.708,311.285,303.741,310.13,0,0
BBT_MV,D,20210416,000000,306.07,309.543,306.07,308.966,0,0
BBT_MV,D,20210419,000000,311.863,324.615,300.853,300.853,0,0
BBT_MV,D,20210420,000000,301.43,301.43,288.679,301.43,0,0
BBT_MV,D,20210421,000000,298.534,308.966,287.523,298.534,0,0
BBT_MV,D,20210422,000000,299.111,311.863,299.111,307.225,0,0
BBT_MV,D,20210423,000000,311.863,313.018,297.37,306.07,0,0
BBT_MV,D,20210426,000000,315.337,340.849,315.337,340.849,0,0
BBT_MV,D,20210427,000000,340.849,340.849,331.573,336.21,0,0
BBT_MV,D,20210428,000000,338.522,343.159,332.728,336.21,0,0
BBT_MV,D,20210429,000000,336.21,339.107,330.408,334.469,0,0
BBT_MV,D,20210430,000000,336.21,352.446,333.891,340.849,0,0
BBT_MV,D,20210504,000000,355.911,380.267,355.911,377.94,0,0
BBT_MV,D,20210505,000000,378.526,378.526,361.714,368.671,0,0
BBT_MV,D,20210506,000000,344.324,344.324,301.43,306.07,0,0
BBT_MV,D,20210507,000000,306.07,316.502,293.318,314.76,0,0
BBT_MV,D,20210510,000000,307.225,307.225,279.402,279.402,0,0
BBT_MV,D,20210511,000000,281.722,282.299,270.711,278.239,0,0
BBT_MV,D,20210512,000000,278.239,284.041,271.867,271.867,0,0
BBT_MV,D,20210513,000000,271.867,284.041,264.331,282.877,0,0
BBT_MV,D,20210514,000000,290.412,290.412,274.764,278.824,0,0
BBT_MV,D,20210517,000000,279.98,290.991,279.98,280.558,0,0
BBT_MV,D,20210518,000000,278.239,280.558,272.444,278.239,0,0
BBT_MV,D,20210519,000000,273.022,283.463,267.806,278.239,0,0
BBT_MV,D,20210520,000000,278.239,291.576,278.239,291.576,0,0
BBT_MV,D,20210521,000000,293.896,313.018,287.523,310.13,0,0
BBT_MV,D,20210524,000000,313.018,313.018,304.913,309.543,0,0
BBT_MV,D,20210525,000000,309.543,314.182,306.07,307.225,0,0
BBT_MV,D,20210526,000000,307.225,312.441,304.913,312.441,0,0
BBT_MV,D,20210527,000000,309.543,309.543,289.835,293.318,0,0
BBT_MV,D,20210528,000000,293.896,296.215,288.101,288.679,0,0
BBT_MV,D,20210531,000000,289.835,306.07,289.835,301.43,0,0
BBT_MV,D,20210601,000000,306.07,318.821,301.43,310.13,0,0
BBT_MV,D,20210602,000000,315.337,315.337,310.13,313.018,0,0
BBT_MV,D,20210604,000000,312.441,312.441,294.473,304.913,0,0
BBT_MV,D,20210607,000000,336.21,336.21,320.553,324.037,0,0
BBT_MV,D,20210608,000000,324.615,324.615,317.079,319.976,0,0
BBT_MV,D,20210609,000000,320.553,333.314,320.553,330.408,0,0
BBT_MV,D,20210610,000000,330.408,335.055,322.305,322.305,0,0
BBT_MV,D,20210611,000000,323.46,326.934,318.821,322.305,0,0
BBT_MV,D,20210614,000000,321.132,321.132,303.741,309.543,0,0
BBT_MV,D,20210615,000000,315.924,315.924,295.629,300.275,0,0
BBT_MV,D,20210616,000000,304.328,306.07,297.37,300.275,0,0
BBT_MV,D,20210617,000000,297.37,303.163,292.154,300.853,0,0
BBT_MV,D,20210618,000000,301.43,304.913,296.792,297.947,0,0
BBT_MV,D,20210621,000000,303.741,303.741,293.318,299.111,0,0
BBT_MV,D,20210622,000000,292.154,300.853,292.154,296.792,0,0
BBT_MV,D,20210623,000000,296.792,298.534,293.896,296.215,0,0
BBT_MV,D,20210624,000000,292.741,306.07,292.154,293.318,0,0
BBT_MV,D,20210625,000000,294.473,296.792,291.576,296.215,0,0
BBT_MV,D,20210628,000000,295.051,295.051,281.722,284.618,0,0
BBT_MV,D,20210629,000000,285.196,286.938,280.558,281.144,0,0
BBT_MV,D,20210630,000000,286.938,287.523,281.144,286.938,0,0
BBT_MV,D,20210701,000000,278.239,286.938,278.239,281.144,0,0
BBT_MV,D,20210702,000000,280.558,283.463,279.402,279.402,0,0
BBT_MV,D,20210705,000000,281.722,281.722,271.289,274.178,0,0
BBT_MV,D,20210706,000000,274.178,275.928,271.867,274.178,0,0
BBT_MV,D,20210707,000000,275.35,286.351,275.35,284.618,0,0
BBT_MV,D,20210708,000000,284.041,287.523,281.144,281.722,0,0
BBT_MV,D,20210709,000000,283.463,283.463,277.083,277.083,0,0
BBT_MV,D,20210712,000000,278.239,281.722,277.083,277.083,0,0
BBT_MV,D,20210713,000000,278.239,278.239,272.444,277.083,0,0
BBT_MV,D,20210714,000000,274.178,276.505,267.229,275.35,0,0
BBT_MV,D,20210715,000000,271.289,275.35,270.134,271.867,0,0
BBT_MV,D,20210716,000000,271.289,274.764,268.384,271.289,0,0
BBT_MV,D,20210719,000000,270.711,270.711,257.96,263.754,0,0
BBT_MV,D,20210720,000000,263.167,263.167,253.899,257.374,0,0
BBT_MV,D,20210721,000000,259.693,264.331,255.055,256.787,0,0
BBT_MV,D,20210722,000000,257.374,260.848,257.374,257.96,0,0
BBT_MV,D,20210723,000000,257.96,266.651,255.055,266.651,0,0
BBT_MV,D,20210726,000000,260.848,270.711,260.848,266.651,0,0
BBT_MV,D,20210727,000000,273.599,279.402,266.651,279.402,0,0
BBT_MV,D,20210728,000000,278.824,281.144,272.444,281.144,0,0
BBT_MV,D,20210729,000000,278.239,281.144,264.331,272.444,0,0
BBT_MV,D,20210730,000000,272.444,272.444,257.374,266.651,0,0
BBT_MV,D,20210802,000000,263.167,266.651,263.167,266.074,0,0
BBT_MV,D,20210803,000000,266.074,266.651,263.167,264.91,0,0
BBT_MV,D,20210804,000000,267.806,267.806,262.59,264.91,0,0
BBT_MV,D,20210805,000000,266.651,278.824,264.331,278.824,0,0
BBT_MV,D,20210806,000000,277.083,277.66,263.167,266.651,0,0
BBT_MV,D,20210809,000000,270.134,275.928,259.116,267.229,0,0
BBT_MV,D,20210810,000000,267.229,278.239,267.229,273.599,0,0
BBT_MV,D,20210811,000000,273.599,273.599,266.651,270.711,0,0
BBT_MV,D,20210812,000000,280.558,280.558,270.134,275.928,0,0
BBT_MV,D,20210813,000000,275.35,275.928,260.848,268.961,0,0
BBT_MV,D,20210816,000000,270.134,272.444,245.778,258.538,0,0
BBT_MV,D,20210817,000000,256.787,259.693,251.572,258.538,0,0
BBT_MV,D,20210818,000000,257.96,259.693,252.744,259.116,0,0
BBT_MV,D,20210819,000000,255.055,259.693,249.262,252.158,0,0
BBT_MV,D,20210820,000000,249.262,257.96,249.262,253.899,0,0
BBT_MV,D,20210823,000000,253.322,258.538,253.322,255.055,0,0
BBT_MV,D,20210824,000000,253.899,264.331,253.899,262.012,0,0
BBT_MV,D,20210825,000000,262.012,264.91,255.055,264.91,0,0
BBT_MV,D,20210826,000000,264.331,273.022,262.012,266.074,0,0
BBT_MV,D,20210827,000000,263.754,268.961,263.167,264.331,0,0
BBT_MV,D,20210830,000000,264.331,268.384,253.322,254.477,0,0
BBT_MV,D,20210831,000000,255.055,259.116,253.322,259.116,0,0
BBT_MV,D,20210901,000000,255.055,263.754,253.322,262.012,0,0
BBT_MV,D,20210902,000000,257.374,260.848,256.21,258.538,0,0
BBT_MV,D,20210903,000000,257.96,260.848,255.632,260.848,0,0
BBT_MV,D,20210906,000000,264.331,264.331,258.538,262.012,0,0
BBT_MV,D,20210907,000000,259.693,263.167,253.899,259.693,0,0
BBT_MV,D,20210908,000000,262.012,262.012,253.899,261.435,0,0
BBT_MV,D,20210909,000000,258.538,261.435,255.055,259.693,0,0
BBT_MV,D,20210910,000000,259.693,259.693,251.572,255.055,0,0
BBT_MV,D,20210913,000000,253.899,257.374,253.899,253.899,0,0
BBT_MV,D,20210914,000000,257.374,257.374,253.322,255.055,0,0
BBT_MV,D,20210915,000000,257.374,260.271,253.899,255.055,0,0
BBT_MV,D,20210916,000000,259.116,259.116,252.158,256.21,0,0
BBT_MV,D,20210917,000000,255.055,260.848,255.055,260.271,0,0
BBT_MV,D,20210920,000000,255.632,259.116,248.684,250.417,0,0
BBT_MV,D,20210921,000000,250.417,256.21,245.778,253.899,0,0
BBT_MV,D,20210922,000000,250.994,253.899,245.778,252.158,0,0
BBT_MV,D,20210923,000000,251.572,257.374,251.572,256.21,0,0
BBT_MV,D,20210924,000000,255.055,259.116,233.027,233.027,0,0
BBT_MV,D,20210927,000000,231.871,231.871,229.779,231.871,0,0
BBT_MV,D,20210928,000000,229.552,238.82,229.552,230.707,0,0
BBT_MV,D,20210929,000000,229.552,237.087,229.088,234.767,0,0
BBT_MV,D,20210930,000000,231.871,231.871,226.068,229.552,0,0
BBT_MV,D,20211001,000000,230.707,230.707,228.624,230.707,0,0
BBT_MV,D,20211004,000000,235.932,235.932,228.388,229.315,0,0
BBT_MV,D,20211005,000000,230.707,235.345,229.315,229.315,0,0
BBT_MV,D,20211006,000000,231.871,235.932,228.388,229.552,0,0
BBT_MV,D,20211007,000000,231.871,233.605,227.933,233.027,0,0
BBT_MV,D,20211008,000000,231.871,233.027,225.15,226.068,0,0
BBT_MV,D,20211011,000000,227.46,235.345,227.46,235.345,0,0
BBT_MV,D,20211012,000000,234.182,235.345,231.635,235.345,0,0
BBT_MV,D,20211013,000000,234.767,234.767,230.707,231.871,0,0
BBT_MV,D,20211014,000000,234.767,235.345,226.305,231.398,0,0
BBT_MV,D,20211015,000000,231.398,232.449,229.552,231.871,0,0
BBT_MV,D,20211018,000000,230.707,230.707,223.758,226.068,0,0
BBT_MV,D,20211019,000000,223.978,224.913,213.554,219.12,0,0
BBT_MV,D,20211020,000000,217.955,219.12,211.234,212.617,0,0
BBT_MV,D,20211021,000000,219.12,220.038,212.617,220.038,0,0
BBT_MV,D,20211022,000000,220.275,225.841,220.038,225.841,0,0
BBT_MV,D,20211025,000000,225.841,225.841,217.028,220.275,0,0
BBT_MV,D,20211026,000000,219.12,220.038,213.781,219.12,0,0
BBT_MV,D,20211027,000000,220.038,220.038,205.668,216.573,0,0
BBT_MV,D,20211028,000000,215.637,216.573,212.39,216.336,0,0
BBT_MV,D,20211029,000000,215.4,216.792,213.318,215.637,0,0
BBT_MV,D,20211102,000000,219.628,223.154,219.628,220.809,0,0
BBT_MV,D,20211103,000000,222.445,227.854,222.445,227.854,0,0
BBT_MV,D,20211104,000000,223.154,226.445,223.154,225.036,0,0
BBT_MV,D,20211105,000000,229.735,229.735,220.809,225.736,0,0
BBT_MV,D,20211108,000000,223.39,225.736,217.518,222.918,0,0
BBT_MV,D,20211109,000000,222.918,222.918,216.109,217.282,0,0
BBT_MV,D,20211110,000000,216.109,217.282,209.064,209.064,0,0
BBT_MV,D,20211112,000000,211.409,214.7,209.527,213.055,0,0
BBT_MV,D,20211115,000000,213.055,213.055,203.656,213.055,0,0
BBT_MV,D,20211116,000000,210.001,210.001,201.309,205.536,0,0
BBT_MV,D,20211117,000000,205.536,205.536,200.837,200.837,0,0
BBT_MV,D,20211118,000000,190.974,200.837,189.092,195.673,0,0
BBT_MV,D,20211119,000000,198.956,205.536,194.029,198.728,0,0
BBT_MV,D,20211122,000000,206.246,206.246,192.619,192.619,0,0
BBT_MV,D,20211123,000000,199.664,200.137,187.92,199.191,0,0
BBT_MV,D,20211124,000000,199.428,199.664,190.737,195.201,0,0
BBT_MV,D,20211125,000000,197.546,204.128,193.083,193.083,0,0
BBT_MV,D,20211126,000000,190.501,196.61,185.802,189.801,0,0
BBT_MV,D,20211129,000000,193.556,193.556,186.038,190.265,0,0
BBT_MV,D,20211130,000000,188.392,192.384,188.156,192.147,0,0
BBT_MV,D,20211201,000000,191.911,198.019,191.911,197.784,0,0
BBT_MV,D,20211202,000000,198.019,207.418,198.019,203.191,0,0
BBT_MV,D,20211203,000000,203.656,209.064,199.664,209.064,0,0
BBT_MV,D,20211206,000000,211.409,214.936,209.064,211.409,0,0
BBT_MV,D,20211207,000000,211.409,212.583,209.764,209.764,0,0
BBT_MV,D,20211208,000000,212.583,212.583,203.418,207.418,0,0
BBT_MV,D,20211209,000000,205.3,208.591,205.3,208.591,0,0
BBT_MV,D,20211210,000000,205.773,205.773,202.01,205.773,0,0
BBT_MV,D,20211213,000000,205.773,205.773,198.492,199.428,0,0
BBT_MV,D,20211214,000000,202.719,202.719,193.792,193.792,0,0
BBT_MV,D,20211215,000000,199.901,205.773,199.901,202.719,0,0
BBT_MV,D,20211216,000000,198.956,204.364,198.956,204.364,0,0
BBT_MV,D,20211217,000000,204.364,204.601,201.546,204.601,0,0
BBT_MV,D,20211220,000000,202.246,204.364,198.492,202.01,0,0
BBT_MV,D,20211221,000000,199.664,202.719,198.728,202.719,0,0
BBT_MV,D,20211222,000000,204.364,211.882,204.364,211.409,0,0
BBT_MV,D,20211223,000000,211.645,226.681,211.645,224.563,0,0
BBT_MV,D,20211227,000000,224.563,224.563,217.282,222.682,0,0
BBT_MV,D,20211228,000000,220.809,231.372,219.4,226.681,0,0
BBT_MV,D,20211229,000000,231.372,238.427,224.563,234.899,0,0
BBT_MV,D,20211230,000000,239.012,239.6,233.727,237.84,0,0
BBT_MV,D,20220103,000000,237.244,246.644,231.372,237.244,0,0
BBT_MV,D,20220104,000000,245.471,245.471,233.727,239.012,0,0
BBT_MV,D,20220105,000000,239.012,239.012,233.727,237.84,0,0
BBT_MV,D,20220107,000000,237.84,243.713,237.244,237.244,0,0
BBT_MV,D,20220110,000000,239.012,239.012,229.499,232.553,0,0
BBT_MV,D,20220111,000000,232.553,237.244,227.145,237.244,0,0
BBT_MV,D,20220112,000000,234.899,243.117,232.318,240.185,0,0
BBT_MV,D,20220113,000000,240.772,240.772,231.845,237.244,0,0
BBT_MV,D,20220114,000000,234.899,234.899,231.845,234.663,0,0
BBT_MV,D,20220117,000000,234.899,234.899,232.318,234.899,0,0
BBT_MV,D,20220118,000000,232.781,234.899,232.318,233.727,0,0
BBT_MV,D,20220119,000000,230.2,234.899,229.027,234.899,0,0
BBT_MV,D,20220120,000000,238.427,238.427,225.272,231.372,0,0
BBT_MV,D,20220121,000000,228.091,231.845,218.927,228.555,0,0
BBT_MV,D,20220124,000000,228.555,228.555,206.709,220.809,0,0
BBT_MV,D,20220125,000000,211.409,219.628,211.409,217.045,0,0
BBT_MV,D,20220126,000000,217.045,218.455,213.756,218.455,0,0
BBT_MV,D,20220127,000000,218.691,219.628,216.346,216.346,0,0
BBT_MV,D,20220128,000000,216.346,216.346,206.709,206.946,0,0
BBT_MV,D,20220131,000000,211.409,218.927,206.946,213.756,0,0
BBT_MV,D,20220201,000000,209.064,215.873,209.064,215.873,0,0
BBT_MV,D,20220202,000000,210.001,215.873,210.001,215.873,0,0
BBT_MV,D,20220203,000000,211.882,215.873,209.064,214.936,0,0
BBT_MV,D,20220204,000000,214.936,217.282,212.583,212.583,0,0
BBT_MV,D,20220207,000000,217.045,217.045,210.936,216.109,0,0
BBT_MV,D,20220208,000000,213.756,217.991,209.064,209.064,0,0
BBT_MV,D,20220209,000000,212.583,216.109,211.409,211.409,0,0
BBT_MV,D,20220210,000000,211.645,213.756,210.7,213.527,0,0
BBT_MV,D,20220211,000000,211.409,216.109,210.001,215.873,0,0
BBT_MV,D,20220214,000000,211.645,211.645,205.536,210.936,0,0
BBT_MV,D,20220215,000000,210.237,211.645,206.709,211.645,0,0
BBT_MV,D,20220216,000000,212.346,212.583,209.064,211.409,0,0
BBT_MV,D,20220217,000000,208.119,211.409,205.536,209.064,0,0
BBT_MV,D,20220218,000000,205.536,208.828,203.191,204.364,0,0
BBT_MV,D,20220221,000000,200.837,200.837,193.792,200.837,0,0
BBT_MV,D,20220222,000000,194.729,200.837,193.083,200.837,0,0
BBT_MV,D,20220223,000000,200.837,200.837,195.437,195.909,0,0
BBT_MV,D,20220224,000000,187.92,192.619,170.302,184.392,0,0
BBT_MV,D,20220225,000000,172.884,204.828,172.884,204.828,0,0
BBT_MV,D,20220228,000000,198.492,206.709,198.492,202.01,0,0
BBT_MV,D,20220301,000000,201.782,206.473,194.729,200.837,0,0
BBT_MV,D,20220302,000000,194.501,201.546,194.501,197.319,0,0
BBT_MV,D,20220303,000000,194.964,197.319,188.156,191.446,0,0
BBT_MV,D,20220304,000000,188.392,194.964,188.392,194.964,0,0
BBT_MV,D,20220307,000000,189.801,189.801,163.958,176.175,0,0
BBT_MV,D,20220308,000000,179.229,184.629,167.956,179.93,0,0
BBT_MV,D,20220309,000000,174.529,184.392,174.529,184.392,0,0
BBT_MV,D,20220310,000000,187.92,187.92,176.412,185.574,0,0
BBT_MV,D,20220311,000000,180.874,184.629,171.474,184.629,0,0
BBT_MV,D,20220314,000000,184.392,184.392,176.175,177.347,0,0
BBT_MV,D,20220315,000000,177.347,181.812,176.175,178.992,0,0
BBT_MV,D,20220316,000000,177.584,181.338,176.175,181.338,0,0
BBT_MV,D,20220317,000000,181.338,181.338,175.938,178.52,0,0
BBT_MV,D,20220318,000000,179.93,179.93,173.829,175.465,0,0
BBT_MV,D,20220321,000000,175.002,177.819,173.829,176.175,0,0
BBT_MV,D,20220322,000000,174.293,175.701,172.647,175.002,0,0
BBT_MV,D,20220323,000000,176.175,178.057,172.647,173.356,0,0
BBT_MV,D,20220324,000000,177.111,178.293,175.002,177.347,0,0
BBT_MV,D,20220325,000000,178.992,179.701,177.347,177.347,0,0
BBT_MV,D,20220328,000000,177.347,179.93,177.347,178.057,0,0
BBT_MV,D,20220329,000000,180.874,180.874,178.757,180.874,0,0
BBT_MV,D,20220330,000000,181.338,181.338,179.229,180.638,0,0
BBT_MV,D,20220331,000000,181.338,181.338,178.293,178.293,0,0
BBT_MV,D,20220401,000000,178.293,178.293,174.057,175.238,0,0
BBT_MV,D,20220404,000000,175.238,180.638,169.129,177.111,0,0
BBT_MV,D,20220405,000000,176.175,185.101,176.175,182.047,0,0
BBT_MV,D,20220406,000000,182.047,182.047,173.829,176.884,0,0
BBT_MV,D,20220407,000000,176.175,176.175,174.057,176.175,0,0
BBT_MV,D,20220408,000000,174.057,176.175,172.184,175.938,0,0
BBT_MV,D,20220411,000000,172.884,175.938,172.884,172.884,0,0
BBT_MV,D,20220412,000000,171.239,175.002,170.538,170.538,0,0
BBT_MV,D,20220413,000000,170.538,171.317,166.775,171.317,0,0
BBT_MV,D,20220414,000000,171.554,180.77,171.554,180.77,0,0
BBT_MV,D,20220419,000000,183.132,183.132,172.735,179.587,0,0
BBT_MV,D,20220420,000000,177.224,177.224,173.917,175.098,0,0
BBT_MV,D,20220421,000000,176.043,180.296,174.862,175.807,0,0
BBT_MV,D,20220422,000000,174.862,174.862,172.735,172.735,0,0
BBT_MV,D,20220425,000000,177.224,177.224,176.043,176.279,0,0
BBT_MV,D,20220426,000000,176.279,178.407,174.862,177.224,0,0
BBT_MV,D,20220427,000000,176.989,177.224,172.735,176.516,0,0
BBT_MV,D,20220428,000000,176.989,177.461,176.989,176.989,0,0
BBT_MV,D,20220429,000000,177.697,177.697,166.355,174.625,0,0
BBT_MV,D,20220502,000000,174.625,177.697,174.625,177.697,0,0
BBT_MV,D,20220504,000000,177.697,180.77,174.862,180.77,0,0
BBT_MV,D,20220505,000000,180.77,180.77,177.224,178.17,0,0
BBT_MV,D,20220506,000000,178.17,179.587,173.444,174.862,0,0
BBT_MV,D,20220509,000000,176.752,180.06,173.207,176.752,0,0
BBT_MV,D,20220510,000000,176.752,176.752,171.789,175.807,0,0
BBT_MV,D,20220511,000000,176.516,176.989,172.499,176.752,0,0
BBT_MV,D,20220512,000000,176.752,176.752,171.317,171.554,0,0
BBT_MV,D,20220513,000000,171.554,174.862,171.554,174.862,0,0
BBT_MV,D,20220516,000000,174.862,176.043,174.862,175.807,0,0
BBT_MV,D,20220517,000000,175.807,176.043,175.807,175.807,0,0
BBT_MV,D,20220518,000000,175.807,176.043,173.68,175.807,0,0
BBT_MV,D,20220519,000000,173.68,174.862,170.372,174.862,0,0
BBT_MV,D,20220520,000000,174.862,175.335,170.372,175.335,0,0
BBT_MV,D,20220523,000000,175.57,175.57,172.735,173.68,0,0
BBT_MV,D,20220524,000000,172.499,174.862,171.317,173.917,0,0
BBT_MV,D,20220525,000000,171.317,171.317,168.717,170.135,0,0
BBT_MV,D,20220526,000000,173.207,173.207,172.735,172.735,0,0
BBT_MV,D,20220527,000000,171.317,171.317,168.245,168.954,0,0
BBT_MV,D,20220530,000000,171.081,171.081,169.663,171.081,0,0
BBT_MV,D,20220531,000000,171.081,172.735,168.954,168.954,0,0
BBT_MV,D,20220601,000000,162.574,168.954,162.574,165.41,0,0
BBT_MV,D,20220602,000000,163.047,163.282,158.321,163.047,0,0
BBT_MV,D,20220603,000000,159.266,159.266,151.468,153.831,0,0
BBT_MV,D,20220606,000000,155.958,162.81,152.413,155.958,0,0
BBT_MV,D,20220607,000000,155.958,155.958,149.341,153.358,0,0
BBT_MV,D,20220608,000000,149.814,153.358,148.396,148.868,0,0
BBT_MV,D,20220609,000000,146.978,150.76,142.961,148.632,0,0
BBT_MV,D,20220610,000000,144.379,146.506,144.143,144.143,0,0
BBT_MV,D,20220613,000000,144.379,144.379,130.438,141.543,0,0
BBT_MV,D,20220614,000000,135.873,141.543,131.618,140.598,0,0
BBT_MV,D,20220615,000000,134.218,140.362,129.729,140.362,0,0
BBT_MV,D,20220617,000000,139.416,139.416,131.146,135.873,0,0
BBT_MV,D,20220620,000000,140.125,140.125,122.876,125.948,0,0
BBT_MV,D,20220621,000000,123.111,128.783,120.748,121.694,0,0
BBT_MV,D,20220622,000000,125.239,125.239,117.676,117.913,0,0
BBT_MV,D,20220623,000000,118.15,122.639,118.15,122.639,0,0
BBT_MV,D,20220624,000000,124.64,130.25,121.896,128.254,0,0
BBT_MV,D,20220627,000000,128.503,133.743,128.503,128.503,0,0
BBT_MV,D,20220628,000000,128.254,132.246,128.254,131.497,0,0
BBT_MV,D,20220629,000000,131.997,135.739,130.25,135.739,0,0
BBT_MV,D,20220630,000000,131.248,134.491,130.999,131.497,0,0
BBT_MV,D,20220701,000000,135.489,148.464,135.489,146.968,0,0
BBT_MV,D,20220704,000000,148.464,173.666,148.464,170.922,0,0
BBT_MV,D,20220705,000000,169.674,169.674,149.712,153.456,0,0
BBT_MV,D,20220706,000000,152.208,159.194,152.208,152.458,0,0
BBT_MV,D,20220707,000000,152.707,152.707,140.979,152.208,0,0
BBT_MV,D,20220708,000000,149.712,151.958,147.218,150.71,0,0
BBT_MV,D,20220711,000000,150.71,150.71,147.466,150.71,0,0
BBT_MV,D,20220712,000000,149.214,149.214,140.979,146.718,0,0
BBT_MV,D,20220713,000000,144.223,146.219,137.486,144.472,0,0
BBT_MV,D,20220714,000000,142.227,142.476,137.486,140.73,0,0
BBT_MV,D,20220715,000000,137.735,141.478,137.735,141.478,0,0
BBT_MV,D,20220718,000000,142.227,145.97,138.235,144.472,0,0
BBT_MV,D,20220719,000000,142.726,142.726,137.735,141.229,0,0
BBT_MV,D,20220720,000000,141.478,141.478,139.732,140.48,0,0
BBT_MV,D,20220721,000000,139.981,140.979,138.733,140.979,0,0
BBT_MV,D,20220722,000000,141.478,142.726,138.484,142.227,0,0
BBT_MV,D,20220725,000000,141.229,145.47,141.229,145.47,0,0
BBT_MV,D,20220726,000000,145.47,145.72,142.476,142.476,0,0
BBT_MV,D,20220727,000000,142.726,144.722,141.728,141.728,0,0
BBT_MV,D,20220728,000000,143.474,148.464,143.474,148.464,0,0
BBT_MV,D,20220729,000000,144.722,151.958,144.722,150.96,0,0
BBT_MV,D,20220801,000000,152.208,156.949,150.71,156.949,0,0
BBT_MV,D,20220802,000000,156.949,156.949,156.2,156.699,0,0
BBT_MV,D,20220803,000000,155.95,165.931,155.95,165.681,0,0
BBT_MV,D,20220804,000000,168.427,168.427,162.189,165.931,0,0
BBT_MV,D,20220805,000000,165.931,165.931,152.208,160.193,0,0
BBT_MV,D,20220808,000000,159.943,163.437,154.204,162.189,0,0
BBT_MV,D,20220809,000000,162.189,162.189,156.2,158.695,0,0
BBT_MV,D,20220810,000000,158.695,158.695,154.703,158.446,0,0
BBT_MV,D,20220811,000000,158.196,163.437,155.95,162.189,0,0
BBT_MV,D,20220812,000000,162.189,164.435,162.189,162.189,0,0
BBT_MV,D,20220816,000000,157.448,162.189,155.701,161.44,0,0
BBT_MV,D,20220817,000000,161.939,161.939,156.949,159.444,0,0
BBT_MV,D,20220818,000000,159.444,162.189,157.198,162.189,0,0
BBT_MV,D,20220819,000000,163.685,163.685,157.198,158.446,0,0
BBT_MV,D,20220822,000000,157.947,159.194,152.956,158.945,0,0
BBT_MV,D,20220823,000000,159.194,159.693,150.212,157.198,0,0
BBT_MV,D,20220824,000000,156.949,156.949,149.962,154.703,0,0
BBT_MV,D,20220825,000000,154.703,154.703,152.208,154.204,0,0
BBT_MV,D,20220826,000000,152.208,154.703,150.212,154.703,0,0
BBT_MV,D,20220829,000000,150.212,154.703,140.231,154.703,0,0
BBT_MV,D,20220830,000000,143.474,155.701,142.726,154.204,0,0
BBT_MV,D,20220831,000000,155.95,161.939,155.95,159.693,0,0
BBT_MV,D,20220901,000000,157.198,157.697,154.952,155.95,0,0
BBT_MV,D,20220902,000000,154.703,156.699,154.703,156.699,0,0
BBT_MV,D,20220905,000000,150.461,156.699,150.461,156.45,0,0
BBT_MV,D,20220906,000000,156.699,156.699,150.212,150.212,0,0
BBT_MV,D,20220907,000000,149.712,156.2,149.712,155.202,0,0
BBT_MV,D,20220908,000000,154.952,154.952,149.962,152.707,0,0
BBT_MV,D,20220909,000000,150.461,154.204,149.712,154.204,0,0
BBT_MV,D,20220912,000000,154.204,154.204,149.962,150.461,0,0
BBT_MV,D,20220913,000000,149.962,150.96,143.974,149.214,0,0
BBT_MV,D,20220914,000000,145.97,149.214,145.97,146.718,0,0
BBT_MV,D,20220915,000000,144.722,149.214,139.981,139.981,0,0
BBT_MV,D,20220916,000000,137.237,139.732,133.245,133.245,0,0
BBT_MV,D,20220919,000000,136.488,136.488,130.749,132.246,0,0
BBT_MV,D,20220920,000000,135.739,135.989,132.246,132.246,0,0
BBT_MV,D,20220921,000000,128.753,135.489,125.01,135.489,0,0
BBT_MV,D,20220922,000000,130.499,134.741,130.499,134.741,0,0
BBT_MV,D,20220923,000000,130.499,135.739,130.499,135.489,0,0
BBT_MV,D,20220926,000000,130.749,132.246,126.757,129.002,0,0
BBT_MV,D,20220927,000000,131.497,131.497,124.76,124.76,0,0
BBT_MV,D,20220928,000000,127.006,127.006,119.52,121.516,0,0
BBT_MV,D,20220929,000000,129.751,130.999,121.646,122.514,0,0
BBT_MV,D,20220930,000000,122.514,128.004,117.274,124.012,0,0
BBT_MV,D,20221003,000000,120.149,120.898,117.274,118.522,0,0
BBT_MV,D,20221004,000000,123.144,123.144,118.272,119.77,0,0
BBT_MV,D,20221005,000000,120.898,121.018,119.15,119.271,0,0
BBT_MV,D,20221006,000000,119.77,128.753,119.77,122.394,0,0
BBT_MV,D,20221007,000000,124.39,128.004,122.394,126.008,0,0
BBT_MV,D,20221010,000000,126.008,137.237,126.008,134.741,0,0
BBT_MV,D,20221011,000000,134.741,135.989,129.002,129.751,0,0
BBT_MV,D,20221012,000000,132.995,135.739,130.999,130.999,0,0
BBT_MV,D,20221013,000000,133.245,133.245,127.505,127.755,0,0
BBT_MV,D,20221014,000000,128.004,131.497,125.509,127.755,0,0
BBT_MV,D,20221017,000000,125.758,129.751,122.894,129.751,0,0
BBT_MV,D,20221018,000000,130.001,130.001,126.008,127.256,0,0
BBT_MV,D,20221019,000000,127.256,127.256,127.256,127.256,0,0
BBT_MV,D,20221020,000000,131.248,131.248,118.772,127.256,0,0
BBT_MV,D,20221021,000000,121.268,126.008,121.268,124.76,0,0
BBT_MV,D,20221024,000000,124.76,125.758,123.264,125.758,0,0
BBT_MV,D,20221025,000000,123.014,124.76,123.014,123.264,0,0
BBT_MV,D,20221026,000000,120.149,124.39,120.149,124.39,0,0
BBT_MV,D,20221027,000000,124.39,124.39,124.39,124.39,0,0
BBT_MV,D,20221028,000000,124.142,130.749,121.396,130.749,0,0
BBT_MV,D,20221031,000000,136.737,146.468,134.741,143.474,0,0
BBT_MV,D,20221102,000000,143.474,143.474,142.227,142.976,0,0
BBT_MV,D,20221103,000000,142.726,142.726,139.732,139.732,0,0
BBT_MV,D,20221104,000000,140.979,142.976,139.732,142.976,0,0
BBT_MV,D,20221107,000000,140.231,146.468,138.484,139.981,0,0
BBT_MV,D,20221108,000000,140.231,146.718,140.231,143.474,0,0
BBT_MV,D,20221109,000000,141.229,146.219,139.732,145.47,0,0
BBT_MV,D,20221110,000000,142.227,146.718,142.227,146.718,0,0
BBT_MV,D,20221114,000000,146.718,147.466,146.718,146.718,0,0
BBT_MV,D,20221115,000000,143.474,144.722,143.225,144.472,0,0
BBT_MV,D,20221116,000000,142.976,145.47,139.482,145.47,0,0
BBT_MV,D,20221117,000000,140.979,145.221,140.979,145.221,0,0
BBT_MV,D,20221118,000000,141.229,145.97,141.229,145.97,0,0
BBT_MV,D,20221121,000000,143.724,145.72,143.474,143.474,0,0
BBT_MV,D,20221122,000000,140.231,144.472,140.231,141.478,0,0
BBT_MV,D,20221123,000000,141.229,144.223,141.229,143.474,0,0
BBT_MV,D,20221124,000000,141.977,142.726,140.979,140.979,0,0
BBT_MV,D,20221125,000000,140.979,143.474,139.732,142.976,0,0
BBT_MV,D,20221128,000000,142.726,142.726,140.231,140.979,0,0
BBT_MV,D,20221129,000000,142.726,145.97,140.979,144.472,0,0
BBT_MV,D,20221130,000000,143.474,152.707,142.726,152.458,0,0
BBT_MV,D,20221201,000000,154.703,154.703,149.962,153.206,0,0
BBT_MV,D,20221202,000000,153.954,153.954,150.96,151.21,0,0
BBT_MV,D,20221205,000000,153.206,154.454,150.461,152.208,0,0
BBT_MV,D,20221206,000000,152.956,157.448,148.714,157.198,0,0
BBT_MV,D,20221207,000000,157.198,157.198,150.461,152.458,0,0
BBT_MV,D,20221208,000000,149.712,153.456,148.714,149.463,0,0
BBT_MV,D,20221209,000000,149.463,151.958,149.463,151.46,0,0
BBT_MV,D,20221212,000000,150.96,150.96,149.962,150.96,0,0
BBT_MV,D,20221213,000000,153.004,154.536,150.96,151.216,0,0
BBT_MV,D,20221214,000000,152.748,153.259,150.96,152.748,0,0
BBT_MV,D,20221215,000000,151.216,151.216,140.998,146.362,0,0
BBT_MV,D,20221216,000000,146.618,149.428,143.553,145.085,0,0
BBT_MV,D,20221219,000000,145.596,145.596,144.319,145.596,0,0
BBT_MV,D,20221220,000000,145.085,147.639,145.085,145.341,0,0
BBT_MV,D,20221221,000000,146.873,148.406,145.341,146.873,0,0
BBT_MV,D,20221222,000000,146.873,147.639,144.83,145.851,0,0
BBT_MV,D,20221223,000000,145.596,145.596,143.553,144.83,0,0
BBT_MV,D,20221227,000000,140.998,144.83,140.998,144.063,0,0
BBT_MV,D,20221228,000000,144.063,146.618,143.297,144.319,0,0
BBT_MV,D,20221229,000000,144.319,149.172,144.319,149.172,0,0
BBT_MV,D,20221230,000000,149.172,153.259,149.172,150.705,0,0
BBT_MV,D,20230102,000000,153.259,153.259,150.705,151.982,0,0
BBT_MV,D,20230103,000000,153.259,157.857,151.982,153.713,0,0
BBT_MV,D,20230104,000000,153.713,157.299,146.031,153.458,0,0
BBT_MV,D,20230105,000000,154.99,169.853,154.99,166.523,0,0
BBT_MV,D,20230109,000000,169.086,169.086,163.959,164.214,0,0
BBT_MV,D,20230110,000000,165.245,166.523,162.937,165.245,0,0
BBT_MV,D,20230111,000000,166.523,172.161,165.245,168.575,0,0
BBT_MV,D,20230112,000000,168.575,168.575,163.959,163.959,0,0
BBT_MV,D,20230113,000000,165.245,167.8,162.937,166.523,0,0
BBT_MV,D,20230116,000000,166.523,167.289,163.448,166.523,0,0
BBT_MV,D,20230117,000000,166.523,166.523,163.192,165.756,0,0
BBT_MV,D,20230118,000000,165.756,167.8,165.756,166.523,0,0
BBT_MV,D,20230119,000000,166.523,167.544,164.99,166.523,0,0
BBT_MV,D,20230120,000000,169.086,172.161,169.086,172.161,0,0
BBT_MV,D,20230123,000000,172.927,181.896,172.927,179.332,0,0
BBT_MV,D,20230124,000000,182.151,183.684,179.587,179.587,0,0
BBT_MV,D,20230125,000000,187.269,187.269,178.31,178.566,0,0
BBT_MV,D,20230126,000000,178.566,178.566,178.055,178.31,0,0
BBT_MV,D,20230127,000000,176.768,183.173,176.768,178.566,0,0
BBT_MV,D,20230130,000000,190.864,190.864,182.917,185.481,0,0
BBT_MV,D,20230131,000000,183.428,188.3,183.428,183.939,0,0
BBT_MV,D,20230201,000000,183.939,183.939,179.587,181.64,0,0
BBT_MV,D,20230202,000000,181.896,194.45,181.896,187.014,0,0
BBT_MV,D,20230203,000000,191.375,191.631,187.014,189.578,0,0
BBT_MV,D,20230206,000000,189.578,189.578,183.684,183.684,0,0
BBT_MV,D,20230207,000000,187.014,187.014,181.64,182.917,0,0
BBT_MV,D,20230208,000000,179.587,184.715,177.534,184.459,0,0
BBT_MV,D,20230209,000000,179.587,187.014,179.587,186.248,0,0
BBT_MV,D,20230210,000000,185.992,186.503,181.896,183.173,0,0
BBT_MV,D,20230213,000000,185.737,185.737,180.609,185.481,0,0
BBT_MV,D,20230214,000000,181.385,184.97,180.609,181.129,0,0
BBT_MV,D,20230215,000000,181.129,181.385,179.587,181.129,0,0
BBT_MV,D,20230216,000000,179.843,179.843,166.523,173.694,0,0
BBT_MV,D,20230217,000000,173.949,194.45,170.363,191.375,0,0
BBT_MV,D,20230220,000000,191.375,191.375,187.269,188.556,0,0
BBT_MV,D,20230221,000000,188.3,189.833,188.3,188.3,0,0
BBT_MV,D,20230222,000000,188.3,190.864,186.503,188.811,0,0
BBT_MV,D,20230223,000000,190.609,195.982,189.578,195.727,0,0
BBT_MV,D,20230224,000000,198.546,203.418,197.269,197.269,0,0
BBT_MV,D,20230227,000000,199.823,206.228,193.939,206.228,0,0
BBT_MV,D,20230228,000000,206.228,217.505,206.228,215.963,0,0
BBT_MV,D,20230301,000000,216.483,222.888,199.823,210.845,0,0
BBT_MV,D,20230302,000000,211.356,215.196,211.356,212.633,0,0
BBT_MV,D,20230303,000000,212.633,216.483,209.558,209.558,0,0
BBT_MV,D,20230306,000000,211.356,211.356,200.079,204.951,0,0
BBT_MV,D,20230307,000000,206.228,206.228,200.854,201.11,0,0
BBT_MV,D,20230308,000000,201.11,201.11,196.238,198.035,0,0
BBT_MV,D,20230309,000000,197.78,201.876,193.419,201.11,0,0
BBT_MV,D,20230310,000000,203.418,203.418,193.163,193.163,0,0
BBT_MV,D,20230313,000000,191.886,191.886,179.332,179.587,0,0
BBT_MV,D,20230314,000000,181.385,190.609,181.385,188.556,0,0
BBT_MV,D,20230315,000000,188.556,189.067,181.64,182.662,0,0
BBT_MV,D,20230316,000000,181.129,188.3,180.098,187.014,0,0
BBT_MV,D,20230317,000000,184.97,189.322,184.97,186.248,0,0
BBT_MV,D,20230320,000000,186.248,186.248,178.055,186.248,0,0
BBT_MV,D,20230321,000000,186.503,187.269,183.173,184.459,0,0
BBT_MV,D,20230322,000000,187.79,193.163,183.428,187.014,0,0
BBT_MV,D,20230323,000000,187.014,192.141,187.014,188.811,0,0
BBT_MV,D,20230324,000000,185.737,185.737,183.428,184.459,0,0
BBT_MV,D,20230327,000000,183.173,187.014,181.129,186.758,0,0
BBT_MV,D,20230328,000000,184.459,186.758,179.077,180.865,0,0
BBT_MV,D,20230329,000000,180.865,181.129,178.566,178.566,0,0
BBT_MV,D,20230330,000000,179.077,181.129,178.821,179.332,0,0
BBT_MV,D,20230331,000000,179.332,180.609,178.31,178.566,0,0
BBT_MV,D,20230403,000000,178.566,186.503,178.566,183.173,0,0
BBT_MV,D,20230404,000000,185.737,189.578,184.459,184.97,0,0
BBT_MV,D,20230405,000000,184.715,185.737,181.385,181.896,0,0
BBT_MV,D,20230406,000000,189.322,189.322,182.151,182.151,0,0
BBT_MV,D,20230411,000000,185.481,188.556,185.481,188.556,0,0
BBT_MV,D,20230412,000000,188.3,188.3,180.609,188.045,0,0
BBT_MV,D,20230413,000000,188.045,190.088,184.715,185.992,0,0
BBT_MV,D,20230414,000000,186.248,190.088,186.248,190.088,0,0
BBT_MV,D,20230417,000000,190.088,190.864,186.758,190.864,0,0
BBT_MV,D,20230418,000000,189.578,190.864,187.014,188.045,0,0
BBT_MV,D,20230419,000000,189.578,190.609,187.014,188.556,0,0
BBT_MV,D,20230420,000000,188.3,188.3,185.737,188.3,0,0
BBT_MV,D,20230421,000000,190.864,200.467,190.864,195.982,0,0
BBT_MV,D,20230424,000000,195.982,201.11,195.982,197.269,0,0
BBT_MV,D,20230425,000000,201.11,201.11,192.785,192.785,0,0
BBT_MV,D,20230426,000000,192.141,197.269,190.864,190.864,0,0
BBT_MV,D,20230427,000000,195.982,195.982,181.896,190.221,0,0
BBT_MV,D,20230428,000000,188.944,188.944,184.459,187.657,0,0
BBT_MV,D,20230502,000000,187.657,188.3,184.459,187.657,0,0
BBT_MV,D,20230504,000000,185.093,185.093,174.204,179.332,0,0
BBT_MV,D,20230505,000000,179.332,184.459,177.411,179.332,0,0
BBT_MV,D,20230508,000000,179.332,184.459,179.332,181.896,0,0
BBT_MV,D,20230509,000000,183.173,183.173,180.609,183.173,0,0
BBT_MV,D,20230510,000000,183.173,183.816,180.609,180.609,0,0
BBT_MV,D,20230511,000000,181.252,181.252,178.055,178.055,0,0
BBT_MV,D,20230512,000000,178.055,181.896,178.055,181.896,0,0
BBT_MV,D,20230515,000000,181.896,185.737,181.252,185.093,0,0
BBT_MV,D,20230516,000000,186.38,190.864,185.737,190.864,0,0
BBT_MV,D,20230517,000000,189.578,190.221,182.539,190.221,0,0
BBT_MV,D,20230518,000000,188.944,188.944,182.539,184.459,0,0
BBT_MV,D,20230519,000000,181.896,187.657,181.896,187.657,0,0
BBT_MV,D,20230522,000000,189.578,189.578,179.975,183.816,0,0
BBT_MV,D,20230523,000000,182.539,186.38,181.896,186.38,0,0
BBT_MV,D,20230524,000000,182.539,189.578,182.539,187.014,0,0
BBT_MV,D,20230525,000000,187.014,187.657,183.173,187.657,0,0
BBT_MV,D,20230526,000000,184.459,184.459,171.65,174.204,0,0
BBT_MV,D,20230529,000000,174.204,174.204,169.086,172.284,0,0
BBT_MV,D,20230530,000000,171.65,171.65,165.879,169.086,0,0
BBT_MV,D,20230531,000000,170.363,173.571,169.73,172.927,0,0
BBT_MV,D,20230601,000000,172.284,172.284,161.395,168.443,0,0
BBT_MV,D,20230602,000000,168.443,168.443,162.682,165.879,0,0
BBT_MV,D,20230605,000000,163.959,166.523,162.682,165.245,0,0
BBT_MV,D,20230606,000000,163.959,166.523,161.395,166.523,0,0
BBT_MV,D,20230607,000000,166.523,169.086,163.959,166.523,0,0
BBT_MV,D,20230609,000000,166.523,166.523,163.959,165.245,0,0
BBT_MV,D,20230612,000000,165.245,165.879,163.959,164.602,0,0
BBT_MV,D,20230613,000000,165.879,168.443,163.325,166.523,0,0
BBT_MV,D,20230614,000000,166.523,166.523,164.602,165.879,0,0
BBT_MV,D,20230615,000000,165.879,165.879,160.761,165.245,0,0
BBT_MV,D,20230616,000000,164.602,169.086,162.682,169.086,0,0
BBT_MV,D,20230619,000000,172.927,172.927,169.086,172.284,0,0
BBT_MV,D,20230620,000000,172.284,173.571,171.007,171.65,0,0
BBT_MV,D,20230621,000000,174.848,175.491,170.363,170.363,0,0
BBT_MV,D,20230622,000000,174.204,174.848,171.007,174.848,0,0
BBT_MV,D,20230623,000000,174.848,175.491,173.571,175.491,0,0
BBT_MV,D,20230626,000000,175.491,179.332,175.491,178.055,0,0
BBT_MV,D,20230627,000000,174.67,179.41,174.67,179.41,0,0
BBT_MV,D,20230628,000000,180.08,183.47,179.41,179.41,0,0
BBT_MV,D,20230629,000000,176.02,177.37,176.02,176.02,0,0
BBT_MV,D,20230630,000000,176.7,176.7,173.99,173.99,0,0
BBT_MV,D,20230703,000000,174.67,178.73,174.67,175.34,0,0
BBT_MV,D,20230704,000000,173.99,178.05,170.6,175.34,0,0
BBT_MV,D,20230705,000000,175.34,176.02,171.96,174.67,0,0
BBT_MV,D,20230706,000000,174.67,176.7,174.67,174.67,0,0
BBT_MV,D,20230707,000000,174.67,174.67,167.9,174.67,0,0
BBT_MV,D,20230710,000000,174.67,174.67,169.25,174.67,0,0
BBT_MV,D,20230711,000000,174.67,174.67,169.25,169.25,0,0
BBT_MV,D,20230712,000000,169.25,173.99,169.25,173.31,0,0
BBT_MV,D,20230713,000000,172.64,173.31,171.28,171.28,0,0
BBT_MV,D,20230714,000000,171.28,171.96,170.6,170.6,0,0
BBT_MV,D,20230717,000000,170.6,171.96,165.87,171.96,0,0
BBT_MV,D,20230718,000000,171.28,171.28,165.87,168.57,0,0
BBT_MV,D,20230719,000000,167.9,169.25,161.8,162.48,0,0
BBT_MV,D,20230720,000000,166.54,166.54,162.48,163.16,0,0
BBT_MV,D,20230721,000000,165.19,169.25,165.19,165.19,0,0
BBT_MV,D,20230724,000000,165.19,170.6,161.13,164.51,0,0
BBT_MV,D,20230725,000000,165.87,165.87,165.19,165.87,0,0
BBT_MV,D,20230726,000000,169.93,169.93,164.51,165.19,0,0
BBT_MV,D,20230727,000000,165.87,165.87,162.48,165.19,0,0
BBT_MV,D,20230728,000000,165.19,165.19,162.48,164.51,0,0
BBT_MV,D,20230731,000000,165.19,165.19,160.45,163.16,0,0
BBT_MV,D,20230801,000000,162.48,164.51,161.13,163.83,0,0
BBT_MV,D,20230802,000000,161.8,163.83,159.1,162.48,0,0
BBT_MV,D,20230803,000000,161.8,162.48,160.45,162.48,0,0
BBT_MV,D,20230804,000000,161.8,161.8,159.77,161.8,0,0
BBT_MV,D,20230807,000000,161.13,161.13,159.77,159.77,0,0
BBT_MV,D,20230808,000000,160.45,161.13,159.1,159.1,0,0
BBT_MV,D,20230809,000000,159.77,161.13,157.74,157.74,0,0
BBT_MV,D,20230810,000000,160.45,160.45,157.74,160.45,0,0
BBT_MV,D,20230811,000000,161.13,168.57,158.42,162.48,0,0
BBT_MV,D,20230814,000000,163.83,165.19,161.8,161.8,0,0
BBT_MV,D,20230816,000000,162.48,163.16,161.13,161.13,0,0
BBT_MV,D,20230817,000000,161.13,163.16,159.1,159.1,0,0
BBT_MV,D,20230818,000000,159.1,159.1,158.42,158.42,0,0
BBT_MV,D,20230821,000000,158.42,162.48,158.42,158.42,0,0
BBT_MV,D,20230822,000000,159.77,162.48,159.77,162.48,0,0
BBT_MV,D,20230823,000000,163.16,163.16,158.42,158.42,0,0
BBT_MV,D,20230824,000000,159.1,161.8,158.42,159.1,0,0
BBT_MV,D,20230825,000000,159.1,161.8,159.1,159.77,0,0
BBT_MV,D,20230828,000000,161.8,162.48,161.13,161.13,0,0
BBT_MV,D,20230829,000000,161.13,165.19,159.77,165.19,0,0
BBT_MV,D,20230830,000000,163.83,169.25,163.83,169.25,0,0
BBT_MV,D,20230831,000000,165.87,169.25,165.87,166.54,0,0
BBT_MV,D,20230901,000000,167.9,167.9,166.54,167.9,0,0
BBT_MV,D,20230904,000000,167.9,169.25,164.51,169.25,0,0
BBT_MV,D,20230905,000000,169.25,169.93,165.19,167.9,0,0
BBT_MV,D,20230906,000000,165.19,166.54,163.83,163.83,0,0
BBT_MV,D,20230907,000000,163.83,165.19,161.13,161.13,0,0
BBT_MV,D,20230908,000000,160.45,167.22,160.45,165.19,0,0
BBT_MV,D,20230911,000000,167.22,167.22,159.1,161.13,0,0
BBT_MV,D,20230912,000000,161.13,162.48,158.42,162.48,0,0
BBT_MV,D,20230913,000000,159.1,159.1,157.06,157.06,0,0
BBT_MV,D,20230914,000000,157.06,159.77,155.71,157.06,0,0
BBT_MV,D,20230915,000000,155.71,156.39,154.36,154.36,0,0
BBT_MV,D,20230918,000000,157.74,157.74,156.39,157.06,0,0
BBT_MV,D,20230919,000000,155.03,165.87,154.36,159.77,0,0
BBT_MV,D,20230920,000000,156.39,162.48,155.03,156.39,0,0
BBT_MV,D,20230921,000000,161.13,161.8,156.39,161.8,0,0
BBT_MV,D,20230922,000000,161.13,161.8,156.39,156.39,0,0
BBT_MV,D,20230925,000000,159.77,159.77,157.06,157.06,0,0
BBT_MV,D,20230926,000000,154.36,159.1,154.36,155.71,0,0
BBT_MV,D,20230927,000000,158.42,159.1,155.71,155.71,0,0
BBT_MV,D,20230928,000000,155.71,155.71,153,154.36,0,0
BBT_MV,D,20230929,000000,154.36,155.71,151.65,151.65,0,0
BBT_MV,D,20231002,000000,155.71,158.42,151.65,154.36,0,0
BBT_MV,D,20231003,000000,150.29,159.1,150.29,151.65,0,0
BBT_MV,D,20231004,000000,154.36,155.03,150.29,151.65,0,0
