<TICKER>,<PER>,<DATE>,<TIME>,<OPEN>,<HIGH>,<LOW>,<CLOSE>,<VOL>,<OPENINT>
CAV_PE,D,20210811,000000,3.6,3.6,3.6,3.6,0,0
CAV_PE,D,20210812,000000,3.6,3.6,3.6,3.6,0,0
CAV_PE,D,20210813,000000,3.6,3.6,3.5,3.6,0,0
CAV_PE,D,20210816,000000,3.6,3.6,3.6,3.6,0,0
CAV_PE,D,20210817,000000,3.6,3.6,3.6,3.6,0,0
CAV_PE,D,20210818,000000,3.6,3.6,3.6,3.6,0,0
CAV_PE,D,20210819,000000,3.6,3.6,3.6,3.6,0,0
CAV_PE,D,20210820,000000,3.6,3.6,3.6,3.6,0,0
CAV_PE,D,20210823,000000,3.6,3.6,3.6,3.6,0,0
CAV_PE,D,20210824,000000,3.6,3.6,3.6,3.6,0,0
CAV_PE,D,20210825,000000,3.6,3.6,3.6,3.6,0,0
CAV_PE,D,20210826,000000,3.6,3.6,3.6,3.6,0,0
CAV_PE,D,20210827,000000,3.6,3.6,3.6,3.6,0,0
CAV_PE,D,20210830,000000,3.6,3.6,3.6,3.6,0,0
CAV_PE,D,20210831,000000,3.6,3.7,3.6,3.6,0,0
CAV_PE,D,20210901,000000,3.6,3.6,3.6,3.6,0,0
CAV_PE,D,20210902,000000,3.6,3.6,3.6,3.6,0,0
CAV_PE,D,20210903,000000,3.6,3.6,3.6,3.6,0,0
CAV_PE,D,20210906,000000,3.6,3.7,3.6,3.6,0,0
CAV_PE,D,20210907,000000,3.6,3.7,3.6,3.7,0,0
CAV_PE,D,20210908,000000,3.7,3.7,3.7,3.7,0,0
CAV_PE,D,20210909,000000,3.7,3.7,3.6,3.7,0,0
CAV_PE,D,20210910,000000,3.7,3.7,3.6,3.7,0,0
CAV_PE,D,20210913,000000,3.7,3.7,3.6,3.6,0,0
CAV_PE,D,20210914,000000,3.6,3.6,3.5,3.6,0,0
CAV_PE,D,20210915,000000,3.6,3.7,3.6,3.6,0,0
CAV_PE,D,20210916,000000,3.6,3.6,3.6,3.6,0,0
CAV_PE,D,20210917,000000,3.7,3.7,3.6,3.6,0,0
CAV_PE,D,20210920,000000,3.5,3.6,3.5,3.6,0,0
CAV_PE,D,20210921,000000,3.5,3.6,3.5,3.5,0,0
CAV_PE,D,20210922,000000,3.5,3.5,3.5,3.5,0,0
CAV_PE,D,20210923,000000,3.5,3.6,3.5,3.6,0,0
CAV_PE,D,20210924,000000,3.6,3.6,3.6,3.6,0,0
CAV_PE,D,20210927,000000,3.5,3.6,3.5,3.6,0,0
CAV_PE,D,20210928,000000,3.5,3.6,3.5,3.6,0,0
CAV_PE,D,20210929,000000,3.5,3.6,3.5,3.6,0,0
CAV_PE,D,20210930,000000,3.5,3.6,2.7,2.7,0,0
CAV_PE,D,20211001,000000,2.7,2.7,2.7,2.7,0,0
CAV_PE,D,20211004,000000,2.7,2.7,2.7,2.7,0,0
CAV_PE,D,20211005,000000,2.7,2.7,2.7,2.7,0,0
CAV_PE,D,20211006,000000,2.7,2.7,2.7,2.7,0,0
CAV_PE,D,20211007,000000,2.7,2.8,2.7,2.7,0,0
CAV_PE,D,20211008,000000,2.6,2.7,2.6,2.7,0,0
CAV_PE,D,20211011,000000,2.7,2.7,2.6,2.7,0,0
CAV_PE,D,20211012,000000,2.7,2.8,2.7,2.8,0,0
CAV_PE,D,20211013,000000,2.8,2.9,2.8,2.8,0,0
CAV_PE,D,20211014,000000,2.8,2.8,2.8,2.8,0,0
CAV_PE,D,20211015,000000,2.8,2.8,2.7,2.8,0,0
CAV_PE,D,20211018,000000,2.8,2.8,2.8,2.8,0,0
CAV_PE,D,20211019,000000,2.8,2.8,2.7,2.7,0,0
CAV_PE,D,20211020,000000,2.7,2.8,2.7,2.8,0,0
CAV_PE,D,20211021,000000,2.8,2.8,2.7,2.7,0,0
CAV_PE,D,20211022,000000,2.7,2.8,2.7,2.8,0,0
CAV_PE,D,20211025,000000,2.8,2.8,2.7,2.7,0,0
CAV_PE,D,20211026,000000,2.7,2.8,2.7,2.8,0,0
CAV_PE,D,20211027,000000,2.8,2.8,2.8,2.8,0,0
CAV_PE,D,20211028,000000,2.8,2.8,2.8,2.8,0,0
CAV_PE,D,20211029,000000,2.7,2.8,2.7,2.8,0,0
CAV_PE,D,20211102,000000,2.8,2.8,2.7,2.8,0,0
CAV_PE,D,20211103,000000,2.7,2.8,2.7,2.8,0,0
CAV_PE,D,20211104,000000,2.7,2.8,2.7,2.8,0,0
CAV_PE,D,20211105,000000,2.8,2.8,2.8,2.8,0,0
CAV_PE,D,20211108,000000,2.8,2.8,2.8,2.8,0,0
CAV_PE,D,20211109,000000,2.8,2.8,2.8,2.8,0,0
CAV_PE,D,20211110,000000,2.8,2.8,2.8,2.8,0,0
CAV_PE,D,20211112,000000,2.8,2.8,2.8,2.8,0,0
CAV_PE,D,20211115,000000,2.8,2.8,2.8,2.8,0,0
CAV_PE,D,20211116,000000,2.8,2.8,2.8,2.8,0,0
CAV_PE,D,20211117,000000,2.8,2.8,2.8,2.8,0,0
CAV_PE,D,20211118,000000,2.8,2.8,2.8,2.8,0,0
CAV_PE,D,20211119,000000,2.8,2.8,2.7,2.8,0,0
CAV_PE,D,20211122,000000,2.7,2.7,2.7,2.7,0,0
CAV_PE,D,20211123,000000,2.7,2.7,2.7,2.7,0,0
CAV_PE,D,20211124,000000,2.6,2.7,2.6,2.7,0,0
CAV_PE,D,20211125,000000,2.7,2.7,2.5,2.6,0,0
CAV_PE,D,20211126,000000,2.5,2.7,2.4,2.7,0,0
CAV_PE,D,20211129,000000,2.5,2.8,2.5,2.8,0,0
CAV_PE,D,20211130,000000,2.8,2.8,2.6,2.7,0,0
CAV_PE,D,20211201,000000,2.7,2.8,2.6,2.7,0,0
CAV_PE,D,20211202,000000,2.6,2.7,2.5,2.7,0,0
CAV_PE,D,20211203,000000,2.7,2.7,2.7,2.7,0,0
CAV_PE,D,20211206,000000,2.7,2.7,2.5,2.5,0,0
CAV_PE,D,20211207,000000,2.6,2.6,2.6,2.6,0,0
CAV_PE,D,20211208,000000,2.5,2.6,2.5,2.6,0,0
CAV_PE,D,20211209,000000,2.6,2.6,2.5,2.6,0,0
CAV_PE,D,20211210,000000,2.5,2.6,2.5,2.6,0,0
CAV_PE,D,20211213,000000,2.6,2.6,2.6,2.6,0,0
CAV_PE,D,20211214,000000,2.6,2.6,2.5,2.5,0,0
CAV_PE,D,20211215,000000,2.5,2.5,2.4,2.5,0,0
CAV_PE,D,20211216,000000,2.4,2.5,2.4,2.4,0,0
CAV_PE,D,20211217,000000,2.4,2.5,2.4,2.4,0,0
CAV_PE,D,20211220,000000,2.4,2.4,2.4,2.4,0,0
CAV_PE,D,20211221,000000,2.4,2.4,2.4,2.4,0,0
CAV_PE,D,20211222,000000,2.4,2.5,2.4,2.5,0,0
CAV_PE,D,20211223,000000,2.5,2.6,2.5,2.5,0,0
CAV_PE,D,20211227,000000,2.4,2.5,2.3,2.4,0,0
CAV_PE,D,20211228,000000,2.4,2.5,2.4,2.4,0,0
CAV_PE,D,20211229,000000,2.5,2.5,2.5,2.5,0,0
CAV_PE,D,20211230,000000,2.5,2.5,2.5,2.5,0,0
CAV_PE,D,20220103,000000,2.4,2.5,2.4,2.4,0,0
CAV_PE,D,20220104,000000,2.5,2.5,2.5,2.5,0,0
CAV_PE,D,20220107,000000,2.4,2.5,2.4,2.5,0,0
CAV_PE,D,20220110,000000,2.5,2.5,2.4,2.4,0,0
CAV_PE,D,20220111,000000,2.5,2.5,2.4,2.5,0,0
CAV_PE,D,20220112,000000,2.5,2.5,2.5,2.5,0,0
CAV_PE,D,20220113,000000,2.5,2.5,2.5,2.5,0,0
CAV_PE,D,20220114,000000,2.4,2.8,2.4,2.7,0,0
CAV_PE,D,20220117,000000,2.6,2.7,2.6,2.7,0,0
CAV_PE,D,20220118,000000,2.7,2.8,2.7,2.8,0,0
CAV_PE,D,20220119,000000,2.7,2.7,2.7,2.7,0,0
CAV_PE,D,20220120,000000,2.7,2.7,2.7,2.7,0,0
CAV_PE,D,20220121,000000,2.7,2.7,2.6,2.6,0,0
CAV_PE,D,20220124,000000,2.7,2.7,2.4,2.7,0,0
CAV_PE,D,20220125,000000,2.7,2.8,2.7,2.7,0,0
CAV_PE,D,20220126,000000,2.8,2.8,2.8,2.8,0,0
CAV_PE,D,20220127,000000,2.8,2.8,2.7,2.8,0,0
CAV_PE,D,20220128,000000,2.8,2.8,2.7,2.8,0,0
CAV_PE,D,20220131,000000,2.8,2.8,2.8,2.8,0,0
CAV_PE,D,20220202,000000,2.7,2.8,2.7,2.8,0,0
CAV_PE,D,20220203,000000,2.7,2.8,2.7,2.8,0,0
CAV_PE,D,20220204,000000,2.8,2.8,2.7,2.8,0,0
CAV_PE,D,20220207,000000,2.7,2.8,2.7,2.8,0,0
CAV_PE,D,20220209,000000,2.7,2.8,2.7,2.8,0,0
CAV_PE,D,20220210,000000,2.7,2.8,2.7,2.8,0,0
CAV_PE,D,20220211,000000,2.8,2.8,2.8,2.8,0,0
CAV_PE,D,20220214,000000,2.7,2.8,2.7,2.8,0,0
CAV_PE,D,20220215,000000,2.7,2.8,2.7,2.8,0,0
CAV_PE,D,20220216,000000,2.9,2.9,2.8,2.8,0,0
CAV_PE,D,20220217,000000,2.7,2.8,2.7,2.8,0,0
CAV_PE,D,20220218,000000,2.6,2.8,2.6,2.8,0,0
CAV_PE,D,20220221,000000,2.8,2.8,2.6,2.6,0,0
CAV_PE,D,20220222,000000,2.6,2.6,2.6,2.6,0,0
CAV_PE,D,20220223,000000,2.6,2.6,2.6,2.6,0,0
CAV_PE,D,20220224,000000,2.5,2.5,2.2,2.3,0,0
CAV_PE,D,20220225,000000,2.3,2.4,2.2,2.3,0,0
CAV_PE,D,20220228,000000,2.2,2.4,2.2,2.3,0,0
CAV_PE,D,20220301,000000,2.3,2.5,2.3,2.3,0,0
CAV_PE,D,20220302,000000,2.5,2.5,2.2,2.3,0,0
CAV_PE,D,20220303,000000,2.3,2.3,2.1,2.3,0,0
CAV_PE,D,20220304,000000,2.3,2.3,2.2,2.2,0,0
CAV_PE,D,20220307,000000,2.1,2.1,2.1,2.1,0,0
CAV_PE,D,20220308,000000,2.2,2.2,2.1,2.1,0,0
CAV_PE,D,20220309,000000,2.1,2.1,2.1,2.1,0,0
CAV_PE,D,20220310,000000,2.1,2.1,2.1,2.1,0,0
CAV_PE,D,20220311,000000,2.1,2.2,2.1,2.2,0,0
CAV_PE,D,20220314,000000,2.2,2.3,2.1,2.1,0,0
CAV_PE,D,20220315,000000,2,2.1,2,2.1,0,0
CAV_PE,D,20220316,000000,2.1,2.1,2.1,2.1,0,0
CAV_PE,D,20220317,000000,2.1,2.1,2.1,2.1,0,0
CAV_PE,D,20220318,000000,2.2,2.2,2.1,2.2,0,0
CAV_PE,D,20220321,000000,2.2,2.3,2.2,2.3,0,0
CAV_PE,D,20220322,000000,2.3,2.4,2.3,2.4,0,0
CAV_PE,D,20220323,000000,2.4,2.5,2.4,2.4,0,0
CAV_PE,D,20220324,000000,2.2,2.4,2.2,2.4,0,0
CAV_PE,D,20220325,000000,2.4,2.4,2.4,2.4,0,0
CAV_PE,D,20220328,000000,2.4,2.5,2.3,2.4,0,0
CAV_PE,D,20220329,000000,2.4,2.4,2.3,2.4,0,0
CAV_PE,D,20220330,000000,2.4,2.4,2.4,2.4,0,0
CAV_PE,D,20220331,000000,2.4,2.4,2.4,2.4,0,0
CAV_PE,D,20220401,000000,2.5,2.5,2.4,2.4,0,0
CAV_PE,D,20220404,000000,2.4,2.6,2.4,2.6,0,0
CAV_PE,D,20220405,000000,2.6,2.7,2.5,2.7,0,0
CAV_PE,D,20220406,000000,2.5,2.7,2.5,2.7,0,0
CAV_PE,D,20220407,000000,2.6,2.7,2.6,2.7,0,0
CAV_PE,D,20220408,000000,2.6,2.7,2.6,2.6,0,0
CAV_PE,D,20220411,000000,2.6,2.6,2.6,2.6,0,0
CAV_PE,D,20220412,000000,2.5,2.6,2.5,2.6,0,0
CAV_PE,D,20220413,000000,2.7,2.7,2.6,2.6,0,0
CAV_PE,D,20220414,000000,2.5,2.6,2.4,2.5,0,0
CAV_PE,D,20220419,000000,2.5,2.5,2.5,2.5,0,0
CAV_PE,D,20220420,000000,2.4,2.6,2.4,2.6,0,0
CAV_PE,D,20220421,000000,2.4,2.6,2.4,2.6,0,0
CAV_PE,D,20220425,000000,2.5,2.9,2.5,2.9,0,0
CAV_PE,D,20220426,000000,2.9,3,2.8,3,0,0
CAV_PE,D,20220427,000000,3,3,3,3,0,0
CAV_PE,D,20220428,000000,2.8,2.9,2.8,2.9,0,0
CAV_PE,D,20220429,000000,2.9,2.9,2.8,2.8,0,0
CAV_PE,D,20220502,000000,2.8,2.9,2.8,2.8,0,0
CAV_PE,D,20220504,000000,2.8,2.9,2.8,2.8,0,0
CAV_PE,D,20220505,000000,2.8,2.9,2.8,2.9,0,0
CAV_PE,D,20220506,000000,3,3,2.9,2.9,0,0
CAV_PE,D,20220509,000000,2.8,2.8,2.7,2.8,0,0
CAV_PE,D,20220510,000000,2.9,2.9,2.8,2.8,0,0
CAV_PE,D,20220511,000000,2.8,2.8,2.7,2.7,0,0
CAV_PE,D,20220512,000000,2.6,2.8,2.5,2.7,0,0
CAV_PE,D,20220513,000000,2.8,2.8,2.8,2.8,0,0
CAV_PE,D,20220516,000000,2.7,2.8,2.7,2.7,0,0
CAV_PE,D,20220517,000000,2.6,2.8,2.6,2.8,0,0
CAV_PE,D,20220518,000000,2.7,2.8,2.7,2.8,0,0
CAV_PE,D,20220519,000000,2.7,2.9,2.7,2.8,0,0
CAV_PE,D,20220523,000000,2.7,2.7,2.7,2.7,0,0
CAV_PE,D,20220525,000000,2.6,2.7,2.6,2.7,0,0
CAV_PE,D,20220526,000000,2.6,2.8,2.6,2.8,0,0
CAV_PE,D,20220527,000000,2.7,2.8,2.7,2.8,0,0
CAV_PE,D,20220530,000000,2.7,2.8,2.7,2.7,0,0
CAV_PE,D,20220531,000000,2.8,2.8,2.7,2.7,0,0
CAV_PE,D,20220601,000000,2.8,2.8,2.7,2.8,0,0
CAV_PE,D,20220602,000000,2.8,3.2,2.8,3.2,0,0
CAV_PE,D,20220603,000000,3.1,3.2,3.1,3.2,0,0
CAV_PE,D,20220607,000000,3.1,3.2,3.1,3.1,0,0
CAV_PE,D,20220608,000000,3.1,3.2,3.1,3.2,0,0
CAV_PE,D,20220609,000000,3.2,3.2,3.2,3.2,0,0
CAV_PE,D,20220610,000000,3.2,3.2,3.2,3.2,0,0
CAV_PE,D,20220613,000000,3.2,3.3,3.2,3.2,0,0
CAV_PE,D,20220614,000000,3.1,3.2,3.1,3.2,0,0
CAV_PE,D,20220615,000000,3.2,3.2,3.2,3.2,0,0
CAV_PE,D,20220617,000000,3,3.1,3,3.1,0,0
CAV_PE,D,20220620,000000,3.2,3.2,3.2,3.2,0,0
CAV_PE,D,20220624,000000,3.2,3.2,3.1,3.2,0,0
CAV_PE,D,20220627,000000,3.2,3.3,3.2,3.3,0,0
CAV_PE,D,20220628,000000,3.3,3.3,3.3,3.3,0,0
CAV_PE,D,20220629,000000,3.3,3.4,3.3,3.4,0,0
CAV_PE,D,20220630,000000,3.4,3.4,3.3,3.3,0,0
CAV_PE,D,20220701,000000,3.4,3.5,3.4,3.4,0,0
CAV_PE,D,20220704,000000,3.4,3.6,3.4,3.6,0,0
CAV_PE,D,20220705,000000,3.5,3.5,3.5,3.5,0,0
CAV_PE,D,20220706,000000,3.5,3.6,3.4,3.5,0,0
CAV_PE,D,20220707,000000,3.5,3.6,3.4,3.4,0,0
CAV_PE,D,20220708,000000,3.6,3.6,3.5,3.5,0,0
CAV_PE,D,20220712,000000,3.3,3.4,3.3,3.4,0,0
CAV_PE,D,20220713,000000,3.2,3.2,3.2,3.2,0,0
CAV_PE,D,20220714,000000,3.4,3.4,3.1,3.3,0,0
CAV_PE,D,20220715,000000,3.3,3.4,3.3,3.4,0,0
CAV_PE,D,20220718,000000,3.4,3.4,3.1,3.4,0,0
CAV_PE,D,20220719,000000,3.2,3.4,3.2,3.3,0,0
CAV_PE,D,20220720,000000,3.3,3.3,3.1,3.3,0,0
CAV_PE,D,20220721,000000,3.3,3.4,3.3,3.4,0,0
CAV_PE,D,20220722,000000,3.4,3.4,3.3,3.3,0,0
CAV_PE,D,20220725,000000,3.3,3.3,3.2,3.3,0,0
CAV_PE,D,20220726,000000,3.3,3.3,3.2,3.2,0,0
CAV_PE,D,20220727,000000,3.2,3.3,3.2,3.3,0,0
CAV_PE,D,20220728,000000,3.3,3.3,3.3,3.3,0,0
CAV_PE,D,20220729,000000,3.2,3.3,3.2,3.2,0,0
CAV_PE,D,20220801,000000,3.2,3.2,3.2,3.2,0,0
CAV_PE,D,20220802,000000,3.2,3.2,3.2,3.2,0,0
CAV_PE,D,20220803,000000,3.2,3.3,3.2,3.3,0,0
CAV_PE,D,20220804,000000,3.3,3.4,3.3,3.3,0,0
CAV_PE,D,20220805,000000,3.3,3.4,3.2,3.4,0,0
CAV_PE,D,20220808,000000,3.4,3.4,3.4,3.4,0,0
CAV_PE,D,20220809,000000,3.3,3.4,3.3,3.3,0,0
CAV_PE,D,20220810,000000,3.3,3.3,3.2,3.3,0,0
CAV_PE,D,20220811,000000,3.3,3.3,3.1,3.3,0,0
CAV_PE,D,20220812,000000,3.3,3.3,3.3,3.3,0,0
CAV_PE,D,20220816,000000,3.3,3.3,3.1,3.2,0,0
CAV_PE,D,20220817,000000,3.2,3.3,3.1,3.3,0,0
CAV_PE,D,20220818,000000,3.3,3.3,3.2,3.2,0,0
CAV_PE,D,20220819,000000,3.3,3.3,3.1,3.2,0,0
CAV_PE,D,20220822,000000,3.2,3.2,3.2,3.2,0,0
CAV_PE,D,20220823,000000,3.2,3.2,3.2,3.2,0,0
CAV_PE,D,20220824,000000,3.2,3.2,3.2,3.2,0,0
CAV_PE,D,20220825,000000,3.2,3.2,3.2,3.2,0,0
CAV_PE,D,20220826,000000,3.2,3.4,3.2,3.3,0,0
CAV_PE,D,20220829,000000,3.2,3.2,3.1,3.2,0,0
CAV_PE,D,20220830,000000,3.2,3.2,3.1,3.2,0,0
CAV_PE,D,20220831,000000,3.2,3.2,3.1,3.2,0,0
CAV_PE,D,20220901,000000,3.2,3.2,3.1,3.1,0,0
CAV_PE,D,20220902,000000,3.1,3.1,3.1,3.1,0,0
CAV_PE,D,20220905,000000,3.1,3.2,3.1,3.2,0,0
CAV_PE,D,20220906,000000,3.1,3.2,3.1,3.1,0,0
CAV_PE,D,20220907,000000,3.1,3.2,3.1,3.2,0,0
CAV_PE,D,20220908,000000,3.1,3.2,3.1,3.2,0,0
CAV_PE,D,20220909,000000,3.1,3.2,3.1,3.2,0,0
CAV_PE,D,20220912,000000,3.2,3.2,3.2,3.2,0,0
CAV_PE,D,20220913,000000,3.2,3.2,3.2,3.2,0,0
CAV_PE,D,20220914,000000,3.1,3.2,3.1,3.2,0,0
CAV_PE,D,20220916,000000,3.1,3.3,3.1,3.3,0,0
CAV_PE,D,20220919,000000,3.2,3.2,3.1,3.2,0,0
CAV_PE,D,20220920,000000,3.1,3.2,3.1,3.2,0,0
CAV_PE,D,20220921,000000,3.2,3.2,3.2,3.2,0,0
CAV_PE,D,20220922,000000,3.1,3.2,3.1,3.1,0,0
CAV_PE,D,20220923,000000,3.1,3.1,3.1,3.1,0,0
CAV_PE,D,20220926,000000,3.1,3.1,3.1,3.1,0,0
CAV_PE,D,20220927,000000,3,3.1,3,3,0,0
CAV_PE,D,20220928,000000,2.9,2.9,2.8,2.9,0,0
CAV_PE,D,20220929,000000,2.8,3.1,2.7,3.1,0,0
CAV_PE,D,20220930,000000,3.1,3.2,3,3,0,0
CAV_PE,D,20221003,000000,3,3.2,2.9,3.2,0,0
CAV_PE,D,20221004,000000,3,3.2,3,3.2,0,0
CAV_PE,D,20221005,000000,3.1,3.1,3.1,3.1,0,0
CAV_PE,D,20221006,000000,3.1,3.7,3.1,3.7,0,0
CAV_PE,D,20221007,000000,3.6,3.7,3.6,3.7,0,0
CAV_PE,D,20221010,000000,3.6,3.6,3.6,3.6,0,0
CAV_PE,D,20221011,000000,3.7,3.7,3.5,3.5,0,0
CAV_PE,D,20221012,000000,3.5,3.5,3.4,3.5,0,0
CAV_PE,D,20221013,000000,3.5,3.5,3.5,3.5,0,0
CAV_PE,D,20221014,000000,3.5,3.5,3.4,3.4,0,0
CAV_PE,D,20221017,000000,3.4,3.5,3.4,3.5,0,0
CAV_PE,D,20221018,000000,3.5,3.5,3.4,3.4,0,0
CAV_PE,D,20221019,000000,3.4,3.4,3.4,3.4,0,0
CAV_PE,D,20221020,000000,3.3,3.4,3.3,3.4,0,0
CAV_PE,D,20221021,000000,3.4,3.4,3.4,3.4,0,0
CAV_PE,D,20221024,000000,3.4,3.4,3.4,3.4,0,0
CAV_PE,D,20221025,000000,3.3,3.3,3.3,3.3,0,0
CAV_PE,D,20221026,000000,3.4,3.4,3.4,3.4,0,0
CAV_PE,D,20221027,000000,3.4,3.4,3.4,3.4,0,0
CAV_PE,D,20221028,000000,3.4,3.4,3.3,3.3,0,0
CAV_PE,D,20221031,000000,3.4,3.4,3.4,3.4,0,0
CAV_PE,D,20221102,000000,3.5,3.5,3.3,3.4,0,0
CAV_PE,D,20221104,000000,3.4,3.5,3.4,3.5,0,0
CAV_PE,D,20221107,000000,3.5,3.5,3.5,3.5,0,0
CAV_PE,D,20221108,000000,3.5,3.5,3.5,3.5,0,0
CAV_PE,D,20221109,000000,3.4,3.5,3.4,3.5,0,0
CAV_PE,D,20221110,000000,3.5,3.5,3.4,3.5,0,0
CAV_PE,D,20221114,000000,3.5,3.6,3.5,3.6,0,0
CAV_PE,D,20221115,000000,3.6,3.7,3.5,3.6,0,0
CAV_PE,D,20221116,000000,3.5,3.6,3.5,3.6,0,0
CAV_PE,D,20221117,000000,3.5,3.8,3.5,3.8,0,0
CAV_PE,D,20221118,000000,3.7,3.8,3.7,3.7,0,0
CAV_PE,D,20221121,000000,3.7,3.7,3.7,3.7,0,0
CAV_PE,D,20221122,000000,3.7,3.7,3.6,3.7,0,0
CAV_PE,D,20221123,000000,3.7,3.7,3.7,3.7,0,0
CAV_PE,D,20221124,000000,3.7,3.7,3.7,3.7,0,0
CAV_PE,D,20221125,000000,3.7,3.7,3.7,3.7,0,0
CAV_PE,D,20221128,000000,3.8,3.8,3.8,3.8,0,0
CAV_PE,D,20221129,000000,3.7,4.2,3.7,4.2,0,0
CAV_PE,D,20221130,000000,4.2,4.2,4.2,4.2,0,0
CAV_PE,D,20221201,000000,4.2,4.2,4.2,4.2,0,0
CAV_PE,D,20221202,000000,4.2,4.4,4.2,4.4,0,0
CAV_PE,D,20221205,000000,4.3,4.4,4.3,4.4,0,0
CAV_PE,D,20221206,000000,4.4,4.4,4.4,4.4,0,0
CAV_PE,D,20221207,000000,4.3,4.4,4.3,4.4,0,0
CAV_PE,D,20221208,000000,4.3,4.4,4.2,4.4,0,0
CAV_PE,D,20221212,000000,4.4,4.4,4.4,4.4,0,0
CAV_PE,D,20221213,000000,4.4,4.4,4.4,4.4,0,0
CAV_PE,D,20221214,000000,4.2,4.4,4.2,4.4,0,0
CAV_PE,D,20221215,000000,4.3,4.4,4.2,4.4,0,0
CAV_PE,D,20221216,000000,4.2,4.3,4.1,4.3,0,0
CAV_PE,D,20221219,000000,4.3,4.3,4.3,4.3,0,0
CAV_PE,D,20221220,000000,4.3,4.3,4.3,4.3,0,0
CAV_PE,D,20221221,000000,4.3,4.4,4.3,4.3,0,0
CAV_PE,D,20221222,000000,4.3,4.3,4.3,4.3,0,0
CAV_PE,D,20221223,000000,4.3,4.3,4.2,4.3,0,0
CAV_PE,D,20221227,000000,4.3,4.3,4.1,4.2,0,0
CAV_PE,D,20221228,000000,4.1,4.1,4,4,0,0
CAV_PE,D,20221229,000000,4.1,4.3,4,4.3,0,0
CAV_PE,D,20221230,000000,4.3,4.3,4.1,4.1,0,0
CAV_PE,D,20230102,000000,4.3,4.3,4.1,4.2,0,0
CAV_PE,D,20230103,000000,4.2,4.3,4,4.1,0,0
CAV_PE,D,20230104,000000,4.1,4.2,4.1,4.2,0,0
CAV_PE,D,20230105,000000,4.2,4.2,4.2,4.2,0,0
CAV_PE,D,20230109,000000,4.2,4.2,4.2,4.2,0,0
CAV_PE,D,20230110,000000,4.1,4.1,4,4,0,0
CAV_PE,D,20230111,000000,4,4,3.9,4,0,0
CAV_PE,D,20230112,000000,4,4,4,4,0,0
CAV_PE,D,20230113,000000,4,4,4,4,0,0
CAV_PE,D,20230116,000000,4,4.1,3.9,4.1,0,0
CAV_PE,D,20230117,000000,4.1,4.2,4.1,4.2,0,0
CAV_PE,D,20230119,000000,4.2,4.2,4.2,4.2,0,0
CAV_PE,D,20230120,000000,4.2,4.2,4.1,4.2,0,0
CAV_PE,D,20230123,000000,4.2,4.2,4.1,4.1,0,0
CAV_PE,D,20230124,000000,4,4.2,4,4.1,0,0
CAV_PE,D,20230125,000000,4.1,4.1,3.9,4.1,0,0
CAV_PE,D,20230126,000000,4,4.1,4,4.1,0,0
CAV_PE,D,20230127,000000,4.1,4.2,4.1,4.2,0,0
CAV_PE,D,20230130,000000,4.2,4.2,4,4.2,0,0
CAV_PE,D,20230131,000000,4.1,4.2,4,4.2,0,0
CAV_PE,D,20230201,000000,4.1,4.1,4.1,4.1,0,0
CAV_PE,D,20230202,000000,4,4,4,4,0,0
CAV_PE,D,20230203,000000,4.1,4.1,4.1,4.1,0,0
CAV_PE,D,20230206,000000,4.1,4.1,4.1,4.1,0,0
CAV_PE,D,20230207,000000,4.1,4.1,4.1,4.1,0,0
CAV_PE,D,20230208,000000,4.1,4.1,4.1,4.1,0,0
CAV_PE,D,20230209,000000,4.1,4.1,4,4.1,0,0
CAV_PE,D,20230210,000000,4.1,4.1,4,4,0,0
CAV_PE,D,20230213,000000,4.1,4.1,4.1,4.1,0,0
CAV_PE,D,20230214,000000,4.1,4.1,4.1,4.1,0,0
CAV_PE,D,20230215,000000,4.1,4.1,4,4,0,0
CAV_PE,D,20230216,000000,4,4,3.9,3.9,0,0
CAV_PE,D,20230217,000000,4,4,3.8,4,0,0
CAV_PE,D,20230220,000000,3.9,4.1,3.9,4.1,0,0
CAV_PE,D,20230221,000000,4,4.1,3.9,4.1,0,0
CAV_PE,D,20230222,000000,4.1,4.1,4.1,4.1,0,0
CAV_PE,D,20230223,000000,4.1,4.1,4.1,4.1,0,0
CAV_PE,D,20230224,000000,4.1,4.1,4.1,4.1,0,0
CAV_PE,D,20230227,000000,4.1,4.1,4,4,0,0
CAV_PE,D,20230228,000000,4.1,4.1,4,4,0,0
CAV_PE,D,20230301,000000,4,4,3.9,4,0,0
CAV_PE,D,20230302,000000,4,4,4,4,0,0
CAV_PE,D,20230306,000000,4,4.1,4,4.1,0,0
CAV_PE,D,20230307,000000,4.1,4.1,4,4,0,0
CAV_PE,D,20230308,000000,4,4.1,4,4,0,0
CAV_PE,D,20230309,000000,4,4,4,4,0,0
CAV_PE,D,20230310,000000,3.9,4,3.9,4,0,0
CAV_PE,D,20230313,000000,4,4.1,4,4,0,0
CAV_PE,D,20230314,000000,4,4.1,4,4,0,0
CAV_PE,D,20230315,000000,4,4,4,4,0,0
CAV_PE,D,20230316,000000,4,4.1,3.9,3.9,0,0
CAV_PE,D,20230317,000000,4,4,3.9,3.9,0,0
CAV_PE,D,20230320,000000,3.8,3.9,3.8,3.9,0,0
CAV_PE,D,20230321,000000,3.9,3.9,3.8,3.9,0,0
CAV_PE,D,20230322,000000,3.8,3.9,3.8,3.9,0,0
CAV_PE,D,20230324,000000,3.9,3.9,3.9,3.9,0,0
CAV_PE,D,20230327,000000,3.8,3.9,3.8,3.9,0,0
CAV_PE,D,20230328,000000,3.8,3.8,3.5,3.7,0,0
CAV_PE,D,20230329,000000,3.6,3.8,3.6,3.8,0,0
CAV_PE,D,20230330,000000,3.8,3.8,3.8,3.8,0,0
CAV_PE,D,20230331,000000,3.8,3.8,3.7,3.8,0,0
CAV_PE,D,20230403,000000,3.8,3.8,3.7,3.7,0,0
CAV_PE,D,20230404,000000,3.8,3.8,3.7,3.7,0,0
CAV_PE,D,20230405,000000,3.7,3.7,3.7,3.7,0,0
CAV_PE,D,20230406,000000,3.7,3.7,3.7,3.7,0,0
CAV_PE,D,20230411,000000,3.7,3.7,3.6,3.7,0,0
CAV_PE,D,20230412,000000,3.7,3.7,3.7,3.7,0,0
CAV_PE,D,20230413,000000,3.7,3.7,3.7,3.7,0,0
CAV_PE,D,20230414,000000,3.7,3.7,3.6,3.7,0,0
CAV_PE,D,20230417,000000,3.7,3.7,3.7,3.7,0,0
CAV_PE,D,20230418,000000,3.7,3.7,3.6,3.6,0,0
CAV_PE,D,20230419,000000,3.6,3.6,3.6,3.6,0,0
CAV_PE,D,20230420,000000,3.6,3.7,3.6,3.7,0,0
CAV_PE,D,20230421,000000,3.7,3.7,3.7,3.7,0,0
CAV_PE,D,20230424,000000,3.7,3.7,3.5,3.5,0,0
CAV_PE,D,20230425,000000,3.5,3.5,3.5,3.5,0,0
CAV_PE,D,20230426,000000,3.5,3.5,3.4,3.5,0,0
CAV_PE,D,20230427,000000,3.5,3.5,3.4,3.4,0,0
CAV_PE,D,20230428,000000,3.4,3.6,3.4,3.6,0,0
CAV_PE,D,20230502,000000,3.6,3.6,3.6,3.6,0,0
CAV_PE,D,20230504,000000,3.6,16.5,3.6,16.5,0,0
CAV_PE,D,20230505,000000,16.2,16.3,16.2,16.3,0,0
CAV_PE,D,20230508,000000,16.4,16.6,16.3,16.4,0,0
CAV_PE,D,20230509,000000,16.4,16.5,16.4,16.4,0,0
CAV_PE,D,20230510,000000,16.5,16.5,16.4,16.5,0,0
CAV_PE,D,20230511,000000,16.5,16.5,16.4,16.4,0,0
CAV_PE,D,20230512,000000,16.4,16.6,16.4,16.6,0,0
CAV_PE,D,20230515,000000,16.6,16.6,16.3,16.3,0,0
CAV_PE,D,20230516,000000,16.3,16.3,16.1,16.3,0,0
CAV_PE,D,20230517,000000,16.1,16.1,16.1,16.1,0,0
CAV_PE,D,20230518,000000,16.2,16.2,16.1,16.1,0,0
CAV_PE,D,20230519,000000,16.1,16.1,15.4,15.8,0,0
CAV_PE,D,20230522,000000,15.8,15.9,15.8,15.9,0,0
CAV_PE,D,20230523,000000,15.9,16.4,15.9,16.3,0,0
CAV_PE,D,20230524,000000,16.3,16.3,15.7,16.2,0,0
CAV_PE,D,20230525,000000,16.2,16.2,15.6,16.2,0,0
CAV_PE,D,20230526,000000,16.2,16.3,16.2,16.3,0,0
CAV_PE,D,20230529,000000,16.3,16.3,16.3,16.3,0,0
CAV_PE,D,20230530,000000,16.3,16.3,16.2,16.2,0,0
CAV_PE,D,20230531,000000,16.2,16.2,16.2,16.2,0,0
CAV_PE,D,20230601,000000,16.2,16.2,16.2,16.2,0,0
CAV_PE,D,20230602,000000,16.2,16.2,15.3,15.5,0,0
CAV_PE,D,20230605,000000,15.7,15.8,15.6,15.6,0,0
CAV_PE,D,20230606,000000,15.8,15.8,15.6,15.7,0,0
CAV_PE,D,20230607,000000,15.5,16.1,15.5,15.8,0,0
CAV_PE,D,20230609,000000,16,16.2,16,16.2,0,0
CAV_PE,D,20230612,000000,16.2,16.7,16.2,16.6,0,0
CAV_PE,D,20230613,000000,16.6,17.2,16.5,16.7,0,0
CAV_PE,D,20230614,000000,17,17.4,17,17.4,0,0
CAV_PE,D,20230615,000000,17.4,17.4,17.2,17.3,0,0
CAV_PE,D,20230616,000000,17.2,17.3,17.2,17.3,0,0
CAV_PE,D,20230619,000000,17.3,17.3,17.2,17.2,0,0
CAV_PE,D,20230620,000000,17.2,17.2,17.2,17.2,0,0
CAV_PE,D,20230621,000000,17.2,17.2,17.2,17.2,0,0
CAV_PE,D,20230622,000000,17.2,17.2,17,17.1,0,0
CAV_PE,D,20230623,000000,17.1,17.1,16.9,17,0,0
CAV_PE,D,20230626,000000,17,17,16.9,16.9,0,0
CAV_PE,D,20230627,000000,16.9,17,16.9,17,0,0
CAV_PE,D,20230628,000000,17,17,16.9,16.9,0,0
CAV_PE,D,20230629,000000,16.9,16.9,16.9,16.9,0,0
CAV_PE,D,20230630,000000,16.9,16.9,16.8,16.9,0,0
CAV_PE,D,20230703,000000,16.9,17,16.8,16.8,0,0
CAV_PE,D,20230704,000000,16.9,16.9,16.8,16.8,0,0
CAV_PE,D,20230705,000000,16.8,17.1,16.8,17.1,0,0
CAV_PE,D,20230706,000000,17.1,17.1,17,17.1,0,0
CAV_PE,D,20230707,000000,17,17.1,16.9,17.1,0,0
CAV_PE,D,20230710,000000,16.9,16.9,16.9,16.9,0,0
CAV_PE,D,20230711,000000,16.9,16.9,16.9,16.9,0,0
CAV_PE,D,20230712,000000,16.9,16.9,16.8,16.9,0,0
CAV_PE,D,20230713,000000,16.8,16.8,16.7,16.7,0,0
CAV_PE,D,20230714,000000,17.1,17.3,17.1,17.3,0,0
CAV_PE,D,20230717,000000,17.3,17.6,16.7,17.6,0,0
CAV_PE,D,20230718,000000,17.6,17.7,17.5,17.5,0,0
CAV_PE,D,20230719,000000,17.7,17.9,17.7,17.9,0,0
CAV_PE,D,20230720,000000,17.7,18,17.7,18,0,0
CAV_PE,D,20230721,000000,18,18.5,17.8,18.5,0,0
CAV_PE,D,20230724,000000,18.4,18.4,18.4,18.4,0,0
CAV_PE,D,20230725,000000,18.4,18.4,18.4,18.4,0,0
CAV_PE,D,20230726,000000,18.4,18.4,17.7,18,0,0
CAV_PE,D,20230727,000000,18,18.1,17.5,17.8,0,0
CAV_PE,D,20230728,000000,17.5,17.8,17.2,17.8,0,0
CAV_PE,D,20230731,000000,17.7,17.8,17.7,17.8,0,0
CAV_PE,D,20230801,000000,17.8,17.8,17.8,17.8,0,0
CAV_PE,D,20230802,000000,17.8,17.9,17.6,17.9,0,0
CAV_PE,D,20230803,000000,17.9,17.9,17.9,17.9,0,0
CAV_PE,D,20230804,000000,17.9,17.9,17.715,17.8,0,0
CAV_PE,D,20230807,000000,17.799,17.799,17.429,17.5,0,0
CAV_PE,D,20230808,000000,17.501,17.501,17.361,17.5,0,0
CAV_PE,D,20230809,000000,17.501,17.64,17.501,17.6,0,0
CAV_PE,D,20230810,000000,17.554,17.6,17.554,17.6,0,0
CAV_PE,D,20230814,000000,17.647,17.739,17.6,17.6,0,0
CAV_PE,D,20230816,000000,17.601,17.601,16.999,17,0,0
CAV_PE,D,20230817,000000,17.417,17.417,17.4,17.4,0,0
CAV_PE,D,20230822,000000,17.307,17.307,16.844,17.1,0,0
CAV_PE,D,20230823,000000,17.1,17.1,16.73,16.8,0,0
CAV_PE,D,20230824,000000,16.939,17.171,16.753,17,0,0
CAV_PE,D,20230828,000000,16.349,16.721,16.349,16.5,0,0
CAV_PE,D,20230829,000000,16.499,16.732,16.499,16.7,0,0
CAV_PE,D,20230830,000000,16.608,16.608,16.6,16.6,0,0
CAV_PE,D,20230831,000000,17.157,17.157,17.1,17.1,0,0
CAV_PE,D,20230901,000000,17.192,17.2,17.192,17.2,0,0
CAV_PE,D,20230904,000000,17.246,17.246,16.923,17.2,0,0
CAV_PE,D,20230905,000000,16.875,17.1,16.69,17.1,0,0
CAV_PE,D,20230906,000000,16.729,17.007,16.729,17,0,0
CAV_PE,D,20230907,000000,17,17.278,17,17.2,0,0
CAV_PE,D,20230908,000000,17.246,17.6,17.246,17.6,0,0
CAV_PE,D,20230911,000000,17.554,17.925,16.952,17.9,0,0
CAV_PE,D,20230912,000000,17.53,17.53,17.206,17.4,0,0
CAV_PE,D,20230913,000000,17.261,17.261,16.518,17.1,0,0
CAV_PE,D,20230914,000000,17.1,17.1,17.1,17.1,0,0
CAV_PE,D,20230915,000000,17.1,17.1,17.1,17.1,0,0
CAV_PE,D,20230918,000000,17.1,17.1,17.1,17.1,0,0
CAV_PE,D,20230919,000000,17.1,17.1,17.1,17.1,0,0
CAV_PE,D,20230920,000000,17.1,17.1,17.1,17.1,0,0
CAV_PE,D,20230921,000000,17.1,17.1,16.543,16.9,0,0
CAV_PE,D,20230925,000000,16.715,16.715,16.6,16.6,0,0
CAV_PE,D,20230926,000000,16.6,16.6,16.5,16.5,0,0
CAV_PE,D,20230927,000000,16.5,16.5,16.268,16.4,0,0
CAV_PE,D,20230928,000000,16.354,16.4,16.261,16.3,0,0
CAV_PE,D,20230929,000000,16.021,16.4,16.021,16.4,0,0
CAV_PE,D,20231002,000000,16.4,16.4,15.982,16.4,0,0
