<TICKER>,<PER>,<DATE>,<TIME>,<OPEN>,<HIGH>,<LOW>,<CLOSE>,<VOL>,<OPENINT>
CBF_PE,D,20171229,000000,43.6613,43.6613,43.6613,43.6613,0,0
CBF_PE,D,20180103,000000,35.2294,42.3491,34.3859,42.3491,0,0
CBF_PE,D,20180104,000000,42.4431,42.4431,40.8513,41.225,0,0
CBF_PE,D,20180105,000000,43.1935,43.1935,41.225,43.0061,0,0
CBF_PE,D,20180108,000000,43.474,44.6922,42.3491,42.3491,0,0
CBF_PE,D,20180109,000000,41.8821,41.8821,41.3182,41.3182,0,0
CBF_PE,D,20180110,000000,41.6007,42.3491,41.6007,42.2559,0,0
CBF_PE,D,20180111,000000,42.912,42.912,41.3182,42.3491,0,0
CBF_PE,D,20180112,000000,41.3182,43.1003,41.3182,43.0061,0,0
CBF_PE,D,20180115,000000,44.4117,44.4117,43.1935,43.8486,0,0
CBF_PE,D,20180116,000000,44.6922,44.6922,43.1003,43.8486,0,0
CBF_PE,D,20180117,000000,43.8486,57.4347,42.912,57.4347,0,0
CBF_PE,D,20180118,000000,57.4347,57.7152,55.0915,57.7152,0,0
CBF_PE,D,20180119,000000,57.7152,57.7152,57.1542,57.4347,0,0
CBF_PE,D,20180122,000000,57.7152,57.7152,57.4347,57.7152,0,0
CBF_PE,D,20180123,000000,57.4347,58.0908,57.06,57.7152,0,0
CBF_PE,D,20180124,000000,57.7152,57.9967,57.2463,57.9025,0,0
CBF_PE,D,20180125,000000,57.9025,62.4005,57.3405,61.9327,0,0
CBF_PE,D,20180126,000000,59.3081,61.6502,59.3081,61.1823,0,0
CBF_PE,D,20180129,000000,59.5904,61.1823,59.5904,61.1823,0,0
CBF_PE,D,20180130,000000,61.4628,61.4628,59.5904,60.5262,0,0
CBF_PE,D,20180131,000000,59.8701,61.9327,59.8701,60.5262,0,0
CBF_PE,D,20180201,000000,61.8375,62.4005,60.432,62.4005,0,0
CBF_PE,D,20180202,000000,62.4005,62.4005,62.4005,62.4005,0,0
CBF_PE,D,20180205,000000,60.8086,60.9018,58.6519,60.9018,0,0
CBF_PE,D,20180206,000000,59.3081,60.2447,56.2166,60.2447,0,0
CBF_PE,D,20180207,000000,62.12,62.12,60.2447,60.8086,0,0
CBF_PE,D,20180208,000000,60.1515,60.9018,57.7152,60.9018,0,0
CBF_PE,D,20180209,000000,59.4031,60.9018,58.3723,60.5262,0,0
CBF_PE,D,20180212,000000,60.8086,60.9018,60.7145,60.9018,0,0
CBF_PE,D,20180213,000000,61.0882,63.7118,61.0882,61.8375,0,0
CBF_PE,D,20180214,000000,62.681,63.3381,62.4005,63.0556,0,0
CBF_PE,D,20180215,000000,63.5245,63.806,63.2439,63.806,0,0
CBF_PE,D,20180216,000000,63.806,63.9933,63.0556,63.7118,0,0
CBF_PE,D,20180219,000000,63.9933,65.3987,63.9933,64.93,0,0
CBF_PE,D,20180220,000000,64.93,64.93,63.7118,64.93,0,0
CBF_PE,D,20180221,000000,64.6495,64.93,62.4005,63.3381,0,0
CBF_PE,D,20180222,000000,63.806,63.806,61.557,63.3381,0,0
CBF_PE,D,20180223,000000,62.8683,62.8683,60.8086,60.9018,0,0
CBF_PE,D,20180226,000000,61.557,63.0556,61.557,62.4005,0,0
CBF_PE,D,20180227,000000,62.4005,62.4005,62.4005,62.4005,0,0
CBF_PE,D,20180228,000000,60.995,62.4005,48.4397,48.4397,0,0
CBF_PE,D,20180301,000000,47.9719,47.9719,46.7538,46.7538,0,0
CBF_PE,D,20180302,000000,47.0353,47.2216,45.9093,47.2216,0,0
CBF_PE,D,20180305,000000,47.6895,47.6895,46.4723,47.2216,0,0
CBF_PE,D,20180306,000000,47.2216,48.7203,47.2216,48.6271,0,0
CBF_PE,D,20180307,000000,48.5329,48.6271,47.409,48.2534,0,0
CBF_PE,D,20180308,000000,47.5963,48.2534,47.3148,47.5022,0,0
CBF_PE,D,20180309,000000,47.2216,48.7203,47.2216,48.6271,0,0
CBF_PE,D,20180312,000000,48.6271,48.6271,46.7538,47.6895,0,0
CBF_PE,D,20180313,000000,47.9719,47.9719,47.0353,47.0353,0,0
CBF_PE,D,20180314,000000,47.9719,47.9719,47.0353,47.0353,0,0
CBF_PE,D,20180315,000000,47.0353,47.0353,47.0353,47.0353,0,0
CBF_PE,D,20180316,000000,46.7538,46.7538,46.4723,46.4723,0,0
CBF_PE,D,20180319,000000,46.4723,46.4723,46.0034,46.2849,0,0
CBF_PE,D,20180320,000000,45.8171,47.0353,45.8171,47.0353,0,0
CBF_PE,D,20180321,000000,47.0353,47.5022,47.0353,47.2216,0,0
CBF_PE,D,20180322,000000,47.2216,47.2216,46.9411,47.0353,0,0
CBF_PE,D,20180323,000000,47.0353,47.3148,46.7538,47.1285,0,0
CBF_PE,D,20180326,000000,47.1285,47.1285,47.1285,47.1285,0,0
CBF_PE,D,20180327,000000,46.4723,47.1285,46.4723,47.1285,0,0
CBF_PE,D,20180328,000000,47.1285,47.2216,46.2849,47.2216,0,0
CBF_PE,D,20180329,000000,47.2216,47.6895,45.7229,47.6895,0,0
CBF_PE,D,20180403,000000,47.5963,49.6579,46.2849,49.2833,0,0
CBF_PE,D,20180404,000000,49.6579,49.6579,47.8778,49.4716,0,0
CBF_PE,D,20180405,000000,49.4716,49.4716,48.7203,49.2833,0,0
CBF_PE,D,20180406,000000,48.6271,49.2833,48.6271,49.2833,0,0
CBF_PE,D,20180409,000000,49.9384,50.6888,49.2833,50.0326,0,0
CBF_PE,D,20180410,000000,49.9384,49.9384,47.9719,48.2534,0,0
CBF_PE,D,20180411,000000,49.7511,49.7511,47.9719,49.4716,0,0
CBF_PE,D,20180412,000000,50.9693,51.438,49.9384,49.9384,0,0
CBF_PE,D,20180413,000000,49.9384,53.5929,49.0018,53.2192,0,0
CBF_PE,D,20180416,000000,53.5929,54.5305,51.6254,54.0608,0,0
CBF_PE,D,20180417,000000,53.5929,53.5929,52.3747,52.7494,0,0
CBF_PE,D,20180418,000000,53.5929,53.5929,50.3131,50.6888,0,0
CBF_PE,D,20180419,000000,50.2199,51.1565,48.7203,48.7203,0,0
CBF_PE,D,20180420,000000,50.3131,50.3131,47.9719,48.7203,0,0
CBF_PE,D,20180423,000000,50.0326,50.0326,48.7203,50.0326,0,0
CBF_PE,D,20180424,000000,50.876,50.876,47.9719,49.5648,0,0
CBF_PE,D,20180425,000000,49.4716,49.4716,47.6895,49.4716,0,0
CBF_PE,D,20180426,000000,49.0018,49.1901,48.066,49.1901,0,0
CBF_PE,D,20180427,000000,49.1901,50.4073,48.2534,48.7203,0,0
CBF_PE,D,20180430,000000,49.9384,50.6888,48.7203,50.6888,0,0
CBF_PE,D,20180502,000000,51.1565,51.1565,49.1901,49.1901,0,0
CBF_PE,D,20180504,000000,51.1565,51.1565,47.5022,48.7203,0,0
CBF_PE,D,20180507,000000,48.7203,48.7203,48.4397,48.6271,0,0
CBF_PE,D,20180508,000000,48.6271,48.6271,45.3482,47.9719,0,0
CBF_PE,D,20180509,000000,48.6271,48.6271,46.0034,47.5022,0,0
CBF_PE,D,20180510,000000,47.5022,47.5022,46.7538,47.2216,0,0
CBF_PE,D,20180511,000000,47.2216,47.2216,45.7229,47.2216,0,0
CBF_PE,D,20180514,000000,47.2216,47.9719,45.2541,47.3148,0,0
CBF_PE,D,20180515,000000,45.5356,47.2216,45.5356,47.2216,0,0
CBF_PE,D,20180516,000000,47.2216,47.2216,45.7229,47.2216,0,0
CBF_PE,D,20180517,000000,47.2216,47.2216,45.3482,46.7538,0,0
CBF_PE,D,20180518,000000,47.3148,47.3148,46.4723,47.1285,0,0
CBF_PE,D,20180521,000000,47.1285,47.1285,45.3482,47.1285,0,0
CBF_PE,D,20180522,000000,47.0353,49.7511,40.7572,40.7572,0,0
CBF_PE,D,20180523,000000,42.4431,42.4431,40.7572,40.7572,0,0
CBF_PE,D,20180524,000000,42.0694,42.0694,37.9462,40.7572,0,0
CBF_PE,D,20180525,000000,40.9435,41.4124,37.3832,41.225,0,0
CBF_PE,D,20180528,000000,41.0377,42.1617,41.0377,41.4124,0,0
CBF_PE,D,20180529,000000,40.9435,42.0694,40.3825,42.0694,0,0
CBF_PE,D,20180530,000000,42.0694,42.5364,40.7572,42.5364,0,0
CBF_PE,D,20180601,000000,42.5364,42.5364,40.7572,41.4124,0,0
CBF_PE,D,20180604,000000,41.4124,41.4124,40.5698,41.4124,0,0
CBF_PE,D,20180605,000000,43.1003,43.1003,40.5698,41.225,0,0
CBF_PE,D,20180606,000000,41.4124,41.4124,41.4124,41.4124,0,0
CBF_PE,D,20180607,000000,41.225,41.225,40.3825,40.7572,0,0
CBF_PE,D,20180608,000000,41.1309,41.1309,40.7572,40.7572,0,0
CBF_PE,D,20180611,000000,41.4124,41.4124,39.3516,40.7572,0,0
CBF_PE,D,20180612,000000,40.2893,41.0377,40.2893,41.0377,0,0
CBF_PE,D,20180613,000000,42.3491,42.3491,39.6321,39.6321,0,0
CBF_PE,D,20180614,000000,41.4124,41.4124,40.5698,40.5698,0,0
CBF_PE,D,20180615,000000,40.7572,41.0377,40.3825,40.3825,0,0
CBF_PE,D,20180618,000000,40.3825,40.3825,40.3825,40.3825,0,0
CBF_PE,D,20180619,000000,40.3825,40.3825,38.2277,40.3825,0,0
CBF_PE,D,20180620,000000,40.3825,40.3825,39.3516,40.3825,0,0
CBF_PE,D,20180621,000000,40.8513,40.8513,39.7253,40.3825,0,0
CBF_PE,D,20180622,000000,40.3825,40.3825,40.3825,40.3825,0,0
CBF_PE,D,20180625,000000,39.7253,40.3825,39.7253,40.3825,0,0
CBF_PE,D,20180626,000000,40.2893,40.3825,39.3516,40.3825,0,0
CBF_PE,D,20180627,000000,41.0377,41.0377,40.3825,40.3825,0,0
CBF_PE,D,20180628,000000,40.3825,40.3825,40.3825,40.3825,0,0
CBF_PE,D,20180629,000000,40.9435,40.9435,40.7572,40.7572,0,0
CBF_PE,D,20180702,000000,40.9435,40.9435,40.9435,40.9435,0,0
CBF_PE,D,20180703,000000,40.9435,40.9435,39.539,40.5698,0,0
CBF_PE,D,20180704,000000,40.9435,40.9435,39.2585,39.3516,0,0
CBF_PE,D,20180705,000000,39.3516,39.3516,38.6955,39.3516,0,0
CBF_PE,D,20180706,000000,40.3825,40.3825,39.4458,39.4458,0,0
CBF_PE,D,20180709,000000,39.2585,39.2585,38.2277,38.3219,0,0
CBF_PE,D,20180710,000000,40.3825,40.3825,40.3825,40.3825,0,0
CBF_PE,D,20180711,000000,39.9136,39.9136,39.9136,39.9136,0,0
CBF_PE,D,20180712,000000,39.9136,39.9136,39.9136,39.9136,0,0
CBF_PE,D,20180713,000000,39.9136,39.9136,39.9136,39.9136,0,0
CBF_PE,D,20180716,000000,39.9136,39.9136,38.5082,39.9136,0,0
CBF_PE,D,20180717,000000,40.3825,40.3825,40.3825,40.3825,0,0
CBF_PE,D,20180718,000000,40.3825,40.3825,37.3832,37.3832,0,0
CBF_PE,D,20180719,000000,38.6955,38.6955,37.3832,38.6955,0,0
CBF_PE,D,20180720,000000,40.3825,40.3825,37.853,39.9136,0,0
CBF_PE,D,20180723,000000,39.2585,39.3516,39.2585,39.3516,0,0
CBF_PE,D,20180724,000000,39.3516,39.3516,38.8829,38.8829,0,0
CBF_PE,D,20180725,000000,38.8829,38.8829,38.0404,38.7887,0,0
CBF_PE,D,20180726,000000,38.7887,38.7887,37.853,38.7887,0,0
CBF_PE,D,20180727,000000,38.7887,38.7887,37.3832,38.2277,0,0
CBF_PE,D,20180730,000000,37.7589,38.7887,37.7589,38.7887,0,0
CBF_PE,D,20180731,000000,38.7887,40.9435,38.7887,40.8513,0,0
CBF_PE,D,20180801,000000,38.8829,40.9435,38.8829,40.9435,0,0
CBF_PE,D,20180802,000000,40.9435,40.9435,40.9435,40.9435,0,0
CBF_PE,D,20180803,000000,40.9435,41.4124,40.9435,41.225,0,0
CBF_PE,D,20180806,000000,41.225,41.225,40.3825,40.3825,0,0
CBF_PE,D,20180807,000000,41.225,41.225,41.225,41.225,0,0
CBF_PE,D,20180808,000000,41.225,41.225,38.6955,40.3825,0,0
CBF_PE,D,20180809,000000,40.3825,41.225,40.3825,41.225,0,0
CBF_PE,D,20180810,000000,40.3825,41.225,40.3825,41.225,0,0
CBF_PE,D,20180813,000000,39.539,41.225,39.539,40.3825,0,0
CBF_PE,D,20180814,000000,40.3825,41.225,40.3825,41.225,0,0
CBF_PE,D,20180816,000000,41.225,41.225,41.225,41.225,0,0
CBF_PE,D,20180817,000000,41.225,41.225,40.2893,41.225,0,0
CBF_PE,D,20180820,000000,41.225,41.225,41.225,41.225,0,0
CBF_PE,D,20180821,000000,41.1309,41.225,41.1309,41.225,0,0
CBF_PE,D,20180822,000000,41.4124,41.4124,39.7253,41.4124,0,0
CBF_PE,D,20180823,000000,42.2559,42.2559,41.3182,41.4124,0,0
CBF_PE,D,20180824,000000,41.4124,41.4124,40.5698,40.7572,0,0
CBF_PE,D,20180827,000000,40.7572,41.225,40.7572,41.225,0,0
CBF_PE,D,20180828,000000,41.3182,41.3182,41.3182,41.3182,0,0
CBF_PE,D,20180829,000000,39.0711,41.225,39.0711,41.225,0,0
CBF_PE,D,20180830,000000,41.225,41.225,40.3825,41.0377,0,0
CBF_PE,D,20180831,000000,41.0377,41.0377,40.101,40.7572,0,0
CBF_PE,D,20180903,000000,40.7572,40.7572,36.9163,36.9163,0,0
CBF_PE,D,20180904,000000,38.414,38.6014,36.729,38.0404,0,0
CBF_PE,D,20180905,000000,38.0404,38.0404,36.1651,37.1958,0,0
CBF_PE,D,20180906,000000,37.1958,38.1335,36.5407,38.1335,0,0
CBF_PE,D,20180907,000000,38.1335,38.1335,38.1335,38.1335,0,0
CBF_PE,D,20180910,000000,38.0404,38.0404,38.0404,38.0404,0,0
CBF_PE,D,20180911,000000,38.2277,38.2277,36.3524,37.7589,0,0
CBF_PE,D,20180912,000000,37.7589,38.2277,36.4475,38.2277,0,0
CBF_PE,D,20180913,000000,38.2277,38.2277,37.7589,37.7589,0,0
CBF_PE,D,20180914,000000,37.7589,38.0404,36.3524,38.0404,0,0
CBF_PE,D,20180917,000000,36.6348,37.7589,36.3524,36.6348,0,0
CBF_PE,D,20180918,000000,38.3219,38.3219,35.5109,35.7914,0,0
CBF_PE,D,20180919,000000,36.729,36.729,33.4483,33.4483,0,0
CBF_PE,D,20180920,000000,33.918,33.918,31.0119,31.0119,0,0
CBF_PE,D,20180921,000000,31.0119,31.2944,31.0119,31.1061,0,0
CBF_PE,D,20180924,000000,32.3242,32.3242,31.2944,32.1369,0,0
CBF_PE,D,20180925,000000,32.1369,32.3242,31.9506,32.3242,0,0
CBF_PE,D,20180926,000000,32.3242,35.2294,32.3242,35.2294,0,0
CBF_PE,D,20180927,000000,35.6982,35.6982,34.2927,35.2294,0,0
CBF_PE,D,20180928,000000,35.2294,35.2294,35.2294,35.2294,0,0
CBF_PE,D,20181001,000000,35.2294,35.2294,35.2294,35.2294,0,0
CBF_PE,D,20181002,000000,35.6041,35.6041,32.8873,32.8873,0,0
CBF_PE,D,20181003,000000,35.1362,35.1362,32.1369,33.2618,0,0
CBF_PE,D,20181004,000000,34.8537,34.8537,33.2618,34.8537,0,0
CBF_PE,D,20181005,000000,34.0112,34.8537,33.918,34.8537,0,0
CBF_PE,D,20181008,000000,34.8537,34.8537,32.8873,34.2927,0,0
CBF_PE,D,20181009,000000,34.2927,34.2927,32.6058,33.0746,0,0
CBF_PE,D,20181010,000000,34.3859,34.3859,31.5749,32.3242,0,0
CBF_PE,D,20181011,000000,31.3876,31.3876,31.1061,31.2944,0,0
CBF_PE,D,20181012,000000,32.2301,32.2301,30.545,31.4817,0,0
CBF_PE,D,20181015,000000,31.4817,31.4817,30.545,31.3876,0,0
CBF_PE,D,20181016,000000,30.545,31.1061,30.545,30.6382,0,0
CBF_PE,D,20181017,000000,31.3876,31.3876,30.545,31.2944,0,0
CBF_PE,D,20181018,000000,31.2944,31.2944,31.2944,31.2944,0,0
CBF_PE,D,20181019,000000,31.2944,31.2944,31.1992,31.2944,0,0
CBF_PE,D,20181022,000000,31.2944,32.3242,31.2944,32.3242,0,0
CBF_PE,D,20181023,000000,32.3242,32.3242,32.3242,32.3242,0,0
CBF_PE,D,20181024,000000,32.3242,32.3242,30.545,31.7622,0,0
CBF_PE,D,20181025,000000,32.3242,32.3242,30.1695,30.9187,0,0
CBF_PE,D,20181026,000000,31.7622,31.7622,30.2636,31.7622,0,0
CBF_PE,D,20181029,000000,31.0119,31.7622,31.0119,31.7622,0,0
CBF_PE,D,20181030,000000,32.2301,32.3242,32.2301,32.3242,0,0
CBF_PE,D,20181031,000000,32.3242,32.3242,32.3242,32.3242,0,0
CBF_PE,D,20181102,000000,32.3242,32.3242,31.8564,32.3242,0,0
CBF_PE,D,20181105,000000,32.3242,32.3242,31.3876,31.5749,0,0
CBF_PE,D,20181106,000000,32.3242,32.3242,31.9506,32.3242,0,0
CBF_PE,D,20181107,000000,32.3242,32.3242,31.2944,31.2944,0,0
CBF_PE,D,20181108,000000,32.2301,32.3242,32.2301,32.3242,0,0
CBF_PE,D,20181109,000000,32.3242,32.3242,32.3242,32.3242,0,0
CBF_PE,D,20181113,000000,32.3242,32.3242,32.3242,32.3242,0,0
CBF_PE,D,20181114,000000,32.3242,32.6999,31.8564,31.9506,0,0
CBF_PE,D,20181115,000000,32.8873,33.7297,32.3242,32.3242,0,0
CBF_PE,D,20181116,000000,33.7297,33.7297,33.6356,33.6356,0,0
CBF_PE,D,20181119,000000,31.2944,33.6356,29.888,29.9811,0,0
CBF_PE,D,20181120,000000,31.6691,31.6691,29.4201,30.3577,0,0
CBF_PE,D,20181121,000000,30.7324,30.7324,25.6724,25.6724,0,0
CBF_PE,D,20181122,000000,25.7666,25.7666,25.7666,25.7666,0,0
CBF_PE,D,20181123,000000,25.7666,25.953,25.7666,25.953,0,0
CBF_PE,D,20181126,000000,26.7965,26.9838,26.7033,26.9838,0,0
CBF_PE,D,20181127,000000,27.077,27.3585,27.077,27.3585,0,0
CBF_PE,D,20181128,000000,28.4824,28.4824,26.7965,27.1711,0,0
CBF_PE,D,20181129,000000,28.4824,28.4824,26.7033,27.3585,0,0
CBF_PE,D,20181130,000000,28.5756,28.5756,26.8906,28.0146,0,0
CBF_PE,D,20181203,000000,26.8906,28.3883,26.8906,27.8272,0,0
CBF_PE,D,20181204,000000,28.5756,28.5756,26.8906,27.8272,0,0
CBF_PE,D,20181205,000000,27.8272,27.8272,26.7965,26.7965,0,0
CBF_PE,D,20181206,000000,27.5467,27.5467,26.3286,26.8906,0,0
CBF_PE,D,20181207,000000,26.8906,27.1711,26.8906,27.1711,0,0
CBF_PE,D,20181210,000000,27.1711,27.4526,26.8906,26.8906,0,0
CBF_PE,D,20181211,000000,27.3585,27.3585,26.7965,26.7965,0,0
CBF_PE,D,20181212,000000,27.1711,27.1711,26.2345,27.1711,0,0
CBF_PE,D,20181213,000000,27.3585,27.3585,27.2643,27.2643,0,0
CBF_PE,D,20181214,000000,27.2643,27.2643,26.8906,27.1711,0,0
CBF_PE,D,20181217,000000,27.4526,27.4526,26.8906,27.077,0,0
CBF_PE,D,20181218,000000,27.077,27.077,26.1403,26.1403,0,0
CBF_PE,D,20181219,000000,26.7965,26.7965,26.7033,26.7965,0,0
CBF_PE,D,20181220,000000,26.7033,26.7965,26.1403,26.7965,0,0
CBF_PE,D,20181221,000000,26.7965,26.7965,25.0163,25.0163,0,0
CBF_PE,D,20181227,000000,25.1104,26.1403,25.0163,25.0163,0,0
CBF_PE,D,20181228,000000,25.0163,25.0163,24.0797,25.0163,0,0
CBF_PE,D,20190102,000000,25.8588,25.8588,25.0163,25.0163,0,0
CBF_PE,D,20190103,000000,25.0163,25.1104,24.7349,24.828,0,0
CBF_PE,D,20190104,000000,24.828,24.9231,24.828,24.9231,0,0
CBF_PE,D,20190107,000000,24.9231,24.9231,24.7349,24.9231,0,0
CBF_PE,D,20190108,000000,24.9231,24.9231,24.4543,24.4543,0,0
CBF_PE,D,20190109,000000,24.6407,24.6407,24.4543,24.6407,0,0
CBF_PE,D,20190110,000000,24.4543,25.1104,24.4543,24.6407,0,0
CBF_PE,D,20190111,000000,25.2036,25.2036,24.267,24.267,0,0
CBF_PE,D,20190114,000000,24.5475,24.5475,23.7982,24.1738,0,0
CBF_PE,D,20190115,000000,24.1738,24.5475,23.7982,24.5475,0,0
CBF_PE,D,20190116,000000,24.5475,24.828,24.5475,24.828,0,0
CBF_PE,D,20190117,000000,24.828,24.828,24.828,24.828,0,0
CBF_PE,D,20190118,000000,24.828,25.2036,24.3612,25.1104,0,0
CBF_PE,D,20190121,000000,25.1104,25.8588,24.7349,25.7666,0,0
CBF_PE,D,20190122,000000,25.8588,28.4824,25.8588,28.0146,0,0
CBF_PE,D,20190123,000000,28.0146,28.3883,28.0146,28.2951,0,0
CBF_PE,D,20190124,000000,28.2951,28.2951,27.6399,27.8272,0,0
CBF_PE,D,20190125,000000,28.2019,28.7649,28.2019,28.5756,0,0
CBF_PE,D,20190128,000000,28.2951,28.4824,27.7341,27.7341,0,0
CBF_PE,D,20190129,000000,28.1087,28.1087,25.4851,27.1711,0,0
CBF_PE,D,20190130,000000,27.1711,28.0146,27.1711,27.9214,0,0
CBF_PE,D,20190131,000000,27.9214,27.9214,27.8272,27.9214,0,0
CBF_PE,D,20190201,000000,27.9214,27.9214,27.077,27.4526,0,0
CBF_PE,D,20190204,000000,27.4526,27.4526,27.4526,27.4526,0,0
CBF_PE,D,20190205,000000,27.4526,27.4526,27.4526,27.4526,0,0
CBF_PE,D,20190206,000000,27.3585,27.3585,25.7666,26.2345,0,0
CBF_PE,D,20190207,000000,26.4218,27.1711,26.2345,26.4218,0,0
CBF_PE,D,20190208,000000,25.8588,25.953,25.0163,25.0163,0,0
CBF_PE,D,20190211,000000,25.7666,25.7666,24.9231,24.9231,0,0
CBF_PE,D,20190212,000000,26.3286,28.4824,25.7666,28.2951,0,0
CBF_PE,D,20190213,000000,28.7649,31.1061,28.7649,30.545,0,0
CBF_PE,D,20190214,000000,31.2944,31.8564,29.7938,30.4509,0,0
CBF_PE,D,20190215,000000,30.4509,30.4509,28.8581,29.5143,0,0
CBF_PE,D,20190218,000000,29.9811,29.9811,28.8581,29.6065,0,0
CBF_PE,D,20190219,000000,29.5143,29.9811,29.3269,29.3269,0,0
CBF_PE,D,20190220,000000,28.5756,29.7006,28.5756,29.7006,0,0
CBF_PE,D,20190221,000000,29.6065,29.9811,29.6065,29.9811,0,0
CBF_PE,D,20190222,000000,29.9811,29.9811,29.4201,29.5143,0,0
CBF_PE,D,20190225,000000,29.9811,30.7324,29.3269,30.1695,0,0
CBF_PE,D,20190226,000000,30.1695,31.0119,29.7006,30.1695,0,0
CBF_PE,D,20190227,000000,30.545,30.8246,28.1087,28.1087,0,0
CBF_PE,D,20190228,000000,28.3883,28.3883,27.6399,28.2951,0,0
CBF_PE,D,20190301,000000,28.6698,28.6698,28.3883,28.3883,0,0
CBF_PE,D,20190304,000000,28.3883,28.3883,28.3883,28.3883,0,0
CBF_PE,D,20190305,000000,28.3883,28.3883,27.2643,27.8272,0,0
CBF_PE,D,20190306,000000,28.0146,28.0146,27.5467,27.9214,0,0
CBF_PE,D,20190307,000000,27.4526,28.1087,27.4526,27.9214,0,0
CBF_PE,D,20190308,000000,28.0146,28.0146,27.6399,28.0146,0,0
CBF_PE,D,20190311,000000,27.9214,27.9214,27.6399,27.8272,0,0
CBF_PE,D,20190312,000000,27.8272,28.0146,26.516,27.8272,0,0
CBF_PE,D,20190313,000000,27.6399,27.6399,27.077,27.4526,0,0
CBF_PE,D,20190314,000000,27.4526,27.4526,26.9838,26.9838,0,0
CBF_PE,D,20190315,000000,27.5467,27.8272,26.9838,26.9838,0,0
CBF_PE,D,20190318,000000,27.4526,27.4526,27.4526,27.4526,0,0
CBF_PE,D,20190319,000000,26.9838,27.8272,26.516,27.8272,0,0
CBF_PE,D,20190320,000000,27.8272,30.9187,27.8272,30.1695,0,0
CBF_PE,D,20190321,000000,30.1695,30.4509,29.5143,30.4509,0,0
CBF_PE,D,20190322,000000,30.4509,30.4509,29.7938,29.7938,0,0
CBF_PE,D,20190325,000000,30.2636,30.2636,29.6065,30.2636,0,0
CBF_PE,D,20190326,000000,30.0763,30.0763,29.7938,29.7938,0,0
CBF_PE,D,20190327,000000,29.5143,30.2636,28.8581,30.0763,0,0
CBF_PE,D,20190328,000000,30.0763,30.1695,30.0763,30.1695,0,0
CBF_PE,D,20190329,000000,29.9811,30.3577,29.9811,30.2636,0,0
CBF_PE,D,20190401,000000,30.0763,31.0119,30.0763,30.2636,0,0
CBF_PE,D,20190402,000000,30.7324,33.3541,30.7324,31.8564,0,0
CBF_PE,D,20190403,000000,32.0437,32.5116,32.0437,32.1369,0,0
CBF_PE,D,20190404,000000,32.4174,32.4174,31.4817,31.9506,0,0
CBF_PE,D,20190405,000000,32.2301,32.6058,31.7622,32.6058,0,0
CBF_PE,D,20190408,000000,31.8564,31.9506,31.1992,31.8564,0,0
CBF_PE,D,20190409,000000,31.8564,31.8564,30.9187,31.6691,0,0
CBF_PE,D,20190410,000000,31.4817,31.6691,31.3876,31.6691,0,0
CBF_PE,D,20190411,000000,31.4817,31.4817,31.4817,31.4817,0,0
CBF_PE,D,20190412,000000,31.4817,31.4817,31.4817,31.4817,0,0
CBF_PE,D,20190415,000000,30.4509,31.7622,30.4509,31.6691,0,0
CBF_PE,D,20190416,000000,31.0119,31.6691,31.0119,31.6691,0,0
CBF_PE,D,20190417,000000,31.6691,31.8564,30.7324,31.6691,0,0
CBF_PE,D,20190418,000000,31.4817,31.6691,31.4817,31.4817,0,0
CBF_PE,D,20190423,000000,31.4817,31.4817,31.4817,31.4817,0,0
CBF_PE,D,20190424,000000,31.4817,31.4817,30.8246,31.4817,0,0
CBF_PE,D,20190425,000000,31.4817,31.4817,31.0119,31.3876,0,0
CBF_PE,D,20190426,000000,31.1061,31.1061,31.0119,31.0119,0,0
CBF_PE,D,20190429,000000,31.0119,31.0119,30.545,30.545,0,0
CBF_PE,D,20190430,000000,30.4509,32.2301,30.4509,31.3876,0,0
CBF_PE,D,20190502,000000,31.6691,31.6691,31.6691,31.6691,0,0
CBF_PE,D,20190506,000000,31.3876,31.6691,31.3876,31.6691,0,0
CBF_PE,D,20190507,000000,31.6691,31.6691,31.6691,31.6691,0,0
CBF_PE,D,20190508,000000,30.9187,31.6691,30.9187,31.1992,0,0
CBF_PE,D,20190509,000000,31.0119,31.0119,27.9214,28.2019,0,0
CBF_PE,D,20190510,000000,29.5143,30.6382,29.5143,29.9811,0,0
CBF_PE,D,20190513,000000,29.9811,29.9811,29.5143,29.7006,0,0
CBF_PE,D,20190514,000000,29.9811,29.9811,28.5756,29.1396,0,0
CBF_PE,D,20190515,000000,29.3269,29.3269,27.5467,28.6698,0,0
CBF_PE,D,20190516,000000,28.7649,28.7649,27.9214,27.9214,0,0
CBF_PE,D,20190517,000000,27.9214,29.0454,27.9214,28.7649,0,0
CBF_PE,D,20190520,000000,30.0763,30.7324,24.3612,24.3612,0,0
CBF_PE,D,20190521,000000,24.4543,24.9231,23.705,24.3612,0,0
CBF_PE,D,20190522,000000,24.267,24.267,23.4225,23.8923,0,0
CBF_PE,D,20190523,000000,23.8923,23.9865,23.8923,23.8923,0,0
CBF_PE,D,20190524,000000,23.9865,23.9865,23.143,23.5167,0,0
CBF_PE,D,20190527,000000,22.8615,23.705,22.8615,23.705,0,0
CBF_PE,D,20190528,000000,23.705,23.705,22.7683,23.5167,0,0
CBF_PE,D,20190529,000000,23.705,23.705,22.8615,22.8615,0,0
CBF_PE,D,20190530,000000,23.6098,23.705,23.4225,23.705,0,0
CBF_PE,D,20190531,000000,23.9865,24.267,23.8923,23.8923,0,0
CBF_PE,D,20190603,000000,23.9865,24.1738,23.9865,24.1738,0,0
CBF_PE,D,20190604,000000,24.1738,24.4543,24.1738,24.4543,0,0
CBF_PE,D,20190605,000000,24.4543,24.4543,23.4225,23.8923,0,0
CBF_PE,D,20190606,000000,23.8923,23.8923,23.2361,23.4225,0,0
CBF_PE,D,20190607,000000,23.3293,23.3293,23.143,23.143,0,0
CBF_PE,D,20190610,000000,23.3293,23.4225,23.143,23.4225,0,0
CBF_PE,D,20190611,000000,23.4225,23.4225,23.143,23.143,0,0
CBF_PE,D,20190612,000000,23.2361,23.2361,23.143,23.143,0,0
CBF_PE,D,20190613,000000,23.143,23.3293,23.0488,23.3293,0,0
CBF_PE,D,20190614,000000,23.3293,25.1104,23.3293,24.9231,0,0
CBF_PE,D,20190617,000000,24.9231,24.9231,24.7349,24.828,0,0
CBF_PE,D,20190618,000000,25.4851,25.7666,24.828,25.7666,0,0
CBF_PE,D,20190619,000000,25.7666,26.3286,25.6724,25.7666,0,0
CBF_PE,D,20190621,000000,25.6724,25.6724,24.9231,25.2978,0,0
CBF_PE,D,20190624,000000,25.2978,25.2978,25.1104,25.1104,0,0
CBF_PE,D,20190625,000000,25.7666,25.7666,25.3909,25.3909,0,0
CBF_PE,D,20190626,000000,25.6724,25.6724,25.2978,25.5793,0,0
CBF_PE,D,20190627,000000,25.5793,25.5793,24.9231,25.3909,0,0
CBF_PE,D,20190628,000000,25.3909,25.6724,24.9231,25.5793,0,0
CBF_PE,D,20190701,000000,25.5793,26.0461,25.5793,26.0461,0,0
CBF_PE,D,20190702,000000,25.7666,25.7666,25.3909,25.3909,0,0
CBF_PE,D,20190703,000000,25.6724,25.6724,25.3909,25.3909,0,0
CBF_PE,D,20190704,000000,25.3909,25.3909,24.828,25.2036,0,0
CBF_PE,D,20190705,000000,25.2978,25.2978,24.5475,25.2978,0,0
CBF_PE,D,20190708,000000,25.2978,25.2978,25.2978,25.2978,0,0
CBF_PE,D,20190709,000000,25.2978,25.2978,24.5475,25.2978,0,0
CBF_PE,D,20190710,000000,25.2978,25.2978,24.7349,25.2978,0,0
CBF_PE,D,20190711,000000,25.2036,25.2036,24.3612,24.5475,0,0
CBF_PE,D,20190712,000000,24.6407,25.0163,24.5475,24.7349,0,0
CBF_PE,D,20190715,000000,24.7349,24.7349,24.4543,24.6407,0,0
CBF_PE,D,20190716,000000,24.6407,26.4218,24.6407,25.7666,0,0
CBF_PE,D,20190717,000000,25.8588,26.1403,25.7666,25.7666,0,0
CBF_PE,D,20190718,000000,25.8588,25.8588,25.6724,25.6724,0,0
CBF_PE,D,20190719,000000,25.7666,25.7666,25.4851,25.4851,0,0
CBF_PE,D,20190722,000000,25.7666,25.7666,25.4851,25.7666,0,0
CBF_PE,D,20190723,000000,25.8588,25.8588,25.3909,25.3909,0,0
CBF_PE,D,20190724,000000,25.4851,25.6724,25.4851,25.6724,0,0
CBF_PE,D,20190725,000000,25.7666,26.516,25.5793,26.516,0,0
CBF_PE,D,20190726,000000,26.516,28.5756,26.4218,27.3585,0,0
CBF_PE,D,20190729,000000,27.3585,27.9214,27.077,27.5467,0,0
CBF_PE,D,20190730,000000,27.5467,27.6399,27.1711,27.5467,0,0
CBF_PE,D,20190731,000000,27.5467,27.9214,27.1711,27.1711,0,0
CBF_PE,D,20190801,000000,27.077,27.5467,27.077,27.5467,0,0
CBF_PE,D,20190802,000000,27.5467,27.6399,26.9838,27.077,0,0
CBF_PE,D,20190805,000000,27.077,27.1711,26.516,26.7033,0,0
CBF_PE,D,20190806,000000,26.4218,27.3585,25.7666,27.077,0,0
CBF_PE,D,20190807,000000,27.1711,27.1711,26.4218,26.7033,0,0
CBF_PE,D,20190808,000000,26.7033,26.7965,26.6091,26.7965,0,0
CBF_PE,D,20190809,000000,27.1711,27.1711,26.4218,26.7965,0,0
CBF_PE,D,20190812,000000,26.7033,26.7965,26.7033,26.7965,0,0
CBF_PE,D,20190813,000000,26.7965,27.5467,26.2345,27.5467,0,0
CBF_PE,D,20190814,000000,27.5467,28.2951,27.5467,28.2019,0,0
CBF_PE,D,20190816,000000,28.2019,28.2019,27.2643,27.8272,0,0
CBF_PE,D,20190819,000000,27.8272,28.1087,26.7965,27.1711,0,0
CBF_PE,D,20190820,000000,27.1711,27.1711,26.4218,27.077,0,0
CBF_PE,D,20190821,000000,27.077,27.077,26.7965,27.077,0,0
CBF_PE,D,20190822,000000,27.077,27.7341,26.7965,27.7341,0,0
CBF_PE,D,20190823,000000,27.4526,27.7341,27.4526,27.7341,0,0
CBF_PE,D,20190826,000000,27.7341,27.7341,27.3585,27.5467,0,0
CBF_PE,D,20190827,000000,27.4526,27.4526,27.1711,27.4526,0,0
CBF_PE,D,20190828,000000,27.7341,27.7341,26.7965,27.3585,0,0
CBF_PE,D,20190829,000000,27.3585,27.3585,27.1711,27.1711,0,0
CBF_PE,D,20190830,000000,27.2643,27.3585,27.2643,27.3585,0,0
CBF_PE,D,20190902,000000,27.077,27.077,26.6091,26.7033,0,0
CBF_PE,D,20190903,000000,26.7033,26.7033,25.8588,25.953,0,0
CBF_PE,D,20190904,000000,25.953,25.953,25.0163,25.953,0,0
CBF_PE,D,20190905,000000,26.0461,26.8906,22.6741,22.6741,0,0
CBF_PE,D,20190906,000000,23.0488,23.0488,22.9556,22.9556,0,0
CBF_PE,D,20190909,000000,22.9556,23.3293,22.8615,22.9556,0,0
CBF_PE,D,20190910,000000,22.9556,22.9556,22.4868,22.6741,0,0
CBF_PE,D,20190911,000000,22.6741,22.6741,22.6741,22.6741,0,0
CBF_PE,D,20190912,000000,22.7683,22.7683,22.4868,22.5809,0,0
CBF_PE,D,20190913,000000,22.5809,22.5809,22.3936,22.4868,0,0
CBF_PE,D,20190916,000000,22.3936,22.3936,21.5502,22.1112,0,0
CBF_PE,D,20190917,000000,22.2044,22.6741,22.0171,22.0171,0,0
CBF_PE,D,20190918,000000,21.8307,22.5809,21.8307,22.5809,0,0
CBF_PE,D,20190919,000000,22.6741,22.6741,22.6741,22.6741,0,0
CBF_PE,D,20190920,000000,22.6741,22.7683,22.1112,22.6741,0,0
CBF_PE,D,20190923,000000,22.4868,22.7683,22.1112,22.7683,0,0
CBF_PE,D,20190924,000000,22.7683,22.7683,22.6741,22.7683,0,0
CBF_PE,D,20190925,000000,22.7683,22.9556,22.6741,22.8615,0,0
CBF_PE,D,20190926,000000,22.8615,22.8615,22.3936,22.8615,0,0
CBF_PE,D,20190927,000000,22.8615,23.2361,22.5809,22.5809,0,0
CBF_PE,D,20190930,000000,22.6741,22.8615,22.4868,22.5809,0,0
CBF_PE,D,20191001,000000,22.5809,22.5809,22.4868,22.4868,0,0
CBF_PE,D,20191002,000000,22.4868,22.4868,22.1112,22.2985,0,0
CBF_PE,D,20191003,000000,21.9248,22.4868,21.9248,22.4868,0,0
CBF_PE,D,20191004,000000,22.4868,22.6741,22.1112,22.5809,0,0
CBF_PE,D,20191007,000000,22.5809,22.5809,22.5809,22.5809,0,0
CBF_PE,D,20191008,000000,22.4868,22.4868,22.3936,22.3936,0,0
CBF_PE,D,20191009,000000,22.4868,22.4868,22.2044,22.3936,0,0
CBF_PE,D,20191010,000000,22.3936,22.4868,22.0171,22.2985,0,0
CBF_PE,D,20191011,000000,22.3936,23.5167,22.2044,23.4225,0,0
CBF_PE,D,20191014,000000,23.2983,23.7729,23.2031,23.2031,0,0
CBF_PE,D,20191015,000000,23.3934,23.3934,23.2031,23.3934,0,0
CBF_PE,D,20191016,000000,23.3934,23.3934,23.3934,23.3934,0,0
CBF_PE,D,20191017,000000,23.3934,23.3934,23.0119,23.2983,0,0
CBF_PE,D,20191018,000000,23.2983,23.3934,23.1071,23.3934,0,0
CBF_PE,D,20191021,000000,23.2983,23.2983,22.8217,22.9168,0,0
CBF_PE,D,20191022,000000,23.2983,23.2983,22.8217,22.9168,0,0
CBF_PE,D,20191023,000000,23.1071,23.1071,22.2519,22.7266,0,0
CBF_PE,D,20191024,000000,23.1071,23.1071,23.1071,23.1071,0,0
CBF_PE,D,20191025,000000,23.1071,23.1071,22.8217,23.1071,0,0
CBF_PE,D,20191028,000000,23.0119,23.1071,23.0119,23.1071,0,0
CBF_PE,D,20191029,000000,23.1071,23.1071,22.7266,23.1071,0,0
CBF_PE,D,20191030,000000,23.1071,23.2983,22.3471,23.2983,0,0
CBF_PE,D,20191031,000000,23.2983,23.2983,22.8217,23.2983,0,0
CBF_PE,D,20191104,000000,23.2983,23.3934,23.0119,23.2983,0,0
CBF_PE,D,20191105,000000,23.3934,23.3934,23.2983,23.3934,0,0
CBF_PE,D,20191106,000000,23.3934,23.3934,22.7266,22.8217,0,0
CBF_PE,D,20191107,000000,23.3934,23.3934,22.5373,22.5373,0,0
CBF_PE,D,20191108,000000,22.7266,23.0119,22.1568,22.1568,0,0
CBF_PE,D,20191112,000000,21.9666,22.1568,21.3958,21.8714,0,0
CBF_PE,D,20191113,000000,22.0616,22.0616,21.3958,21.6811,0,0
CBF_PE,D,20191114,000000,21.4909,22.6314,21.4909,22.5373,0,0
CBF_PE,D,20191115,000000,22.6314,22.6314,22.6314,22.6314,0,0
CBF_PE,D,20191118,000000,22.1568,23.5836,22.1568,22.3471,0,0
CBF_PE,D,20191119,000000,22.3471,23.4886,22.1568,23.0119,0,0
CBF_PE,D,20191120,000000,23.0119,23.2031,22.3471,23.1071,0,0
CBF_PE,D,20191121,000000,23.1071,23.1071,22.4421,22.9168,0,0
CBF_PE,D,20191122,000000,22.9168,23.2031,22.1568,22.6314,0,0
CBF_PE,D,20191125,000000,22.6314,22.8217,22.1568,22.6314,0,0
CBF_PE,D,20191126,000000,22.7266,23.3934,22.6314,23.2031,0,0
CBF_PE,D,20191127,000000,23.2983,23.4886,23.0119,23.2983,0,0
CBF_PE,D,20191128,000000,23.2983,23.9631,22.5373,23.9631,0,0
CBF_PE,D,20191129,000000,23.4886,24.2486,23.4886,24.2486,0,0
CBF_PE,D,20191202,000000,24.2486,24.9144,23.9631,24.2486,0,0
CBF_PE,D,20191203,000000,24.2486,24.3436,23.7729,23.7729,0,0
CBF_PE,D,20191204,000000,24.0583,24.2486,23.5836,23.9631,0,0
CBF_PE,D,20191205,000000,24.0583,24.5339,23.8681,24.2486,0,0
CBF_PE,D,20191206,000000,24.2486,24.2486,23.7729,23.7729,0,0
CBF_PE,D,20191209,000000,23.7729,23.8681,23.6778,23.8681,0,0
CBF_PE,D,20191210,000000,23.8681,23.8681,23.7729,23.7729,0,0
CBF_PE,D,20191211,000000,23.7729,23.8681,23.5836,23.5836,0,0
CBF_PE,D,20191212,000000,23.5836,23.7729,23.5836,23.7729,0,0
CBF_PE,D,20191213,000000,23.7729,23.7729,23.7729,23.7729,0,0
CBF_PE,D,20191216,000000,23.7729,25.9598,23.7729,25.5802,0,0
CBF_PE,D,20191217,000000,25.5802,26.3402,25.1046,25.3899,0,0
CBF_PE,D,20191218,000000,24.9144,25.3899,24.7231,25.0095,0,0
CBF_PE,D,20191219,000000,25.1046,25.1997,25.0095,25.1997,0,0
CBF_PE,D,20191220,000000,25.3899,26.4364,25.3899,26.2451,0,0
CBF_PE,D,20191223,000000,25.6754,26.2451,25.4851,25.7696,0,0
CBF_PE,D,20191227,000000,26.2451,27.0061,25.4851,26.2451,0,0
CBF_PE,D,20191230,000000,26.2451,26.5314,25.3899,25.3899,0,0
CBF_PE,D,20200102,000000,26.1501,26.5314,25.3899,25.9598,0,0
CBF_PE,D,20200103,000000,26.0549,26.0549,25.3899,25.9598,0,0
CBF_PE,D,20200107,000000,26.0549,26.2451,25.6754,25.9598,0,0
CBF_PE,D,20200108,000000,25.9598,26.3402,25.8646,26.3402,0,0
CBF_PE,D,20200109,000000,26.3402,28.3379,26.3402,27.3866,0,0
CBF_PE,D,20200110,000000,27.5769,28.1476,27.5769,28.0524,0,0
CBF_PE,D,20200113,000000,28.1476,29.6696,28.1476,29.6696,0,0
CBF_PE,D,20200114,000000,30.3344,30.3344,28.3379,28.3379,0,0
CBF_PE,D,20200115,000000,28.1476,28.4329,27.0061,27.2914,0,0
CBF_PE,D,20200116,000000,27.8612,28.6232,27.0061,27.0061,0,0
CBF_PE,D,20200117,000000,27.4817,27.4817,26.3402,26.4364,0,0
CBF_PE,D,20200120,000000,26.7217,26.7217,25.7696,25.8646,0,0
CBF_PE,D,20200121,000000,25.7696,28.3379,25.7696,27.6719,0,0
CBF_PE,D,20200122,000000,27.9574,27.9574,27.1012,27.1964,0,0
CBF_PE,D,20200123,000000,27.3866,27.3866,26.6266,26.9109,0,0
CBF_PE,D,20200124,000000,26.7217,28.9076,26.7217,28.0524,0,0
CBF_PE,D,20200127,000000,28.5281,28.5281,26.6266,26.6266,0,0
CBF_PE,D,20200128,000000,27.1012,27.8612,26.9109,27.2914,0,0
CBF_PE,D,20200129,000000,27.5769,28.5281,27.4817,27.8612,0,0
CBF_PE,D,20200130,000000,27.2914,27.8612,27.1964,27.1964,0,0
CBF_PE,D,20200131,000000,27.1964,28.7183,27.1012,28.7183,0,0
CBF_PE,D,20200203,000000,28.5281,28.9076,28.1476,28.9076,0,0
CBF_PE,D,20200204,000000,29.0027,29.0027,28.1476,28.4329,0,0
CBF_PE,D,20200205,000000,28.5281,28.5281,27.6719,27.9574,0,0
CBF_PE,D,20200206,000000,27.6719,29.1929,27.6719,28.2427,0,0
CBF_PE,D,20200207,000000,28.7183,28.8134,27.7671,28.3379,0,0
CBF_PE,D,20200210,000000,27.8612,28.3379,27.7671,27.7671,0,0
CBF_PE,D,20200211,000000,27.9574,29.3832,27.9574,28.9076,0,0
CBF_PE,D,20200212,000000,29.3832,29.4784,29.0027,29.3832,0,0
CBF_PE,D,20200213,000000,29.4784,30.6198,28.8134,30.0491,0,0
CBF_PE,D,20200214,000000,30.0491,30.6198,29.4784,29.8598,0,0
CBF_PE,D,20200217,000000,29.8598,30.4296,29.2881,29.7647,0,0
CBF_PE,D,20200218,000000,29.9539,29.9539,29.0027,29.5744,0,0
CBF_PE,D,20200219,000000,29.6696,30.9993,29.3832,29.7647,0,0
CBF_PE,D,20200220,000000,31.3808,31.3808,29.8598,29.8598,0,0
CBF_PE,D,20200221,000000,30.0491,30.5247,28.3379,28.3379,0,0
CBF_PE,D,20200224,000000,28.5281,29.0027,27.7671,27.7671,0,0
CBF_PE,D,20200225,000000,28.7183,29.8598,25.4851,25.4851,0,0
CBF_PE,D,20200226,000000,25.1046,25.7696,24.7231,25.6754,0,0
CBF_PE,D,20200227,000000,25.4851,25.4851,22.2519,23.3934,0,0
CBF_PE,D,20200228,000000,21.4909,23.3934,20.9202,23.3934,0,0
CBF_PE,D,20200302,000000,23.3934,25.0095,23.3934,24.9144,0,0
CBF_PE,D,20200303,000000,25.0095,26.1501,25.0095,25.8646,0,0
CBF_PE,D,20200304,000000,25.6754,25.6754,25.1046,25.2949,0,0
CBF_PE,D,20200305,000000,25.2949,25.8646,24.5339,24.8193,0,0
CBF_PE,D,20200306,000000,24.8193,24.8193,23.6778,24.3436,0,0
CBF_PE,D,20200309,000000,22.7266,23.8681,21.9666,22.9168,0,0
CBF_PE,D,20200310,000000,22.6314,23.3934,21.6811,21.7763,0,0
CBF_PE,D,20200311,000000,21.8714,21.8714,19.7788,20.4456,0,0
CBF_PE,D,20200312,000000,19.4934,19.9699,17.9724,18.6383,0,0
CBF_PE,D,20200313,000000,18.2578,21.3007,18.0675,20.7299,0,0
CBF_PE,D,20200316,000000,20.7299,20.7299,19.7788,20.4456,0,0
CBF_PE,D,20200317,000000,20.4456,21.3958,19.8738,20.3504,0,0
CBF_PE,D,20200318,000000,19.9699,21.6811,19.9699,20.4456,0,0
CBF_PE,D,20200319,000000,20.4456,21.4909,20.4456,21.4909,0,0
CBF_PE,D,20200320,000000,21.5861,22.2519,20.6348,21.3958,0,0
CBF_PE,D,20200323,000000,19.7788,20.9202,19.7788,20.7299,0,0
CBF_PE,D,20200324,000000,21.3958,22.3471,21.3958,22.3471,0,0
CBF_PE,D,20200325,000000,22.6314,22.9168,21.1104,21.7763,0,0
CBF_PE,D,20200326,000000,21.7763,21.8714,21.3958,21.8714,0,0
CBF_PE,D,20200327,000000,21.9666,22.3471,21.7763,22.1568,0,0
CBF_PE,D,20200330,000000,22.2519,22.2519,21.5861,22.1568,0,0
CBF_PE,D,20200331,000000,22.2519,23.3934,21.9666,23.3934,0,0
CBF_PE,D,20200401,000000,23.3934,23.3934,22.5373,23.0119,0,0
CBF_PE,D,20200402,000000,22.9168,22.9168,22.1568,22.4421,0,0
CBF_PE,D,20200403,000000,22.4421,22.5373,22.0616,22.4421,0,0
CBF_PE,D,20200406,000000,22.9168,23.3934,22.3471,22.4421,0,0
CBF_PE,D,20200407,000000,22.9168,23.2031,22.2519,22.4421,0,0
CBF_PE,D,20200408,000000,22.6314,22.6314,22.0616,22.2519,0,0
CBF_PE,D,20200409,000000,22.4421,22.9168,21.3958,22.9168,0,0
CBF_PE,D,20200414,000000,22.7266,24.6291,22.7266,24.2486,0,0
CBF_PE,D,20200415,000000,24.4388,24.4388,23.3934,23.5836,0,0
CBF_PE,D,20200416,000000,24.1534,24.1534,23.3934,23.8681,0,0
CBF_PE,D,20200417,000000,24.2486,24.9144,23.8681,23.8681,0,0
CBF_PE,D,20200420,000000,23.8681,24.5339,23.8681,23.8681,0,0
CBF_PE,D,20200421,000000,24.4388,24.7231,22.2519,23.2983,0,0
CBF_PE,D,20200422,000000,23.0119,23.7729,22.8217,23.7729,0,0
CBF_PE,D,20200423,000000,23.7729,25.6754,23.7729,25.2949,0,0
CBF_PE,D,20200424,000000,25.5802,25.9598,24.8193,25.9598,0,0
CBF_PE,D,20200427,000000,25.9598,27.5769,25.9598,27.4817,0,0
CBF_PE,D,20200428,000000,27.5769,28.6232,27.5769,28.4329,0,0
CBF_PE,D,20200429,000000,28.8134,28.8134,27.4817,27.8612,0,0
CBF_PE,D,20200430,000000,27.7671,29.0027,26.3402,29.0027,0,0
CBF_PE,D,20200504,000000,27.7671,28.7183,27.6719,28.0524,0,0
CBF_PE,D,20200505,000000,28.2427,28.8134,28.0524,28.0524,0,0
CBF_PE,D,20200506,000000,27.7671,28.2427,27.7671,27.7671,0,0
CBF_PE,D,20200507,000000,28.0524,30.0491,27.7671,29.9539,0,0
CBF_PE,D,20200508,000000,30.9052,30.9052,29.2881,29.3832,0,0
CBF_PE,D,20200511,000000,29.6696,29.6696,28.6232,28.8134,0,0
CBF_PE,D,20200512,000000,29.1929,31.7612,28.5281,31.1906,0,0
CBF_PE,D,20200513,000000,30.6198,31.8564,30.6198,31.571,0,0
CBF_PE,D,20200514,000000,31.571,31.6662,28.2427,29.1929,0,0
CBF_PE,D,20200515,000000,30.0491,30.9052,29.7647,29.7647,0,0
CBF_PE,D,20200518,000000,30.9993,31.571,30.9993,31.1906,0,0
CBF_PE,D,20200519,000000,31.9515,31.9515,29.1929,29.1929,0,0
CBF_PE,D,20200520,000000,29.5744,29.5744,28.2427,28.6232,0,0
CBF_PE,D,20200521,000000,28.6232,28.6232,28.1476,28.5281,0,0
CBF_PE,D,20200522,000000,28.2427,28.5281,27.9574,28.4329,0,0
CBF_PE,D,20200525,000000,28.5281,29.3832,28.2427,29.0979,0,0
CBF_PE,D,20200526,000000,29.2881,29.7647,29.1929,29.2881,0,0
CBF_PE,D,20200527,000000,29.2881,29.2881,26.3402,26.4364,0,0
CBF_PE,D,20200528,000000,27.0061,27.6719,27.0061,27.1012,0,0
CBF_PE,D,20200529,000000,27.7671,28.0524,27.1964,27.7671,0,0
CBF_PE,D,20200601,000000,27.7671,28.6232,27.7671,28.2427,0,0
CBF_PE,D,20200602,000000,28.2427,28.2427,26.9109,27.3866,0,0
CBF_PE,D,20200603,000000,27.6719,28.1476,26.9109,27.7671,0,0
CBF_PE,D,20200604,000000,27.7671,28.1476,27.7671,27.7671,0,0
CBF_PE,D,20200605,000000,28.0524,28.0524,27.5769,27.7671,0,0
CBF_PE,D,20200608,000000,27.7671,27.8612,26.8159,27.8612,0,0
CBF_PE,D,20200609,000000,27.8612,27.8612,26.7217,26.8159,0,0
CBF_PE,D,20200610,000000,26.7217,27.4817,26.7217,27.3866,0,0
CBF_PE,D,20200612,000000,26.6266,26.8159,26.2451,26.8159,0,0
CBF_PE,D,20200615,000000,26.8159,26.8159,25.9598,26.6266,0,0
CBF_PE,D,20200616,000000,26.9109,27.9574,26.8159,27.9574,0,0
CBF_PE,D,20200617,000000,27.9574,27.9574,27.2914,27.7671,0,0
CBF_PE,D,20200618,000000,27.7671,28.2427,27.5769,27.7671,0,0
CBF_PE,D,20200619,000000,27.7671,27.9574,27.4817,27.9574,0,0
CBF_PE,D,20200622,000000,28.0524,28.6232,27.7671,27.7671,0,0
CBF_PE,D,20200623,000000,27.8612,28.2427,27.0061,27.1012,0,0
CBF_PE,D,20200624,000000,26.9109,27.4817,26.7217,27.2914,0,0
CBF_PE,D,20200625,000000,27.1964,27.1964,26.3402,26.6266,0,0
CBF_PE,D,20200626,000000,26.8159,26.8159,25.4851,25.5802,0,0
CBF_PE,D,20200629,000000,25.6754,25.6754,24.6291,24.6291,0,0
CBF_PE,D,20200630,000000,24.8193,25.9598,24.8193,25.9598,0,0
CBF_PE,D,20200701,000000,26.2451,26.2451,24.9144,25.3899,0,0
CBF_PE,D,20200702,000000,25.4851,26.9109,24.9144,26.0549,0,0
CBF_PE,D,20200703,000000,26.3402,27.0061,26.3402,27.0061,0,0
CBF_PE,D,20200706,000000,27.1012,28.4329,27.1012,28.1476,0,0
CBF_PE,D,20200707,000000,28.1476,28.3379,27.4817,27.9574,0,0
CBF_PE,D,20200708,000000,27.9574,28.2427,27.6719,28.1476,0,0
CBF_PE,D,20200709,000000,28.4329,29.7647,27.5769,27.7671,0,0
CBF_PE,D,20200710,000000,27.7671,27.8612,26.8159,27.2914,0,0
CBF_PE,D,20200713,000000,27.2914,27.4817,26.7217,27.1012,0,0
CBF_PE,D,20200714,000000,27.1012,27.2914,26.9109,26.9109,0,0
CBF_PE,D,20200715,000000,27.0061,27.8612,27.0061,27.8612,0,0
CBF_PE,D,20200716,000000,27.7671,28.0524,27.2914,27.5769,0,0
CBF_PE,D,20200717,000000,27.7671,28.0524,27.5769,27.6719,0,0
CBF_PE,D,20200720,000000,28.2427,29.6696,27.7671,29.6696,0,0
CBF_PE,D,20200721,000000,30.3344,31.8564,30.3344,30.9993,0,0
CBF_PE,D,20200722,000000,31.571,31.571,30.1442,31.0944,0,0
CBF_PE,D,20200723,000000,31.0944,31.6662,30.8101,30.8101,0,0
CBF_PE,D,20200724,000000,31.4759,31.4759,29.7647,29.9539,0,0
CBF_PE,D,20200727,000000,30.1442,31.4759,29.7647,31.0944,0,0
CBF_PE,D,20200728,000000,30.9993,30.9993,30.2393,30.3344,0,0
CBF_PE,D,20200729,000000,29.9539,31.2857,29.8598,30.8101,0,0
CBF_PE,D,20200730,000000,31.571,31.8564,26.3402,27.7671,0,0
CBF_PE,D,20200731,000000,27.4817,30.6198,27.4817,30.6198,0,0
CBF_PE,D,20200803,000000,30.2393,31.6662,30.2393,31.4759,0,0
CBF_PE,D,20200804,000000,31.8564,32.8076,31.7612,31.9515,0,0
CBF_PE,D,20200805,000000,32.7115,33.1871,31.7612,31.7612,0,0
CBF_PE,D,20200806,000000,31.9515,31.9515,30.5247,31.0944,0,0
CBF_PE,D,20200807,000000,31.8564,31.8564,30.1442,30.1442,0,0
CBF_PE,D,20200810,000000,30.3344,31.0944,30.3344,30.7149,0,0
CBF_PE,D,20200811,000000,30.9052,30.9052,30.1442,30.2393,0,0
CBF_PE,D,20200812,000000,30.3344,30.3344,29.0979,29.8598,0,0
CBF_PE,D,20200813,000000,29.7647,30.7149,29.7647,29.9539,0,0
CBF_PE,D,20200814,000000,29.7647,30.7149,29.7647,30.5247,0,0
CBF_PE,D,20200817,000000,30.5247,31.571,30.5247,31.4759,0,0
CBF_PE,D,20200818,000000,31.9515,32.7115,26.1501,26.1501,0,0
CBF_PE,D,20200819,000000,25.9598,26.5314,25.4851,26.2451,0,0
CBF_PE,D,20200820,000000,26.6266,27.0061,25.7696,27.0061,0,0
CBF_PE,D,20200821,000000,27.0061,27.5769,26.7217,26.9109,0,0
CBF_PE,D,20200824,000000,27.1964,27.8612,26.6266,27.8612,0,0
CBF_PE,D,20200825,000000,27.8612,27.9574,26.8159,26.8159,0,0
CBF_PE,D,20200826,000000,26.9109,27.2914,26.5314,27.2914,0,0
CBF_PE,D,20200827,000000,27.1964,27.1964,26.5314,26.9109,0,0
CBF_PE,D,20200828,000000,27.2914,27.2914,26.1501,26.7217,0,0
CBF_PE,D,20200831,000000,26.7217,26.9109,26.1501,26.6266,0,0
CBF_PE,D,20200901,000000,26.9109,26.9109,24.9144,24.9144,0,0
CBF_PE,D,20200902,000000,24.9144,26.0549,24.9144,25.9598,0,0
CBF_PE,D,20200903,000000,26.1501,26.7217,25.9598,26.3402,0,0
CBF_PE,D,20200904,000000,25.9598,27.1012,25.3899,26.3402,0,0
CBF_PE,D,20200907,000000,26.0549,26.5314,26.0549,26.3402,0,0
CBF_PE,D,20200908,000000,25.9598,26.2451,24.0583,24.9144,0,0
CBF_PE,D,20200909,000000,25.2949,25.5802,24.9144,25.5802,0,0
CBF_PE,D,20200910,000000,25.7696,26.4364,25.2949,26.4364,0,0
CBF_PE,D,20200911,000000,26.5314,26.9109,26.4364,26.8159,0,0
CBF_PE,D,20200914,000000,26.9109,27.3866,26.1501,27.3866,0,0
CBF_PE,D,20200915,000000,27.3866,27.3866,26.3402,26.3402,0,0
CBF_PE,D,20200916,000000,26.8159,26.8159,26.0549,26.5314,0,0
CBF_PE,D,20200917,000000,26.2451,26.2451,25.8646,26.0549,0,0
CBF_PE,D,20200918,000000,25.7696,26.5314,24.9144,25.3899,0,0
CBF_PE,D,20200921,000000,25.2949,25.6754,24.1534,24.1534,0,0
CBF_PE,D,20200922,000000,24.4388,25.1046,24.4388,25.1046,0,0
CBF_PE,D,20200923,000000,25.5802,25.7696,25.1997,25.1997,0,0
CBF_PE,D,20200924,000000,24.9144,24.9144,24.1534,24.6291,0,0
CBF_PE,D,20200925,000000,24.6291,25.8646,24.6291,25.6754,0,0
CBF_PE,D,20200928,000000,26.2063,26.3024,25.8229,26.0151,0,0
CBF_PE,D,20200929,000000,26.5907,26.5907,25.4386,25.4386,0,0
CBF_PE,D,20200930,000000,25.6307,25.919,25.1512,25.2463,0,0
CBF_PE,D,20201001,000000,25.5346,25.5346,25.1512,25.1512,0,0
CBF_PE,D,20201002,000000,25.1512,25.4386,24.7668,24.8629,0,0
CBF_PE,D,20201005,000000,25.1512,25.8229,25.1512,25.4386,0,0
CBF_PE,D,20201006,000000,25.6307,25.7268,25.5346,25.6307,0,0
CBF_PE,D,20201007,000000,25.5346,25.5346,25.3424,25.4386,0,0
CBF_PE,D,20201008,000000,25.4386,25.8229,25.4386,25.5346,0,0
CBF_PE,D,20201009,000000,25.3424,25.3424,24.7668,24.7668,0,0
CBF_PE,D,20201012,000000,24.7668,24.7668,24.3825,24.7668,0,0
CBF_PE,D,20201013,000000,24.3825,25.0551,23.903,23.903,0,0
CBF_PE,D,20201014,000000,24.1913,24.4786,23.903,24.3825,0,0
CBF_PE,D,20201015,000000,24.6708,24.6708,23.3265,23.4225,0,0
CBF_PE,D,20201016,000000,23.5186,25.0551,23.3265,24.9591,0,0
CBF_PE,D,20201019,000000,24.9591,26.5907,24.7668,26.3985,0,0
CBF_PE,D,20201020,000000,26.3985,26.3985,25.6307,25.7268,0,0
CBF_PE,D,20201021,000000,26.3985,26.6867,26.0151,26.5907,0,0
CBF_PE,D,20201022,000000,26.4946,26.4946,25.7268,26.0151,0,0
CBF_PE,D,20201023,000000,26.1112,26.6867,25.5346,25.5346,0,0
CBF_PE,D,20201026,000000,25.8229,25.8229,25.1512,25.2463,0,0
CBF_PE,D,20201027,000000,25.5346,25.8229,25.2463,25.2463,0,0
CBF_PE,D,20201028,000000,25.2463,25.4386,24.9591,24.9591,0,0
CBF_PE,D,20201029,000000,24.6708,25.919,24.6708,25.919,0,0
CBF_PE,D,20201030,000000,25.919,25.919,24.6708,24.8629,0,0
CBF_PE,D,20201102,000000,24.4786,25.919,24.4786,25.919,0,0
CBF_PE,D,20201103,000000,25.919,25.919,24.7668,24.9591,0,0
CBF_PE,D,20201104,000000,24.9591,25.1512,24.6708,24.9591,0,0
CBF_PE,D,20201105,000000,25.2463,25.5346,24.9591,25.2463,0,0
CBF_PE,D,20201106,000000,25.5346,25.5346,24.8629,25.3424,0,0
CBF_PE,D,20201109,000000,25.3424,25.3424,24.6708,24.9591,0,0
CBF_PE,D,20201110,000000,25.2463,25.2463,24.6708,24.7668,0,0
CBF_PE,D,20201112,000000,24.7668,25.8229,24.7668,25.1512,0,0
CBF_PE,D,20201113,000000,25.1512,25.5346,24.8629,25.5346,0,0
CBF_PE,D,20201116,000000,25.6307,25.919,25.1512,25.5346,0,0
CBF_PE,D,20201117,000000,26.6867,26.6867,21.6947,21.6947,0,0
CBF_PE,D,20201118,000000,21.8869,22.0792,21.5987,21.8869,0,0
CBF_PE,D,20201119,000000,21.983,21.983,21.2152,21.4065,0,0
CBF_PE,D,20201120,000000,21.4065,21.983,21.2152,21.8869,0,0
CBF_PE,D,20201123,000000,21.7909,22.0792,21.3114,22.0792,0,0
CBF_PE,D,20201124,000000,22.1752,22.1752,21.6947,21.6947,0,0
CBF_PE,D,20201125,000000,22.0792,22.0792,21.2152,21.2152,0,0
CBF_PE,D,20201126,000000,21.5026,22.0792,21.5026,22.0792,0,0
CBF_PE,D,20201127,000000,21.983,22.3665,21.983,22.2713,0,0
CBF_PE,D,20201130,000000,22.1752,22.4625,21.6947,21.8869,0,0
CBF_PE,D,20201201,000000,21.5987,21.7909,21.5026,21.5026,0,0
CBF_PE,D,20201202,000000,21.7909,22.0792,21.5987,22.0792,0,0
CBF_PE,D,20201203,000000,22.0792,22.0792,21.5026,21.5026,0,0
CBF_PE,D,20201204,000000,21.8869,23.0391,21.7909,23.0391,0,0
CBF_PE,D,20201207,000000,22.943,22.943,22.6547,22.8469,0,0
CBF_PE,D,20201208,000000,22.943,23.5186,22.8469,23.5186,0,0
CBF_PE,D,20201209,000000,23.5186,23.5186,23.1352,23.5186,0,0
CBF_PE,D,20201210,000000,23.3265,23.5186,22.7508,22.7508,0,0
CBF_PE,D,20201211,000000,22.7508,22.7508,22.2713,22.7508,0,0
CBF_PE,D,20201214,000000,22.4625,22.8469,22.3665,22.8469,0,0
CBF_PE,D,20201215,000000,22.7508,22.8469,22.5587,22.7508,0,0
CBF_PE,D,20201216,000000,22.943,22.943,22.3665,22.5587,0,0
CBF_PE,D,20201217,000000,22.8469,23.1352,22.6547,23.0391,0,0
CBF_PE,D,20201218,000000,23.1352,23.1352,22.2713,22.4625,0,0
CBF_PE,D,20201221,000000,22.5587,22.5587,21.4065,21.6947,0,0
CBF_PE,D,20201222,000000,21.5987,22.2713,21.5987,21.983,0,0
CBF_PE,D,20201223,000000,21.8869,22.1752,21.8869,21.8869,0,0
CBF_PE,D,20201228,000000,21.8869,22.8469,21.7909,22.4625,0,0
CBF_PE,D,20201229,000000,22.7508,23.2313,22.5587,23.1352,0,0
CBF_PE,D,20201230,000000,23.4225,23.4225,23.0391,23.3265,0,0
CBF_PE,D,20210104,000000,23.7108,24.5746,23.5186,24.3825,0,0
CBF_PE,D,20210105,000000,24.3825,25.2463,24.3825,24.7668,0,0
CBF_PE,D,20210107,000000,24.7668,24.8629,24.4786,24.4786,0,0
CBF_PE,D,20210108,000000,24.7668,25.2463,24.4786,24.8629,0,0
CBF_PE,D,20210111,000000,25.2463,25.8229,25.2463,25.5346,0,0
CBF_PE,D,20210112,000000,25.6307,26.3985,25.6307,25.919,0,0
CBF_PE,D,20210113,000000,26.3024,26.3985,25.0551,25.2463,0,0
CBF_PE,D,20210114,000000,25.5346,25.6307,25.3424,25.5346,0,0
CBF_PE,D,20210115,000000,25.5346,25.5346,25.0551,25.2463,0,0
CBF_PE,D,20210118,000000,25.1512,25.5346,25.1512,25.2463,0,0
CBF_PE,D,20210119,000000,25.3424,25.3424,24.8629,25.0551,0,0
CBF_PE,D,20210120,000000,25.2463,25.4386,25.0551,25.0551,0,0
CBF_PE,D,20210121,000000,25.2463,25.2463,24.9591,25.1512,0,0
CBF_PE,D,20210122,000000,25.1512,25.2463,24.7668,24.8629,0,0
CBF_PE,D,20210125,000000,24.8629,24.8629,24.0951,24.0951,0,0
CBF_PE,D,20210126,000000,24.0951,24.7668,24.0951,24.6708,0,0
CBF_PE,D,20210127,000000,24.7668,24.7668,23.903,24.0951,0,0
CBF_PE,D,20210128,000000,24.0951,24.1913,23.5186,24.0951,0,0
CBF_PE,D,20210129,000000,24.0951,24.0951,23.903,24.0951,0,0
CBF_PE,D,20210201,000000,24.0951,24.0951,23.5186,23.903,0,0
CBF_PE,D,20210202,000000,23.8068,24.0951,23.5186,24.0951,0,0
CBF_PE,D,20210203,000000,23.903,24.0951,23.7108,23.903,0,0
CBF_PE,D,20210204,000000,23.903,24.0951,23.6147,23.9991,0,0
CBF_PE,D,20210205,000000,23.9991,24.5746,23.903,24.5746,0,0
CBF_PE,D,20210208,000000,24.3825,25.6307,24.3825,25.5346,0,0
CBF_PE,D,20210209,000000,25.4386,25.919,25.2463,25.919,0,0
CBF_PE,D,20210210,000000,26.0151,26.2063,25.7268,25.7268,0,0
CBF_PE,D,20210211,000000,26.975,28.1262,26.975,27.7428,0,0
CBF_PE,D,20210212,000000,27.839,27.839,26.879,27.4545,0,0
CBF_PE,D,20210215,000000,27.5507,29.7589,27.5507,29.5666,0,0
CBF_PE,D,20210216,000000,29.5666,31.5827,29.5666,30.911,0,0
CBF_PE,D,20210217,000000,30.911,32.0622,30.1422,31.5827,0,0
CBF_PE,D,20210218,000000,31.4865,31.4865,30.5266,30.6227,0,0
CBF_PE,D,20210219,000000,30.3344,30.6227,29.3744,29.5666,0,0
CBF_PE,D,20210222,000000,29.5666,29.5666,28.7989,29.4706,0,0
CBF_PE,D,20210223,000000,29.4706,29.5666,28.0311,28.5106,0,0
CBF_PE,D,20210224,000000,28.2223,29.0861,28.2223,28.6067,0,0
CBF_PE,D,20210225,000000,28.7028,30.2384,28.7028,29.5666,0,0
CBF_PE,D,20210226,000000,29.5666,29.9511,29.1823,29.5666,0,0
CBF_PE,D,20210301,000000,29.9511,29.9511,29.3744,29.3744,0,0
CBF_PE,D,20210302,000000,29.5666,30.1422,29.3744,29.4706,0,0
CBF_PE,D,20210303,000000,29.4706,29.9511,29.1823,29.2784,0,0
CBF_PE,D,20210304,000000,29.3744,29.4706,29.0861,29.1823,0,0
CBF_PE,D,20210305,000000,29.4706,29.4706,28.9911,29.4706,0,0
CBF_PE,D,20210308,000000,28.9911,29.4706,28.895,29.2784,0,0
CBF_PE,D,20210309,000000,28.9911,29.4706,28.9911,29.2784,0,0
CBF_PE,D,20210310,000000,29.3744,31.1022,28.9911,31.1022,0,0
CBF_PE,D,20210311,000000,31.0061,31.6787,31.0061,31.6787,0,0
CBF_PE,D,20210312,000000,31.6787,32.926,31.6787,32.83,0,0
CBF_PE,D,20210315,000000,33.2143,33.2143,31.2944,31.5827,0,0
CBF_PE,D,20210316,000000,31.3905,32.2543,30.5266,31.6787,0,0
CBF_PE,D,20210317,000000,31.87,31.966,31.0061,31.2944,0,0
CBF_PE,D,20210318,000000,31.87,31.87,31.1022,31.2944,0,0
CBF_PE,D,20210319,000000,31.2944,31.6787,30.7189,30.8149,0,0
CBF_PE,D,20210322,000000,30.8149,31.3905,30.7189,30.911,0,0
CBF_PE,D,20210323,000000,30.911,31.5827,30.7189,31.2944,0,0
CBF_PE,D,20210324,000000,31.2944,31.2944,30.7189,31.1983,0,0
CBF_PE,D,20210325,000000,30.911,31.1983,30.0461,30.1422,0,0
CBF_PE,D,20210326,000000,30.1422,30.911,30.1422,30.8149,0,0
CBF_PE,D,20210329,000000,31.6787,32.3505,31.5827,32.3505,0,0
CBF_PE,D,20210330,000000,32.4465,32.83,32.2543,32.83,0,0
CBF_PE,D,20210331,000000,32.926,34.2704,32.7348,33.2143,0,0
CBF_PE,D,20210401,000000,33.5986,33.5986,32.7348,33.2143,0,0
CBF_PE,D,20210406,000000,33.2143,33.9821,33.0221,33.6948,0,0
CBF_PE,D,20210407,000000,33.9821,34.2704,32.5426,32.6387,0,0
CBF_PE,D,20210408,000000,33.3104,33.9821,33.1183,33.3104,0,0
CBF_PE,D,20210409,000000,33.6948,34.3664,33.3104,33.9821,0,0
CBF_PE,D,20210412,000000,35.0382,35.2304,33.9821,35.2304,0,0
CBF_PE,D,20210413,000000,35.2304,35.2304,33.9821,34.4626,0,0
CBF_PE,D,20210414,000000,34.5586,37.0542,34.5586,35.9981,0,0
CBF_PE,D,20210415,000000,35.902,38.0141,35.902,37.5346,0,0
CBF_PE,D,20210416,000000,38.3024,38.3024,37.2463,37.918,0,0
CBF_PE,D,20210419,000000,38.2063,38.5898,36.958,37.1503,0,0
CBF_PE,D,20210420,000000,37.2463,37.2463,34.6547,35.8059,0,0
CBF_PE,D,20210421,000000,35.902,35.902,34.9421,35.902,0,0
CBF_PE,D,20210422,000000,36.862,37.822,36.862,37.7258,0,0
CBF_PE,D,20210423,000000,37.7258,38.4946,37.1503,37.918,0,0
CBF_PE,D,20210426,000000,38.5898,38.878,38.0141,38.5898,0,0
CBF_PE,D,20210427,000000,38.6858,41.0862,38.6858,39.9341,0,0
CBF_PE,D,20210428,000000,40.2224,40.7018,39.0702,39.2624,0,0
CBF_PE,D,20210429,000000,38.9741,38.9741,37.822,38.5898,0,0
CBF_PE,D,20210430,000000,38.6858,38.878,38.2063,38.7819,0,0
CBF_PE,D,20210504,000000,38.2063,38.2063,37.6298,37.822,0,0
CBF_PE,D,20210505,000000,38.1103,38.2063,37.3425,37.918,0,0
CBF_PE,D,20210506,000000,38.2063,38.6858,36.3825,37.4385,0,0
CBF_PE,D,20210507,000000,37.2463,37.822,36.5747,37.2463,0,0
CBF_PE,D,20210510,000000,37.2463,37.2463,35.5186,35.8059,0,0
CBF_PE,D,20210511,000000,35.6147,35.8059,34.3664,35.6147,0,0
CBF_PE,D,20210512,000000,35.7099,35.902,34.9421,35.1342,0,0
CBF_PE,D,20210513,000000,35.1342,36.7659,34.6547,36.7659,0,0
CBF_PE,D,20210514,000000,36.6698,36.6698,35.8059,36.4785,0,0
CBF_PE,D,20210517,000000,35.7099,36.4785,35.7099,36.4785,0,0
CBF_PE,D,20210518,000000,36.5747,36.7659,35.3264,35.4225,0,0
CBF_PE,D,20210519,000000,35.4225,35.5186,34.6547,35.2304,0,0
CBF_PE,D,20210520,000000,35.2304,35.5186,34.6547,35.5186,0,0
CBF_PE,D,20210521,000000,35.5186,35.5186,34.8459,34.9421,0,0
CBF_PE,D,20210524,000000,34.9421,34.9421,33.5026,34.8459,0,0
CBF_PE,D,20210525,000000,35.2304,36.2864,35.2304,36.2864,0,0
CBF_PE,D,20210526,000000,36.958,36.958,31.87,31.87,0,0
CBF_PE,D,20210527,000000,31.87,31.87,30.7189,31.1983,0,0
CBF_PE,D,20210528,000000,31.87,31.87,31.2944,31.3905,0,0
CBF_PE,D,20210531,000000,31.3905,32.0622,31.1983,31.1983,0,0
CBF_PE,D,20210601,000000,31.1983,35.1342,30.7189,35.1342,0,0
CBF_PE,D,20210602,000000,34.7499,35.6147,34.7499,35.0382,0,0
CBF_PE,D,20210604,000000,35.6147,36.6698,34.9421,36.6698,0,0
CBF_PE,D,20210607,000000,36.6698,36.6698,35.7099,36.0942,0,0
CBF_PE,D,20210608,000000,35.9981,36.3825,35.9981,35.9981,0,0
CBF_PE,D,20210609,000000,36.3825,36.3825,35.8059,36.0942,0,0
CBF_PE,D,20210610,000000,36.2864,36.2864,35.4225,35.7099,0,0
CBF_PE,D,20210611,000000,35.8166,36.2048,35.8166,35.8166,0,0
CBF_PE,D,20210614,000000,36.399,36.5931,35.9137,35.9137,0,0
CBF_PE,D,20210615,000000,36.399,36.399,35.9137,36.2048,0,0
CBF_PE,D,20210616,000000,36.3019,37.7579,36.3019,36.9814,0,0
CBF_PE,D,20210617,000000,36.9814,37.2726,35.8166,36.3019,0,0
CBF_PE,D,20210618,000000,36.3019,36.4961,34.8459,35.5254,0,0
CBF_PE,D,20210621,000000,35.4284,35.5254,34.8459,35.0401,0,0
CBF_PE,D,20210622,000000,34.5548,34.7489,34.2636,34.4577,0,0
CBF_PE,D,20210623,000000,34.943,35.5254,34.6518,35.0401,0,0
CBF_PE,D,20210624,000000,35.1372,35.6225,35.1372,35.1372,0,0
CBF_PE,D,20210625,000000,35.6225,35.9137,35.1372,35.2342,0,0
CBF_PE,D,20210628,000000,36.2048,36.2048,35.3312,35.7195,0,0
CBF_PE,D,20210629,000000,36.1078,36.2048,35.2342,35.2342,0,0
CBF_PE,D,20210630,000000,35.7195,36.2048,33.9723,36.1078,0,0
CBF_PE,D,20210701,000000,35.1372,36.1078,34.4577,34.5548,0,0
CBF_PE,D,20210702,000000,34.6518,35.1372,34.6518,35.1372,0,0
CBF_PE,D,20210705,000000,34.8459,35.6225,34.8459,35.4284,0,0
CBF_PE,D,20210706,000000,35.4284,35.4284,34.4577,34.4577,0,0
CBF_PE,D,20210707,000000,34.4577,35.1372,34.1665,34.1665,0,0
CBF_PE,D,20210708,000000,34.3606,34.3606,33.1959,33.39,0,0
CBF_PE,D,20210709,000000,33.39,33.6812,33.293,33.5842,0,0
CBF_PE,D,20210712,000000,33.487,34.943,33.293,34.8459,0,0
CBF_PE,D,20210713,000000,34.8459,35.0401,34.0695,34.4577,0,0
CBF_PE,D,20210714,000000,34.1665,35.2342,34.1665,35.1372,0,0
CBF_PE,D,20210715,000000,35.2342,35.7195,35.1372,35.1372,0,0
CBF_PE,D,20210716,000000,35.1372,35.5254,35.1372,35.4284,0,0
CBF_PE,D,20210719,000000,35.1372,35.5254,34.4577,34.6518,0,0
CBF_PE,D,20210720,000000,34.943,34.943,33.8753,33.8753,0,0
CBF_PE,D,20210721,000000,33.8753,34.8459,33.8753,34.8459,0,0
CBF_PE,D,20210722,000000,35.0401,35.5254,34.4577,34.4577,0,0
CBF_PE,D,20210723,000000,34.4577,35.2342,34.0695,34.0695,0,0
CBF_PE,D,20210726,000000,34.8459,34.8459,34.0695,34.1665,0,0
CBF_PE,D,20210727,000000,34.1665,34.1665,33.5842,33.7783,0,0
CBF_PE,D,20210728,000000,33.8753,34.6518,33.8753,33.8753,0,0
CBF_PE,D,20210729,000000,34.3606,34.3606,33.7783,34.1665,0,0
CBF_PE,D,20210730,000000,34.2636,34.4577,33.487,33.7783,0,0
CBF_PE,D,20210802,000000,33.7783,34.4577,33.7783,34.0695,0,0
CBF_PE,D,20210803,000000,33.6812,34.3606,33.5842,33.7783,0,0
CBF_PE,D,20210804,000000,34.4577,34.4577,33.6812,33.7783,0,0
CBF_PE,D,20210805,000000,34.0695,34.7489,33.7783,34.6518,0,0
CBF_PE,D,20210806,000000,34.6518,35.8166,33.8753,34.2636,0,0
CBF_PE,D,20210809,000000,35.1372,35.4284,34.5548,34.6518,0,0
CBF_PE,D,20210810,000000,35.4284,35.4284,34.3606,34.4577,0,0
CBF_PE,D,20210811,000000,34.4577,35.2342,34.4577,34.8459,0,0
CBF_PE,D,20210812,000000,35.2342,35.2342,34.5548,34.8459,0,0
CBF_PE,D,20210813,000000,34.6518,35.3312,34.5548,35.2342,0,0
CBF_PE,D,20210816,000000,35.2342,35.2342,34.2636,34.6518,0,0
CBF_PE,D,20210817,000000,34.5548,34.5548,33.8753,34.3606,0,0
CBF_PE,D,20210818,000000,33.9723,34.4577,33.9723,34.4577,0,0
CBF_PE,D,20210819,000000,34.5548,35.2342,34.5548,35.1372,0,0
CBF_PE,D,20210820,000000,34.943,35.1372,34.6518,34.7489,0,0
CBF_PE,D,20210823,000000,34.7489,35.5254,34.7489,35.1372,0,0
CBF_PE,D,20210824,000000,35.3312,35.4284,34.4577,34.4577,0,0
CBF_PE,D,20210825,000000,34.8459,34.8459,33.487,33.6812,0,0
CBF_PE,D,20210826,000000,34.3606,34.3606,33.6812,33.7783,0,0
CBF_PE,D,20210827,000000,33.8753,34.2636,33.8753,33.8753,0,0
CBF_PE,D,20210830,000000,34.0695,34.7489,34.0695,34.5548,0,0
CBF_PE,D,20210831,000000,34.7489,34.8459,34.1665,34.5548,0,0
CBF_PE,D,20210901,000000,34.6518,34.6518,29.8957,29.8957,0,0
CBF_PE,D,20210902,000000,29.9928,31.1575,29.9928,30.7692,0,0
CBF_PE,D,20210903,000000,30.7692,32.0311,30.6722,32.0311,0,0
CBF_PE,D,20210906,000000,32.2253,32.9047,31.837,32.3223,0,0
CBF_PE,D,20210907,000000,32.3223,32.3223,31.7399,31.9341,0,0
CBF_PE,D,20210908,000000,31.7399,32.3223,31.7399,32.3223,0,0
CBF_PE,D,20210909,000000,32.4194,32.4194,30.8664,31.0605,0,0
CBF_PE,D,20210910,000000,30.8664,31.1575,30.5752,30.5752,0,0
CBF_PE,D,20210913,000000,31.0605,31.0605,30.6722,30.7692,0,0
CBF_PE,D,20210914,000000,31.1575,31.1575,30.7692,30.7692,0,0
CBF_PE,D,20210915,000000,30.9634,30.9634,29.9928,30.2839,0,0
CBF_PE,D,20210916,000000,30.3811,30.3811,29.2163,29.8957,0,0
CBF_PE,D,20210917,000000,29.4103,29.8957,29.4103,29.7986,0,0
CBF_PE,D,20210920,000000,29.3133,29.3133,28.3427,28.925,0,0
CBF_PE,D,20210921,000000,28.828,28.828,27.5661,28.1486,0,0
CBF_PE,D,20210922,000000,28.1486,28.2456,27.7603,28.0514,0,0
CBF_PE,D,20210923,000000,28.1486,29.1192,27.9544,29.1192,0,0
CBF_PE,D,20210924,000000,29.2163,29.9928,29.2163,29.6045,0,0
CBF_PE,D,20210927,000000,29.6045,29.7016,29.1192,29.5075,0,0
CBF_PE,D,20210928,000000,29.5075,30.5752,29.5075,30.4781,0,0
CBF_PE,D,20210929,000000,30.6722,30.8664,30.4781,30.8664,0,0
CBF_PE,D,20210930,000000,31.0605,31.6428,29.7986,30.6722,0,0
CBF_PE,D,20211001,000000,30.8664,31.4487,30.8664,31.3517,0,0
CBF_PE,D,20211004,000000,31.3517,31.7399,31.1575,31.3517,0,0
CBF_PE,D,20211005,000000,31.4487,31.6428,31.1575,31.1575,0,0
CBF_PE,D,20211006,000000,31.1575,31.3517,30.7692,30.9634,0,0
CBF_PE,D,20211007,000000,31.0605,31.4487,31.0605,31.3517,0,0
CBF_PE,D,20211008,000000,31.1575,31.2546,30.8664,30.8664,0,0
CBF_PE,D,20211011,000000,31.1575,31.4487,30.8664,31.2546,0,0
CBF_PE,D,20211012,000000,31.6428,31.7399,31.2546,31.4487,0,0
CBF_PE,D,20211013,000000,31.7399,31.7399,30.8664,30.8664,0,0
CBF_PE,D,20211014,000000,30.9634,31.6428,30.8664,31.4487,0,0
CBF_PE,D,20211015,000000,31.6428,31.6428,31.0605,31.0605,0,0
CBF_PE,D,20211018,000000,31.6428,31.7399,30.7692,30.7692,0,0
CBF_PE,D,20211019,000000,30.6722,30.6722,29.9928,30.0898,0,0
CBF_PE,D,20211020,000000,30.2839,30.2839,29.7986,29.7986,0,0
CBF_PE,D,20211021,000000,29.7016,30.5752,29.7016,30.2839,0,0
CBF_PE,D,20211022,000000,30.2839,30.3811,29.9928,30.1869,0,0
CBF_PE,D,20211025,000000,30.1869,30.8664,29.7016,30.8664,0,0
CBF_PE,D,20211026,000000,30.8664,31.0605,30.5752,30.8664,0,0
CBF_PE,D,20211027,000000,30.8664,30.8664,30.2839,30.4781,0,0
CBF_PE,D,20211028,000000,30.4781,30.4781,29.9928,29.9928,0,0
CBF_PE,D,20211029,000000,30.4781,30.7692,30.0898,30.1869,0,0
CBF_PE,D,20211102,000000,30.1869,30.5752,29.9928,30.1869,0,0
CBF_PE,D,20211103,000000,30.5752,30.5752,30.0898,30.0898,0,0
CBF_PE,D,20211104,000000,29.9928,30.8664,29.7016,30.2839,0,0
CBF_PE,D,20211105,000000,30.5752,30.5752,29.9928,30.0898,0,0
CBF_PE,D,20211108,000000,30.4781,30.4781,29.9928,30.1869,0,0
CBF_PE,D,20211109,000000,30.4781,30.4781,29.9928,29.9928,0,0
CBF_PE,D,20211110,000000,30.5752,30.5752,29.9928,30.4781,0,0
CBF_PE,D,20211112,000000,30.2839,30.5752,30.2839,30.5752,0,0
CBF_PE,D,20211115,000000,30.4781,30.9634,30.2839,30.5752,0,0
CBF_PE,D,20211116,000000,30.6722,30.7692,30.2839,30.6722,0,0
CBF_PE,D,20211117,000000,30.4781,30.4781,29.7986,30.3811,0,0
CBF_PE,D,20211118,000000,30.2839,30.3811,27.5661,27.5661,0,0
CBF_PE,D,20211119,000000,27.372,27.4691,26.6925,26.6925,0,0
CBF_PE,D,20211122,000000,26.5955,26.6925,25.1396,26.1102,0,0
CBF_PE,D,20211123,000000,26.0131,26.9838,26.0131,26.6925,0,0
CBF_PE,D,20211124,000000,26.6925,27.372,26.6925,27.275,0,0
CBF_PE,D,20211125,000000,27.372,27.372,27.0808,27.275,0,0
CBF_PE,D,20211126,000000,26.9838,26.9838,25.7219,26.4014,0,0
CBF_PE,D,20211129,000000,26.4985,26.9838,25.7219,26.8867,0,0
CBF_PE,D,20211130,000000,26.4985,27.6633,25.9161,27.6633,0,0
CBF_PE,D,20211201,000000,27.7603,27.8574,27.0808,27.372,0,0
CBF_PE,D,20211202,000000,28.0514,28.0514,26.9838,27.0808,0,0
CBF_PE,D,20211203,000000,26.9838,26.9838,26.3044,26.4014,0,0
CBF_PE,D,20211206,000000,26.4014,26.6925,25.4308,25.4308,0,0
CBF_PE,D,20211207,000000,25.4308,25.9161,25.4308,25.5278,0,0
CBF_PE,D,20211208,000000,25.7219,25.9161,25.6249,25.6249,0,0
CBF_PE,D,20211209,000000,25.7219,25.8191,25.2366,25.7219,0,0
CBF_PE,D,20211210,000000,26.0131,26.0131,25.3336,25.3336,0,0
CBF_PE,D,20211213,000000,25.4308,25.4308,24.8483,25.4308,0,0
CBF_PE,D,20211214,000000,25.4308,25.4308,24.4602,24.8483,0,0
CBF_PE,D,20211215,000000,24.4602,24.7513,23.5866,23.9748,0,0
CBF_PE,D,20211216,000000,23.7807,24.7513,23.2954,24.7513,0,0
CBF_PE,D,20211217,000000,24.7513,25.4308,24.363,25.4308,0,0
CBF_PE,D,20211220,000000,25.4308,26.1102,25.0425,25.4308,0,0
CBF_PE,D,20211221,000000,25.3336,26.4985,25.3336,26.4985,0,0
CBF_PE,D,20211222,000000,26.4985,27.4691,26.4985,27.4691,0,0
CBF_PE,D,20211223,000000,27.275,27.7603,26.0131,27.7603,0,0
CBF_PE,D,20211227,000000,27.7603,27.7603,26.8867,27.7603,0,0
CBF_PE,D,20211228,000000,27.5661,27.5661,26.4985,26.4985,0,0
CBF_PE,D,20211229,000000,26.4014,26.9838,26.4014,26.8867,0,0
CBF_PE,D,20211230,000000,26.9838,27.0808,26.2072,27.0808,0,0
CBF_PE,D,20220103,000000,27.5661,28.1486,27.372,27.5661,0,0
CBF_PE,D,20220104,000000,27.5661,28.3427,27.5661,27.6633,0,0
CBF_PE,D,20220105,000000,27.8574,28.0514,27.1779,27.5661,0,0
CBF_PE,D,20220107,000000,27.5661,27.5661,27.0808,27.5661,0,0
CBF_PE,D,20220110,000000,27.5661,27.5661,26.5955,26.9838,0,0
CBF_PE,D,20220111,000000,27.0808,27.0808,26.5955,26.5955,0,0
CBF_PE,D,20220112,000000,26.4985,27.0808,26.2072,27.0808,0,0
CBF_PE,D,20220113,000000,27.0808,27.4691,26.5955,27.4691,0,0
CBF_PE,D,20220114,000000,27.4691,27.4691,26.2072,27.275,0,0
CBF_PE,D,20220117,000000,27.275,27.275,26.8867,27.0808,0,0
CBF_PE,D,20220118,000000,27.0808,27.1779,26.7897,27.0808,0,0
CBF_PE,D,20220119,000000,27.275,27.275,26.5955,26.5955,0,0
CBF_PE,D,20220120,000000,26.9838,26.9838,26.3044,26.7897,0,0
CBF_PE,D,20220121,000000,26.5955,26.5955,26.0131,26.1102,0,0
CBF_PE,D,20220124,000000,26.2072,26.4985,24.1689,25.9161,0,0
CBF_PE,D,20220125,000000,25.5278,25.5278,24.7513,25.2366,0,0
CBF_PE,D,20220126,000000,24.7513,26.0131,24.7513,26.0131,0,0
CBF_PE,D,20220127,000000,25.5278,26.0131,25.0425,25.1396,0,0
CBF_PE,D,20220128,000000,25.1396,25.1396,24.1689,24.363,0,0
CBF_PE,D,20220131,000000,24.8483,24.8483,24.0719,24.363,0,0
CBF_PE,D,20220201,000000,24.6542,24.6542,24.363,24.363,0,0
CBF_PE,D,20220202,000000,24.6542,24.6542,24.266,24.266,0,0
CBF_PE,D,20220203,000000,24.363,24.6542,24.266,24.5572,0,0
CBF_PE,D,20220204,000000,24.5572,24.5572,24.0719,24.1689,0,0
CBF_PE,D,20220207,000000,24.1689,24.1689,22.9071,23.1013,0,0
CBF_PE,D,20220208,000000,23.1013,23.8777,23.1013,23.8777,0,0
CBF_PE,D,20220209,000000,23.8777,23.8777,23.4894,23.7807,0,0
CBF_PE,D,20220210,000000,23.6836,23.7807,23.4894,23.5866,0,0
CBF_PE,D,20220211,000000,23.7807,23.7807,23.1983,23.3924,0,0
CBF_PE,D,20220214,000000,23.1013,23.1013,21.7424,22.4218,0,0
CBF_PE,D,20220215,000000,22.616,23.7807,22.4218,23.4894,0,0
CBF_PE,D,20220216,000000,23.4894,23.4894,22.9071,23.2954,0,0
CBF_PE,D,20220217,000000,22.9071,23.3924,22.9071,22.9071,0,0
CBF_PE,D,20220218,000000,23.0041,23.2954,23.0041,23.2954,0,0
CBF_PE,D,20220221,000000,23.7807,23.7807,22.9071,23.2954,0,0
CBF_PE,D,20220222,000000,22.616,23.2954,22.616,23.2954,0,0
CBF_PE,D,20220223,000000,23.3924,24.8483,23.2954,23.2954,0,0
CBF_PE,D,20220224,000000,21.4511,22.2277,20.8688,21.7424,0,0
CBF_PE,D,20220225,000000,21.6452,23.5866,21.5482,23.1983,0,0
CBF_PE,D,20220228,000000,22.81,24.8483,22.0335,23.7807,0,0
CBF_PE,D,20220301,000000,24.4602,24.4602,22.616,23.2954,0,0
CBF_PE,D,20220302,000000,23.2954,23.2954,22.0335,22.2277,0,0
CBF_PE,D,20220303,000000,22.2277,22.81,22.0335,22.81,0,0
CBF_PE,D,20220304,000000,22.2277,22.81,21.5482,22.0335,0,0
CBF_PE,D,20220307,000000,22.2277,22.2277,20.6746,21.0629,0,0
CBF_PE,D,20220308,000000,21.1599,21.1599,20.1893,20.1893,0,0
CBF_PE,D,20220309,000000,20.5776,22.2277,20.3835,21.4511,0,0
CBF_PE,D,20220310,000000,22.2277,22.3247,22.0335,22.0335,0,0
CBF_PE,D,20220311,000000,22.2277,24.363,22.2277,24.363,0,0
CBF_PE,D,20220314,000000,23.8777,24.1689,23.1013,23.1983,0,0
CBF_PE,D,20220315,000000,23.1983,24.1689,23.1013,24.1689,0,0
CBF_PE,D,20220316,000000,25.0425,25.0425,24.5572,24.5572,0,0
CBF_PE,D,20220317,000000,24.6542,24.6542,23.7807,24.363,0,0
CBF_PE,D,20220318,000000,24.4602,24.4602,23.3924,23.6836,0,0
CBF_PE,D,20220321,000000,23.2954,23.6836,23.0041,23.6836,0,0
CBF_PE,D,20220322,000000,23.6836,24.0719,23.6836,23.7807,0,0
CBF_PE,D,20220323,000000,23.8777,23.8777,23.8777,23.8777,0,0
CBF_PE,D,20220324,000000,23.8777,24.363,23.6836,24.363,0,0
CBF_PE,D,20220325,000000,24.363,24.363,23.6836,24.363,0,0
CBF_PE,D,20220328,000000,24.363,24.363,23.9748,24.363,0,0
CBF_PE,D,20220329,000000,24.363,24.7513,24.0719,24.7513,0,0
CBF_PE,D,20220330,000000,24.7513,25.9161,24.7513,25.8191,0,0
CBF_PE,D,20220331,000000,25.9161,26.4985,25.7219,26.1102,0,0
CBF_PE,D,20220401,000000,26.2072,26.4985,25.4308,25.5278,0,0
CBF_PE,D,20220404,000000,25.6249,25.6249,25.0425,25.0425,0,0
CBF_PE,D,20220405,000000,24.8483,25.0425,24.7513,25.0425,0,0
CBF_PE,D,20220406,000000,25.2366,26.1102,24.0719,24.1689,0,0
CBF_PE,D,20220407,000000,24.8483,24.8483,24.0719,24.8483,0,0
CBF_PE,D,20220408,000000,24.0719,24.8483,24.0719,24.363,0,0
CBF_PE,D,20220411,000000,24.8483,24.8483,24.0719,24.0719,0,0
CBF_PE,D,20220412,000000,23.8777,24.1689,23.7807,23.7807,0,0
CBF_PE,D,20220413,000000,24.266,24.266,23.6836,23.6836,0,0
CBF_PE,D,20220414,000000,23.6836,23.7807,23.5866,23.5866,0,0
CBF_PE,D,20220419,000000,24.0719,24.0719,23.0041,23.1013,0,0
CBF_PE,D,20220420,000000,23.2954,23.9748,23.1013,23.6836,0,0
CBF_PE,D,20220421,000000,24.0719,24.0719,23.1013,23.7807,0,0
CBF_PE,D,20220422,000000,23.7807,23.7807,22.713,22.713,0,0
CBF_PE,D,20220425,000000,22.2277,22.713,22.2277,22.2277,0,0
CBF_PE,D,20220426,000000,22.713,23.7807,22.1305,23.3924,0,0
CBF_PE,D,20220427,000000,23.0041,23.3924,21.6452,22.0335,0,0
CBF_PE,D,20220428,000000,22.0335,22.0335,21.6452,22.0335,0,0
CBF_PE,D,20220429,000000,22.0335,22.0335,21.1599,21.4511,0,0
CBF_PE,D,20220502,000000,21.7424,21.7424,20.3835,21.3541,0,0
CBF_PE,D,20220504,000000,21.3541,21.3541,20.5776,20.8688,0,0
CBF_PE,D,20220505,000000,21.3541,22.1305,21.1599,22.0335,0,0
CBF_PE,D,20220506,000000,22.1305,22.1305,21.4511,21.5482,0,0
CBF_PE,D,20220509,000000,21.1599,21.1599,20.0922,20.0922,0,0
CBF_PE,D,20220510,000000,20.4805,20.8688,20.1893,20.5776,0,0
CBF_PE,D,20220511,000000,20.5776,20.5776,20.0922,20.4805,0,0
CBF_PE,D,20220512,000000,20.5776,20.5776,19.5099,19.8982,0,0
CBF_PE,D,20220513,000000,19.8982,20.2863,19.8982,20.1893,0,0
CBF_PE,D,20220516,000000,20.6746,20.6746,19.8982,19.8982,0,0
CBF_PE,D,20220517,000000,20.4805,20.7716,20.4805,20.5776,0,0
CBF_PE,D,20220518,000000,20.9658,22.5188,20.9658,21.6452,0,0
CBF_PE,D,20220519,000000,20.8688,21.6452,19.8982,19.8982,0,0
CBF_PE,D,20220520,000000,20.2863,20.3835,20.1893,20.1893,0,0
CBF_PE,D,20220523,000000,19.9952,20.9658,19.8982,20.9658,0,0
CBF_PE,D,20220524,000000,21.0629,21.3541,20.8688,21.3541,0,0
CBF_PE,D,20220525,000000,21.2571,21.6452,21.2571,21.6452,0,0
CBF_PE,D,20220526,000000,21.5482,21.5482,19.9952,20.9658,0,0
CBF_PE,D,20220527,000000,20.9658,20.9658,20.2863,20.3835,0,0
CBF_PE,D,20220530,000000,20.3835,21.1599,20.3835,21.1599,0,0
CBF_PE,D,20220531,000000,21.5482,21.8394,21.1599,21.8394,0,0
CBF_PE,D,20220601,000000,21.9365,21.9365,21.3541,21.8394,0,0
CBF_PE,D,20220602,000000,21.9365,21.9365,21.0629,21.3541,0,0
CBF_PE,D,20220603,000000,21.8394,21.8394,21.3541,21.3541,0,0
CBF_PE,D,20220606,000000,21.7424,21.8394,21.7424,21.8394,0,0
CBF_PE,D,20220607,000000,22.3247,22.4218,21.8394,22.3247,0,0
CBF_PE,D,20220608,000000,22.3247,23.0041,21.6452,22.9071,0,0
CBF_PE,D,20220609,000000,23.9597,23.9597,21.9877,21.9877,0,0
CBF_PE,D,20220610,000000,21.9877,21.9877,21.1989,21.1989,0,0
CBF_PE,D,20220613,000000,21.1989,21.1989,19.9171,20.3115,0,0
CBF_PE,D,20220614,000000,20.7059,20.7059,19.9171,20.1143,0,0
CBF_PE,D,20220615,000000,20.2129,20.2129,19.7199,19.8185,0,0
CBF_PE,D,20220617,000000,19.8185,20.1143,19.6213,20.1143,0,0
CBF_PE,D,20220620,000000,20.2129,20.2129,19.8185,19.9171,0,0
CBF_PE,D,20220621,000000,20.2129,20.7059,20.1143,20.6073,0,0
CBF_PE,D,20220622,000000,20.6073,20.6073,20.0157,20.0157,0,0
CBF_PE,D,20220623,000000,20.6073,20.6073,19.7199,19.7199,0,0
CBF_PE,D,20220624,000000,19.9171,19.9171,19.9171,19.9171,0,0
CBF_PE,D,20220627,000000,19.9171,19.9171,19.3255,19.6213,0,0
CBF_PE,D,20220628,000000,19.6213,19.6213,19.6213,19.6213,0,0
CBF_PE,D,20220629,000000,19.9171,19.9171,19.3255,19.6213,0,0
CBF_PE,D,20220630,000000,19.9171,19.9171,19.3255,19.6213,0,0
CBF_PE,D,20220701,000000,19.9171,19.9171,19.3255,19.6213,0,0
CBF_PE,D,20220704,000000,19.9171,20.9031,19.9171,20.9031,0,0
CBF_PE,D,20220705,000000,20.9031,21.0017,20.2129,20.2129,0,0
CBF_PE,D,20220706,000000,20.7059,20.9031,19.8185,19.8185,0,0
CBF_PE,D,20220707,000000,19.8185,19.8185,19.3255,19.3255,0,0
CBF_PE,D,20220708,000000,19.7199,20.4101,19.5227,19.6213,0,0
CBF_PE,D,20220711,000000,19.8185,20.4101,19.8185,20.3115,0,0
CBF_PE,D,20220712,000000,20.6073,20.6073,20.2129,20.3115,0,0
CBF_PE,D,20220713,000000,20.6073,20.6073,19.4241,19.9171,0,0
CBF_PE,D,20220714,000000,20.7059,20.7059,20.2129,20.4101,0,0
CBF_PE,D,20220715,000000,20.4101,20.4101,19.7199,20.1143,0,0
CBF_PE,D,20220718,000000,20.2129,20.4101,20.2129,20.2129,0,0
CBF_PE,D,20220719,000000,20.7059,20.7059,19.7199,20.3115,0,0
CBF_PE,D,20220720,000000,20.3115,20.7059,20.3115,20.7059,0,0
CBF_PE,D,20220721,000000,20.3115,20.3115,19.8185,19.8185,0,0
CBF_PE,D,20220722,000000,20.1143,20.2129,20.1143,20.2129,0,0
CBF_PE,D,20220725,000000,20.2129,20.7059,20.2129,20.2129,0,0
CBF_PE,D,20220726,000000,20.2129,20.2129,19.7199,19.7199,0,0
CBF_PE,D,20220727,000000,20.0157,20.2129,20.0157,20.0157,0,0
CBF_PE,D,20220728,000000,20.7059,20.7059,20.0157,20.0157,0,0
CBF_PE,D,20220729,000000,20.2129,20.6073,19.7199,20.1143,0,0
CBF_PE,D,20220801,000000,19.7199,19.7199,19.3255,19.4241,0,0
CBF_PE,D,20220802,000000,19.7199,19.7199,18.9311,18.9311,0,0
CBF_PE,D,20220803,000000,18.9311,19.6213,18.9311,19.1283,0,0
CBF_PE,D,20220804,000000,19.6213,20.4101,19.1283,20.4101,0,0
CBF_PE,D,20220805,000000,20.4101,20.4101,19.4241,20.0157,0,0
CBF_PE,D,20220808,000000,20.0157,20.0157,19.7199,19.7199,0,0
CBF_PE,D,20220809,000000,20.0157,20.0157,19.3255,19.3255,0,0
CBF_PE,D,20220810,000000,19.6213,19.6213,18.9311,19.4241,0,0
CBF_PE,D,20220811,000000,19.1283,20.0157,19.1283,19.9171,0,0
CBF_PE,D,20220812,000000,19.8185,20.3115,19.8185,20.2129,0,0
CBF_PE,D,20220816,000000,19.8185,20.2129,19.8185,20.1143,0,0
CBF_PE,D,20220817,000000,20.1143,20.1143,19.9171,19.9171,0,0
CBF_PE,D,20220818,000000,20.3115,20.3115,19.8185,20.3115,0,0
CBF_PE,D,20220819,000000,20.4101,20.4101,19.7199,19.7199,0,0
CBF_PE,D,20220822,000000,19.8185,19.8185,19.3255,19.4241,0,0
CBF_PE,D,20220823,000000,19.4241,19.4241,18.9311,18.9311,0,0
CBF_PE,D,20220824,000000,19.1283,19.2269,19.1283,19.1283,0,0
CBF_PE,D,20220825,000000,19.4241,19.4241,19.1283,19.2269,0,0
CBF_PE,D,20220826,000000,19.1283,19.6213,19.1283,19.2269,0,0
CBF_PE,D,20220829,000000,19.1283,19.2269,18.9311,19.0297,0,0
CBF_PE,D,20220830,000000,19.0297,19.0297,18.8325,18.9311,0,0
CBF_PE,D,20220831,000000,18.9311,19.4241,18.6353,18.6353,0,0
CBF_PE,D,20220901,000000,18.9311,19.1283,18.7339,19.1283,0,0
CBF_PE,D,20220902,000000,19.3255,19.3255,18.9311,19.3255,0,0
CBF_PE,D,20220905,000000,18.7339,19.0297,18.7339,19.0297,0,0
CBF_PE,D,20220906,000000,19.0297,19.4241,18.6353,19.4241,0,0
CBF_PE,D,20220907,000000,19.1283,23.5653,18.6353,23.5653,0,0
CBF_PE,D,20220908,000000,23.5653,23.8611,22.9737,22.9737,0,0
CBF_PE,D,20220909,000000,23.8611,24.4527,23.3681,24.3541,0,0
CBF_PE,D,20220912,000000,24.3541,24.6499,24.2555,24.4527,0,0
CBF_PE,D,20220913,000000,24.6499,24.6499,23.8611,24.1569,0,0
CBF_PE,D,20220914,000000,24.2555,24.2555,23.8611,24.1569,0,0
CBF_PE,D,20220915,000000,24.1569,24.1569,24.1569,24.1569,0,0
CBF_PE,D,20220916,000000,24.1569,24.4527,23.7625,24.4527,0,0
CBF_PE,D,20220919,000000,24.4527,24.4527,23.8611,23.8611,0,0
CBF_PE,D,20220920,000000,24.4527,24.4527,23.8611,23.8611,0,0
CBF_PE,D,20220921,000000,24.0583,24.6499,23.8611,24.4527,0,0
CBF_PE,D,20220922,000000,24.6499,24.8471,24.5513,24.8471,0,0
CBF_PE,D,20220923,000000,24.8471,25.2415,24.4527,24.7485,0,0
CBF_PE,D,20220926,000000,25.3401,25.3401,24.4527,24.5513,0,0
CBF_PE,D,20220927,000000,24.5513,25.0443,23.4667,23.7625,0,0
CBF_PE,D,20220928,000000,24.0583,24.3541,23.7625,24.0583,0,0
CBF_PE,D,20220929,000000,24.7485,24.7485,24.0583,24.7485,0,0
CBF_PE,D,20220930,000000,24.7485,24.7485,24.1569,24.1569,0,0
CBF_PE,D,20221003,000000,24.1569,24.5513,24.1569,24.5513,0,0
CBF_PE,D,20221004,000000,24.6499,24.6499,23.9597,23.9597,0,0
CBF_PE,D,20221005,000000,24.6499,24.6499,23.6639,23.7625,0,0
CBF_PE,D,20221006,000000,24.0583,24.0583,23.6639,24.0583,0,0
CBF_PE,D,20221007,000000,24.0583,24.0583,23.5653,23.5653,0,0
CBF_PE,D,20221010,000000,23.8611,23.8611,23.2695,23.3681,0,0
CBF_PE,D,20221011,000000,23.8611,23.8611,23.0723,23.1709,0,0
CBF_PE,D,20221012,000000,23.0723,23.0723,22.5793,22.5793,0,0
CBF_PE,D,20221013,000000,22.5793,23.0723,22.3821,22.5793,0,0
CBF_PE,D,20221014,000000,23.1709,23.1709,22.5793,22.9737,0,0
CBF_PE,D,20221017,000000,22.3821,22.6779,21.9877,21.9877,0,0
CBF_PE,D,20221018,000000,22.5793,22.5793,21.2975,21.5933,0,0
CBF_PE,D,20221019,000000,21.5933,21.5933,20.9031,21.1003,0,0
CBF_PE,D,20221020,000000,21.1989,21.6919,21.1989,21.6919,0,0
CBF_PE,D,20221021,000000,21.6919,21.6919,20.6073,21.1989,0,0
CBF_PE,D,20221024,000000,21.1989,21.1989,20.6073,20.9031,0,0
CBF_PE,D,20221025,000000,20.9031,21.3961,20.9031,21.3961,0,0
CBF_PE,D,20221026,000000,21.3961,21.3961,21.3961,21.3961,0,0
CBF_PE,D,20221027,000000,21.3961,21.9877,21.0017,21.9877,0,0
CBF_PE,D,20221028,000000,22.0863,22.0863,21.5933,22.0863,0,0
CBF_PE,D,20221031,000000,22.0863,23.1709,22.0863,23.1709,0,0
CBF_PE,D,20221102,000000,22.7765,23.1709,22.7765,23.0723,0,0
CBF_PE,D,20221103,000000,22.5793,23.0723,22.5793,22.9737,0,0
CBF_PE,D,20221104,000000,22.5793,23.4667,22.5793,23.4667,0,0
CBF_PE,D,20221107,000000,24.4527,24.4527,23.0723,23.0723,0,0
CBF_PE,D,20221108,000000,24.0583,24.0583,22.9737,22.9737,0,0
CBF_PE,D,20221109,000000,23.2695,23.3681,22.5793,23.1709,0,0
CBF_PE,D,20221110,000000,22.4807,24.4527,22.2835,24.4527,0,0
CBF_PE,D,20221114,000000,24.4527,25.0443,23.8611,23.8611,0,0
CBF_PE,D,20221115,000000,24.4527,24.4527,23.0723,23.0723,0,0
CBF_PE,D,20221116,000000,23.0723,23.7625,22.7765,23.1709,0,0
CBF_PE,D,20221117,000000,23.0723,25.0443,23.0723,24.8471,0,0
CBF_PE,D,20221118,000000,24.7485,25.0443,24.2555,24.5513,0,0
CBF_PE,D,20221121,000000,25.0443,30.6644,24.6499,30.6644,0,0
CBF_PE,D,20221122,000000,30.6644,30.6644,28.791,28.791,0,0
CBF_PE,D,20221123,000000,29.5798,30.4672,29.1854,30.3686,0,0
CBF_PE,D,20221124,000000,30.1714,31.1574,30.1714,30.6644,0,0
CBF_PE,D,20221125,000000,31.256,32.242,30.3686,32.242,0,0
CBF_PE,D,20221128,000000,32.9322,32.9322,31.8476,32.5378,0,0
CBF_PE,D,20221129,000000,32.5378,32.8336,31.256,31.3546,0,0
CBF_PE,D,20221130,000000,31.4532,32.242,31.4532,32.1434,0,0
CBF_PE,D,20221201,000000,32.1434,32.9322,31.8476,32.0448,0,0
CBF_PE,D,20221202,000000,32.3406,32.3406,30.3686,31.0588,0,0
CBF_PE,D,20221205,000000,31.0588,32.8336,31.0588,31.4532,0,0
CBF_PE,D,20221206,000000,31.4532,32.4392,30.27,31.3546,0,0
CBF_PE,D,20221207,000000,31.3546,31.8476,30.3686,30.6644,0,0
CBF_PE,D,20221208,000000,30.5658,31.6504,30.5658,31.5518,0,0
CBF_PE,D,20221209,000000,31.749,32.1434,30.8616,32.1434,0,0
CBF_PE,D,20221212,000000,31.8476,32.4392,31.1574,31.8476,0,0
CBF_PE,D,20221213,000000,32.1434,33.3266,31.8476,33.3266,0,0
CBF_PE,D,20221214,000000,33.6224,34.214,33.0308,34.1154,0,0
CBF_PE,D,20221215,000000,34.707,34.9042,33.721,34.1154,0,0
CBF_PE,D,20221216,000000,34.1154,34.5098,33.8196,34.5098,0,0
CBF_PE,D,20221219,000000,35.2,36.0874,34.5098,35.1014,0,0
CBF_PE,D,20221220,000000,35.1014,36.2846,34.6084,36.186,0,0
CBF_PE,D,20221221,000000,36.679,36.679,34.4112,36.4818,0,0
CBF_PE,D,20221222,000000,36.4818,36.679,35.2986,36.5804,0,0
CBF_PE,D,20221223,000000,36.679,36.679,35.5944,35.9888,0,0
CBF_PE,D,20221227,000000,35.5944,35.5944,35.1014,35.2,0,0
CBF_PE,D,20221228,000000,35.2,35.3972,35.2,35.2,0,0
CBF_PE,D,20221229,000000,35.2,35.9888,35.2,35.9888,0,0
CBF_PE,D,20221230,000000,35.2,35.9888,35.2,35.9888,0,0
CBF_PE,D,20230102,000000,36.679,37.4678,35.3972,35.9888,0,0
CBF_PE,D,20230103,000000,35.9888,36.4818,35.2986,35.7916,0,0
CBF_PE,D,20230104,000000,35.9888,35.9888,35.2,35.693,0,0
CBF_PE,D,20230105,000000,35.693,36.0874,35.2,35.8902,0,0
CBF_PE,D,20230109,000000,35.8902,35.8902,35.2986,35.693,0,0
CBF_PE,D,20230110,000000,35.7916,35.8902,34.9042,35.7916,0,0
CBF_PE,D,20230111,000000,35.7916,35.7916,35.2986,35.5944,0,0
CBF_PE,D,20230112,000000,35.693,35.7916,35.3972,35.7916,0,0
CBF_PE,D,20230113,000000,35.3972,35.7916,35.3972,35.5944,0,0
CBF_PE,D,20230116,000000,35.5944,36.186,35.5944,36.186,0,0
CBF_PE,D,20230117,000000,36.3832,36.679,36.2846,36.679,0,0
CBF_PE,D,20230118,000000,36.0874,37.4678,35.7916,36.679,0,0
CBF_PE,D,20230119,000000,36.679,36.679,35.7916,35.9888,0,0
CBF_PE,D,20230120,000000,35.9888,36.186,35.9888,35.9888,0,0
CBF_PE,D,20230123,000000,35.9888,35.9888,35.5944,35.9888,0,0
CBF_PE,D,20230124,000000,35.9888,36.2846,35.693,35.693,0,0
CBF_PE,D,20230125,000000,35.693,36.186,35.693,36.186,0,0
CBF_PE,D,20230126,000000,36.186,36.7776,35.5944,36.7776,0,0
CBF_PE,D,20230127,000000,36.7776,37.9608,36.7776,37.665,0,0
CBF_PE,D,20230130,000000,37.4678,37.4678,36.3832,37.4678,0,0
CBF_PE,D,20230131,000000,37.5664,38.3552,36.7776,38.3552,0,0
CBF_PE,D,20230201,000000,38.2566,38.8482,37.0734,37.7636,0,0
CBF_PE,D,20230202,000000,37.0734,38.0594,36.7776,36.7776,0,0
CBF_PE,D,20230203,000000,37.2706,37.2706,36.3832,37.0734,0,0
CBF_PE,D,20230206,000000,36.7776,36.7776,36.0874,36.0874,0,0
CBF_PE,D,20230207,000000,36.7776,36.7776,35.2,36.679,0,0
CBF_PE,D,20230208,000000,35.2986,37.3692,35.2986,35.8902,0,0
CBF_PE,D,20230209,000000,38.2566,38.2566,36.7776,37.172,0,0
CBF_PE,D,20230210,000000,37.4678,38.0594,36.2846,36.7776,0,0
CBF_PE,D,20230213,000000,38.158,38.158,35.7916,35.7916,0,0
CBF_PE,D,20230214,000000,35.9888,36.679,34.5098,34.6084,0,0
CBF_PE,D,20230215,000000,34.4112,35.9888,34.4112,35.9888,0,0
CBF_PE,D,20230216,000000,36.2846,37.3692,36.2846,36.9748,0,0
CBF_PE,D,20230217,000000,36.4818,36.4818,35.2,35.9888,0,0
CBF_PE,D,20230220,000000,35.9888,35.9888,35.1014,35.9888,0,0
CBF_PE,D,20230221,000000,35.9888,36.186,34.8056,35.4958,0,0
CBF_PE,D,20230222,000000,34.8056,35.2,34.8056,35.2,0,0
CBF_PE,D,20230223,000000,35.9888,36.5804,35.693,35.693,0,0
CBF_PE,D,20230224,000000,36.5804,37.4678,36.5804,37.2706,0,0
CBF_PE,D,20230227,000000,37.172,37.172,36.186,36.8762,0,0
CBF_PE,D,20230228,000000,36.8762,37.4678,36.3832,37.3692,0,0
CBF_PE,D,20230301,000000,36.186,36.8762,36.186,36.7776,0,0
CBF_PE,D,20230302,000000,36.3832,37.2706,36.3832,36.7776,0,0
CBF_PE,D,20230303,000000,37.172,37.172,36.5804,37.172,0,0
CBF_PE,D,20230306,000000,37.172,37.4678,36.7776,37.3692,0,0
CBF_PE,D,20230307,000000,37.3692,39.637,37.3692,39.0454,0,0
CBF_PE,D,20230308,000000,39.7356,39.7356,38.2566,39.2426,0,0
CBF_PE,D,20230309,000000,39.8342,40.13,38.651,40.0314,0,0
CBF_PE,D,20230310,000000,39.144,41.3132,39.0454,41.3132,0,0
CBF_PE,D,20230313,000000,41.3132,41.3132,40.0314,40.3272,0,0
CBF_PE,D,20230314,000000,40.3272,41.7076,40.3272,41.7076,0,0
CBF_PE,D,20230315,000000,41.7076,42.2006,39.4398,40.623,0,0
CBF_PE,D,20230316,000000,41.0174,41.4118,39.9328,41.3132,0,0
CBF_PE,D,20230317,000000,41.5104,42.0034,41.3132,42.0034,0,0
CBF_PE,D,20230320,000000,42.2006,42.2006,40.7216,42.0034,0,0
CBF_PE,D,20230321,000000,42.2992,42.2992,41.116,41.116,0,0
CBF_PE,D,20230322,000000,41.3132,41.5104,40.13,41.0174,0,0
CBF_PE,D,20230323,000000,41.4118,41.4118,40.9188,40.9188,0,0
CBF_PE,D,20230324,000000,40.9188,40.9188,38.651,39.7356,0,0
CBF_PE,D,20230327,000000,39.8342,39.8342,38.2566,39.637,0,0
CBF_PE,D,20230328,000000,39.7356,39.8342,38.651,38.651,0,0
CBF_PE,D,20230329,000000,39.0454,39.0454,29.6784,29.6784,0,0
CBF_PE,D,20230330,000000,30.0728,30.3686,30.0728,30.3686,0,0
CBF_PE,D,20230331,000000,31.0588,31.9462,30.8616,31.1574,0,0
CBF_PE,D,20230403,000000,31.9462,32.1434,31.6504,31.8476,0,0
CBF_PE,D,20230404,000000,32.5378,32.6364,31.6504,31.749,0,0
CBF_PE,D,20230405,000000,31.9462,31.9462,31.1574,31.1574,0,0
CBF_PE,D,20230406,000000,31.749,31.749,30.6644,30.8616,0,0
CBF_PE,D,20230411,000000,30.9602,32.0448,30.9602,32.0448,0,0
CBF_PE,D,20230412,000000,32.0448,32.242,30.8616,31.8476,0,0
CBF_PE,D,20230413,000000,31.8476,31.9462,31.0588,31.4532,0,0
CBF_PE,D,20230414,000000,31.749,32.0448,31.3546,31.4532,0,0
CBF_PE,D,20230417,000000,31.4532,31.4532,30.8616,30.9602,0,0
CBF_PE,D,20230418,000000,31.1574,31.8476,29.6784,30.3686,0,0
CBF_PE,D,20230419,000000,30.3686,30.4672,29.6784,29.777,0,0
CBF_PE,D,20230420,000000,29.3826,29.9742,29.284,29.6784,0,0
CBF_PE,D,20230421,000000,29.8756,30.4672,29.0868,29.9742,0,0
CBF_PE,D,20230424,000000,29.3826,31.256,29.3826,31.256,0,0
CBF_PE,D,20230425,000000,31.256,32.0448,30.8616,32.0448,0,0
CBF_PE,D,20230426,000000,32.0448,32.0448,30.3686,31.9462,0,0
CBF_PE,D,20230427,000000,32.0448,32.4392,31.3546,32.3406,0,0
CBF_PE,D,20230428,000000,32.3406,32.3406,31.256,32.3406,0,0
CBF_PE,D,20230502,000000,31.9462,31.9462,31.0588,31.0588,0,0
CBF_PE,D,20230504,000000,30.9602,31.4532,30.9602,30.9602,0,0
CBF_PE,D,20230505,000000,31.3546,31.3546,30.3686,30.4672,0,0
CBF_PE,D,20230508,000000,30.9602,31.3546,30.4672,31.0588,0,0
CBF_PE,D,20230509,000000,31.6504,35.1014,31.6504,34.9042,0,0
CBF_PE,D,20230510,000000,34.9042,36.0874,33.4252,35.7916,0,0
CBF_PE,D,20230511,000000,35.5944,37.665,34.707,37.3692,0,0
CBF_PE,D,20230512,000000,36.9748,38.2566,36.5804,37.2706,0,0
CBF_PE,D,20230515,000000,37.2706,37.8622,36.3832,37.2706,0,0
CBF_PE,D,20230516,000000,37.2706,37.4678,36.7776,37.3692,0,0
CBF_PE,D,20230517,000000,37.7636,37.7636,36.679,36.8762,0,0
CBF_PE,D,20230518,000000,36.679,37.7636,36.679,36.679,0,0
CBF_PE,D,20230519,000000,37.2706,37.7636,36.679,37.172,0,0
CBF_PE,D,20230522,000000,37.2706,37.7636,37.172,37.172,0,0
CBF_PE,D,20230523,000000,37.2706,37.5664,36.0874,36.7776,0,0
CBF_PE,D,20230524,000000,36.7776,37.9608,36.0874,37.0734,0,0
CBF_PE,D,20230525,000000,37.7636,37.7636,36.2846,36.9748,0,0
CBF_PE,D,20230526,000000,36.2846,39.7356,36.2846,38.3552,0,0
CBF_PE,D,20230529,000000,38.2566,38.9468,36.9748,37.7636,0,0
CBF_PE,D,20230530,000000,37.5664,39.8342,36.3832,38.8482,0,0
CBF_PE,D,20230531,000000,38.651,39.7356,37.5664,37.7636,0,0
CBF_PE,D,20230601,000000,37.5664,37.7636,36.2846,36.2846,0,0
CBF_PE,D,20230602,000000,36.2846,39.4398,36.2846,38.651,0,0
CBF_PE,D,20230605,000000,38.7496,39.2426,37.665,38.4538,0,0
CBF_PE,D,20230606,000000,38.651,41.4118,37.7636,40.623,0,0
CBF_PE,D,20230607,000000,41.4118,41.5104,39.8342,40.2286,0,0
CBF_PE,D,20230609,000000,40.2286,42.4964,40.2286,41.3132,0,0
CBF_PE,D,20230612,000000,41.4118,41.5104,38.9468,40.5244,0,0
CBF_PE,D,20230613,000000,40.8202,41.4118,39.7356,39.8342,0,0
CBF_PE,D,20230614,000000,40.4258,40.4258,39.8342,40.3272,0,0
CBF_PE,D,20230615,000000,38.3552,40.3272,38.3552,39.8342,0,0
CBF_PE,D,20230616,000000,39.8342,40.0314,39.637,40.0314,0,0
CBF_PE,D,20230619,000000,39.9328,40.3272,39.2426,40.2286,0,0
CBF_PE,D,20230620,000000,40.8202,40.9188,39.7356,40.3272,0,0
CBF_PE,D,20230621,000000,41.2146,41.3132,39.5384,40.3272,0,0
CBF_PE,D,20230622,000000,40.623,40.623,39.0454,39.3412,0,0
CBF_PE,D,20230623,000000,39.4398,40.8202,39.0454,39.144,0,0
CBF_PE,D,20230626,000000,40.0314,41.4118,40.0314,40.3272,0,0
CBF_PE,D,20230627,000000,40.3272,40.9188,38.7496,39.9328,0,0
CBF_PE,D,20230628,000000,39.3412,40.623,39.3412,40.13,0,0
CBF_PE,D,20230629,000000,40.3272,43.7782,40.3272,42.3978,0,0
CBF_PE,D,20230630,000000,43.2852,43.3838,42.2992,42.595,0,0
CBF_PE,D,20230703,000000,42.4964,42.595,41.0174,41.609,0,0
CBF_PE,D,20230704,000000,41.8062,43.7782,41.116,43.1866,0,0
CBF_PE,D,20230705,000000,43.1866,44.5669,43.088,44.5669,0,0
CBF_PE,D,20230706,000000,44.5669,44.8627,43.7782,44.7641,0,0
CBF_PE,D,20230707,000000,44.4683,45.3557,43.088,43.088,0,0
CBF_PE,D,20230710,000000,43.088,43.7782,42.595,43.7782,0,0
CBF_PE,D,20230711,000000,43.7782,44.2711,43.581,43.7782,0,0
CBF_PE,D,20230712,000000,43.6796,43.7782,43.4824,43.6796,0,0
CBF_PE,D,20230713,000000,43.7782,43.7782,42.7922,42.7922,0,0
CBF_PE,D,20230714,000000,42.6936,44.8627,42.595,44.3697,0,0
CBF_PE,D,20230717,000000,44.3697,44.3697,43.4824,44.0739,0,0
CBF_PE,D,20230718,000000,44.5669,47.7221,43.581,47.2291,0,0
CBF_PE,D,20230719,000000,47.2291,48.1165,46.7361,47.7221,0,0
CBF_PE,D,20230720,000000,47.1305,49.1025,45.2571,45.2571,0,0
CBF_PE,D,20230721,000000,45.4543,45.8487,45.2571,45.4543,0,0
CBF_PE,D,20230724,000000,45.4543,45.9473,44.0739,44.7641,0,0
CBF_PE,D,20230725,000000,44.1725,45.3557,43.1866,44.3697,0,0
CBF_PE,D,20230726,000000,43.581,44.1725,42.6936,42.8908,0,0
CBF_PE,D,20230727,000000,43.4824,44.3697,43.4824,44.0739,0,0
CBF_PE,D,20230728,000000,44.2711,44.3697,43.581,44.3697,0,0
CBF_PE,D,20230731,000000,44.2711,44.6655,43.581,43.8768,0,0
CBF_PE,D,20230801,000000,44.3697,44.3697,43.3838,43.7782,0,0
CBF_PE,D,20230802,000000,43.2852,43.2852,42.4964,42.4964,0,0
CBF_PE,D,20230803,000000,42.2006,42.2006,42.2006,42.2006,0,0
CBF_PE,D,20230804,000000,41.2146,42.102,40.5244,42.102,0,0
CBF_PE,D,20230807,000000,42.1029,42.5575,41.6474,42.2992,0,0
CBF_PE,D,20230808,000000,42.2982,42.6393,41.5025,41.7076,0,0
CBF_PE,D,20230809,000000,42.5033,42.6176,41.1396,42.595,0,0
CBF_PE,D,20230810,000000,42.595,42.9894,42.027,42.9894,0,0
CBF_PE,D,20230811,000000,42.9903,43.5593,42.1946,42.2006,0,0
CBF_PE,D,20230814,000000,42.0882,43.5671,42.0882,42.9894,0,0
CBF_PE,D,20230816,000000,43.787,43.787,42.6492,43.7782,0,0
CBF_PE,D,20230817,000000,43.7791,43.7791,42.6423,43.1866,0,0
CBF_PE,D,20230818,000000,42.6176,43.581,42.6176,43.581,0,0
CBF_PE,D,20230821,000000,43.6953,44.3786,42.7853,44.3697,0,0
CBF_PE,D,20230822,000000,44.3707,44.4841,43.2329,43.7782,0,0
CBF_PE,D,20230823,000000,44.5748,44.5748,43.438,43.4824,0,0
CBF_PE,D,20230824,000000,43.8245,43.8245,42.595,42.595,0,0
CBF_PE,D,20230825,000000,42.9361,42.9361,42.027,42.4964,0,0
CBF_PE,D,20230828,000000,42.383,42.383,40.5648,40.623,0,0
CBF_PE,D,20230829,000000,41.2,43.541,40.392,42.9,0,0
CBF_PE,D,20230830,000000,43.014,43.014,41.631,41.7,0,0
CBF_PE,D,20230831,000000,41.7,41.7,40.318,40.4,0,0
CBF_PE,D,20230901,000000,39.938,42.477,38.206,41.4,0,0
CBF_PE,D,20230904,000000,42.438,42.438,40.939,42.2,0,0
CBF_PE,D,20230905,000000,42.546,48.196,36.5,36.5,0,0
CBF_PE,D,20230906,000000,36.501,38.135,35.502,37,0,0
CBF_PE,D,20230907,000000,37.091,37.727,36.182,36.8,0,0
CBF_PE,D,20230908,000000,36.527,38.254,36.527,36.8,0,0
CBF_PE,D,20230911,000000,37.527,37.799,36.3,36.3,0,0
CBF_PE,D,20230912,000000,36.662,36.753,36.118,36.2,0,0
CBF_PE,D,20230913,000000,36.291,36.745,36.291,36.6,0,0
CBF_PE,D,20230914,000000,36.6,36.781,36.236,36.4,0,0
CBF_PE,D,20230915,000000,36.763,36.763,35.674,36.4,0,0
CBF_PE,D,20230918,000000,36.4,36.491,35.674,35.9,0,0
CBF_PE,D,20230919,000000,36.354,37.081,36.354,36.9,0,0
CBF_PE,D,20230920,000000,36.901,36.901,36.174,36.3,0,0
CBF_PE,D,20230921,000000,37.025,37.025,35.846,36.1,0,0
CBF_PE,D,20230922,000000,36.828,36.828,36.101,36.5,0,0
CBF_PE,D,20230925,000000,36.591,36.773,35.593,36.3,0,0
CBF_PE,D,20230926,000000,36.572,36.572,35.846,35.9,0,0
CBF_PE,D,20230927,000000,36.626,36.626,35.899,36.6,0,0
CBF_PE,D,20230928,000000,36.6,36.6,35.4,35.4,0,0
CBF_PE,D,20230929,000000,36.126,36.58,35.763,36,0,0
CBF_PE,D,20231002,000000,36.727,36.727,35.727,35.9,0,0
CBF_PE,D,20231003,000000,36.354,36.717,35.718,35.9,0,0
CBF_PE,D,20231004,000000,36.081,36.263,35.627,36.2,0,0
