<TICKER>,<PER>,<DATE>,<TIME>,<OPEN>,<HIGH>,<LOW>,<CLOSE>,<VOL>,<OPENINT>
CBF_PB,D,20171229,000000,5.7622,5.7622,5.7622,5.7622,0,0
CBF_PB,D,20180103,000000,5.67786,5.67786,5.54662,5.58429,0,0
CBF_PB,D,20180104,000000,5.60292,5.60292,5.37803,5.44373,0,0
CBF_PB,D,20180105,000000,5.706,5.706,5.44373,5.67786,0,0
CBF_PB,D,20180108,000000,5.73405,5.89334,5.58429,5.58429,0,0
CBF_PB,D,20180109,000000,5.51857,5.51857,5.44373,5.44373,0,0
CBF_PB,D,20180110,000000,5.49042,5.58429,5.49042,5.58429,0,0
CBF_PB,D,20180111,000000,5.65912,5.65912,5.46247,5.58429,0,0
CBF_PB,D,20180112,000000,5.44373,5.67786,5.44373,5.67786,0,0
CBF_PB,D,20180115,000000,5.86519,5.86519,5.706,5.78093,0,0
CBF_PB,D,20180116,000000,5.89334,5.89334,5.68726,5.79025,0,0
CBF_PB,D,20180117,000000,5.79025,7.57982,5.66844,7.57982,0,0
CBF_PB,D,20180118,000000,7.57982,7.61729,7.27067,7.61729,0,0
CBF_PB,D,20180119,000000,7.61729,7.61729,7.53304,7.57982,0,0
CBF_PB,D,20180122,000000,7.61729,7.61729,7.57982,7.61729,0,0
CBF_PB,D,20180123,000000,7.57982,7.66417,7.53304,7.61729,0,0
CBF_PB,D,20180124,000000,7.61729,7.66417,7.55177,7.64544,0,0
CBF_PB,D,20180125,000000,7.64544,8.23569,7.5705,8.17017,0,0
CBF_PB,D,20180126,000000,7.82345,8.14202,7.82345,8.0764,0,0
CBF_PB,D,20180129,000000,7.86092,8.0764,7.86092,8.0764,0,0
CBF_PB,D,20180130,000000,8.10455,8.10455,7.86092,7.99215,0,0
CBF_PB,D,20180131,000000,7.89839,8.17017,7.89839,7.99215,0,0
CBF_PB,D,20180201,000000,8.16075,8.23569,7.98274,8.23569,0,0
CBF_PB,D,20180202,000000,8.23569,8.23569,8.23569,8.23569,0,0
CBF_PB,D,20180205,000000,8.02961,8.02961,7.7391,8.02961,0,0
CBF_PB,D,20180206,000000,7.82345,7.94527,7.41122,7.94527,0,0
CBF_PB,D,20180207,000000,8.19822,8.19822,7.94527,8.0202,0,0
CBF_PB,D,20180208,000000,7.93585,8.02961,7.61729,8.02961,0,0
CBF_PB,D,20180209,000000,7.83287,8.02961,7.70164,7.99215,0,0
CBF_PB,D,20180212,000000,8.0202,8.02961,8.01088,8.02961,0,0
CBF_PB,D,20180213,000000,8.05766,8.40438,8.05766,8.16075,0,0
CBF_PB,D,20180214,000000,8.28257,8.3575,8.23569,8.32003,0,0
CBF_PB,D,20180215,000000,8.37623,8.42311,8.33876,8.42311,0,0
CBF_PB,D,20180216,000000,8.42311,8.44185,8.32003,8.40438,0,0
CBF_PB,D,20180219,000000,8.44185,8.62928,8.44185,8.56367,0,0
CBF_PB,D,20180220,000000,8.56367,8.56367,8.40438,8.56367,0,0
CBF_PB,D,20180221,000000,8.5262,8.56367,8.23569,8.3575,0,0
CBF_PB,D,20180222,000000,8.42311,8.42311,8.12328,8.3575,0,0
CBF_PB,D,20180223,000000,8.30129,8.30129,8.02961,8.02961,0,0
CBF_PB,D,20180226,000000,8.11387,8.32003,8.11387,8.23569,0,0
CBF_PB,D,20180227,000000,8.23569,8.23569,8.23569,8.23569,0,0
CBF_PB,D,20180228,000000,8.05766,8.23569,2.90454,2.90454,0,0
CBF_PB,D,20180301,000000,2.87649,2.87649,2.81087,2.81087,0,0
CBF_PB,D,20180302,000000,2.82019,2.83883,2.75467,2.83883,0,0
CBF_PB,D,20180305,000000,2.86698,2.86698,2.79214,2.83883,0,0
CBF_PB,D,20180306,000000,2.83883,2.92328,2.83883,2.92328,0,0
CBF_PB,D,20180307,000000,2.91396,2.92328,2.84824,2.89522,0,0
CBF_PB,D,20180308,000000,2.85756,2.89522,2.83883,2.84824,0,0
CBF_PB,D,20180309,000000,2.83883,2.92328,2.83883,2.92328,0,0
CBF_PB,D,20180312,000000,2.92328,2.92328,2.81087,2.85756,0,0
CBF_PB,D,20180313,000000,2.87649,2.87649,2.82019,2.82019,0,0
CBF_PB,D,20180314,000000,2.87649,2.87649,2.82019,2.82019,0,0
CBF_PB,D,20180315,000000,2.82019,2.82019,2.82019,2.82019,0,0
CBF_PB,D,20180316,000000,2.81087,2.81087,2.79214,2.79214,0,0
CBF_PB,D,20180319,000000,2.79214,2.79214,2.76399,2.77341,0,0
CBF_PB,D,20180320,000000,2.74526,2.82019,2.74526,2.82019,0,0
CBF_PB,D,20180321,000000,2.82019,2.84824,2.82019,2.83883,0,0
CBF_PB,D,20180322,000000,2.83883,2.83883,2.82019,2.82019,0,0
CBF_PB,D,20180323,000000,2.82019,2.83883,2.81087,2.82951,0,0
CBF_PB,D,20180326,000000,2.82951,2.82951,2.82951,2.82951,0,0
CBF_PB,D,20180327,000000,2.79214,2.82951,2.79214,2.82951,0,0
CBF_PB,D,20180328,000000,2.82951,2.83883,2.77341,2.83883,0,0
CBF_PB,D,20180329,000000,2.83883,2.86698,2.74526,2.86698,0,0
CBF_PB,D,20180403,000000,2.85756,2.97938,2.78272,2.96065,0,0
CBF_PB,D,20180404,000000,2.97938,2.97938,2.87649,2.97006,0,0
CBF_PB,D,20180405,000000,2.97006,2.97006,2.92328,2.96065,0,0
CBF_PB,D,20180406,000000,2.92328,2.96065,2.92328,2.96065,0,0
CBF_PB,D,20180409,000000,2.96065,3.00763,2.92328,3.00763,0,0
CBF_PB,D,20180410,000000,2.99811,2.99811,2.87649,2.89522,0,0
CBF_PB,D,20180411,000000,2.9888,2.9888,2.88581,2.97006,0,0
CBF_PB,D,20180412,000000,2.97006,2.99811,2.92328,2.99811,0,0
CBF_PB,D,20180413,000000,2.99811,3.21369,2.94201,3.19506,0,0
CBF_PB,D,20180416,000000,3.21369,3.26999,3.10119,3.24174,0,0
CBF_PB,D,20180417,000000,3.21369,3.21369,3.13876,3.16691,0,0
CBF_PB,D,20180418,000000,3.21369,3.21369,3.01695,3.04509,0,0
CBF_PB,D,20180419,000000,3.00763,3.07324,2.92328,2.92328,0,0
CBF_PB,D,20180420,000000,3.01695,3.01695,2.87649,2.92328,0,0
CBF_PB,D,20180423,000000,3.00763,3.00763,2.92328,3.00763,0,0
CBF_PB,D,20180424,000000,3.0545,3.0545,2.87649,2.97006,0,0
CBF_PB,D,20180425,000000,2.97006,2.97006,2.86698,2.97006,0,0
CBF_PB,D,20180426,000000,2.94201,2.95143,2.88581,2.95143,0,0
CBF_PB,D,20180427,000000,2.95143,3.02636,2.89522,2.92328,0,0
CBF_PB,D,20180430,000000,2.99811,3.04509,2.92328,3.04509,0,0
CBF_PB,D,20180502,000000,3.07324,3.07324,2.95143,2.95143,0,0
CBF_PB,D,20180504,000000,3.07324,3.07324,2.85756,2.92328,0,0
CBF_PB,D,20180507,000000,2.92328,2.92328,2.90454,2.91396,0,0
CBF_PB,D,20180508,000000,2.91396,2.91396,2.71711,2.87649,0,0
CBF_PB,D,20180509,000000,2.91396,2.91396,2.76399,2.84824,0,0
CBF_PB,D,20180510,000000,2.84824,2.84824,2.81087,2.83883,0,0
CBF_PB,D,20180511,000000,2.83883,2.83883,2.74526,2.83883,0,0
CBF_PB,D,20180514,000000,2.83883,2.87649,2.71711,2.83883,0,0
CBF_PB,D,20180515,000000,2.73585,2.83883,2.73585,2.83883,0,0
CBF_PB,D,20180516,000000,2.83883,2.83883,2.74526,2.83883,0,0
CBF_PB,D,20180517,000000,2.83883,2.83883,2.71711,2.80146,0,0
CBF_PB,D,20180518,000000,2.83883,2.83883,2.79214,2.82951,0,0
CBF_PB,D,20180521,000000,2.82951,2.82951,2.72643,2.82951,0,0
CBF_PB,D,20180522,000000,2.82019,2.97938,2.74526,2.74526,0,0
CBF_PB,D,20180523,000000,2.85756,2.85756,2.75467,2.75467,0,0
CBF_PB,D,20180524,000000,2.83883,2.83883,2.55793,2.75467,0,0
CBF_PB,D,20180525,000000,2.76399,2.79214,2.52036,2.78272,0,0
CBF_PB,D,20180528,000000,2.76399,2.84824,2.76399,2.79214,0,0
CBF_PB,D,20180529,000000,2.76399,2.83883,2.72643,2.83883,0,0
CBF_PB,D,20180530,000000,2.83883,2.86698,2.75467,2.86698,0,0
CBF_PB,D,20180601,000000,2.86698,2.86698,2.74526,2.79214,0,0
CBF_PB,D,20180604,000000,2.79214,2.79214,2.73585,2.79214,0,0
CBF_PB,D,20180605,000000,2.91396,2.91396,2.74526,2.78272,0,0
CBF_PB,D,20180606,000000,2.79214,2.79214,2.79214,2.79214,0,0
CBF_PB,D,20180607,000000,2.78272,2.78272,2.72643,2.75467,0,0
CBF_PB,D,20180608,000000,2.77341,2.77341,2.75467,2.75467,0,0
CBF_PB,D,20180611,000000,2.79214,2.79214,2.66091,2.75467,0,0
CBF_PB,D,20180612,000000,2.72643,2.76399,2.72643,2.76399,0,0
CBF_PB,D,20180613,000000,2.84824,2.84824,2.67033,2.67033,0,0
CBF_PB,D,20180614,000000,2.79214,2.79214,2.73585,2.73585,0,0
CBF_PB,D,20180615,000000,2.75467,2.76399,2.72643,2.72643,0,0
CBF_PB,D,20180618,000000,2.72643,2.72643,2.72643,2.72643,0,0
CBF_PB,D,20180619,000000,2.72643,2.72643,2.57666,2.72643,0,0
CBF_PB,D,20180620,000000,2.72643,2.72643,2.6516,2.72643,0,0
CBF_PB,D,20180621,000000,2.75467,2.75467,2.67965,2.72643,0,0
CBF_PB,D,20180622,000000,2.72643,2.72643,2.72643,2.72643,0,0
CBF_PB,D,20180625,000000,2.67965,2.72643,2.67965,2.72643,0,0
CBF_PB,D,20180626,000000,2.71711,2.72643,2.6516,2.72643,0,0
CBF_PB,D,20180627,000000,2.76399,2.76399,2.72643,2.72643,0,0
CBF_PB,D,20180628,000000,2.72643,2.72643,2.72643,2.72643,0,0
CBF_PB,D,20180629,000000,2.76399,2.76399,2.75467,2.75467,0,0
CBF_PB,D,20180702,000000,2.76399,2.76399,2.76399,2.76399,0,0
CBF_PB,D,20180703,000000,2.76399,2.76399,2.67033,2.73585,0,0
CBF_PB,D,20180704,000000,2.76399,2.76399,2.6516,2.6516,0,0
CBF_PB,D,20180705,000000,2.6516,2.6516,2.60461,2.6516,0,0
CBF_PB,D,20180706,000000,2.72643,2.72643,2.66091,2.66091,0,0
CBF_PB,D,20180709,000000,2.6516,2.6516,2.58588,2.58588,0,0
CBF_PB,D,20180710,000000,2.72643,2.72643,2.72643,2.72643,0,0
CBF_PB,D,20180711,000000,2.69838,2.69838,2.69838,2.69838,0,0
CBF_PB,D,20180712,000000,2.69838,2.69838,2.69838,2.69838,0,0
CBF_PB,D,20180713,000000,2.69838,2.69838,2.68906,2.68906,0,0
CBF_PB,D,20180716,000000,2.68906,2.69838,2.5953,2.69838,0,0
CBF_PB,D,20180717,000000,2.72643,2.72643,2.72643,2.72643,0,0
CBF_PB,D,20180718,000000,2.72643,2.72643,2.52036,2.52036,0,0
CBF_PB,D,20180719,000000,2.60461,2.60461,2.52036,2.60461,0,0
CBF_PB,D,20180720,000000,2.72643,2.72643,2.55793,2.69838,0,0
CBF_PB,D,20180723,000000,2.6516,2.6516,2.6516,2.6516,0,0
CBF_PB,D,20180724,000000,2.6516,2.6516,2.62345,2.62345,0,0
CBF_PB,D,20180725,000000,2.62345,2.62345,2.56724,2.61403,0,0
CBF_PB,D,20180726,000000,2.61403,2.61403,2.54851,2.61403,0,0
CBF_PB,D,20180727,000000,2.61403,2.61403,2.52036,2.57666,0,0
CBF_PB,D,20180730,000000,2.54851,2.61403,2.54851,2.61403,0,0
CBF_PB,D,20180731,000000,2.61403,2.75467,2.61403,2.75467,0,0
CBF_PB,D,20180801,000000,2.62345,2.76399,2.62345,2.76399,0,0
CBF_PB,D,20180802,000000,2.76399,2.76399,2.76399,2.76399,0,0
CBF_PB,D,20180803,000000,2.76399,2.79214,2.76399,2.78272,0,0
CBF_PB,D,20180806,000000,2.78272,2.78272,2.72643,2.72643,0,0
CBF_PB,D,20180807,000000,2.78272,2.78272,2.78272,2.78272,0,0
CBF_PB,D,20180808,000000,2.78272,2.78272,2.60461,2.72643,0,0
CBF_PB,D,20180809,000000,2.72643,2.78272,2.72643,2.78272,0,0
CBF_PB,D,20180810,000000,2.72643,2.78272,2.72643,2.78272,0,0
CBF_PB,D,20180813,000000,2.67033,2.78272,2.67033,2.72643,0,0
CBF_PB,D,20180814,000000,2.72643,2.78272,2.72643,2.78272,0,0
CBF_PB,D,20180816,000000,2.78272,2.78272,2.78272,2.78272,0,0
CBF_PB,D,20180817,000000,2.78272,2.78272,2.71711,2.78272,0,0
CBF_PB,D,20180820,000000,2.78272,2.78272,2.78272,2.78272,0,0
CBF_PB,D,20180821,000000,2.77341,2.78272,2.77341,2.78272,0,0
CBF_PB,D,20180822,000000,2.79214,2.79214,2.67965,2.79214,0,0
CBF_PB,D,20180823,000000,2.84824,2.84824,2.79214,2.79214,0,0
CBF_PB,D,20180824,000000,2.79214,2.79214,2.73585,2.75467,0,0
CBF_PB,D,20180827,000000,2.74526,2.78272,2.74526,2.78272,0,0
CBF_PB,D,20180828,000000,2.79214,2.79214,2.79214,2.79214,0,0
CBF_PB,D,20180829,000000,2.64218,2.78272,2.64218,2.78272,0,0
CBF_PB,D,20180830,000000,2.78272,2.78272,2.72643,2.76399,0,0
CBF_PB,D,20180831,000000,2.76399,2.76399,2.69838,2.74526,0,0
CBF_PB,D,20180903,000000,2.74526,2.74526,2.49231,2.49231,0,0
CBF_PB,D,20180904,000000,2.5953,2.60461,2.4828,2.56724,0,0
CBF_PB,D,20180905,000000,2.56724,2.56724,2.43612,2.51104,0,0
CBF_PB,D,20180906,000000,2.51104,2.56724,2.46407,2.56724,0,0
CBF_PB,D,20180907,000000,2.56724,2.56724,2.56724,2.56724,0,0
CBF_PB,D,20180910,000000,2.56724,2.56724,2.56724,2.56724,0,0
CBF_PB,D,20180911,000000,2.57666,2.57666,2.45475,2.54851,0,0
CBF_PB,D,20180912,000000,2.54851,2.57666,2.46407,2.57666,0,0
CBF_PB,D,20180913,000000,2.57666,2.57666,2.54851,2.54851,0,0
CBF_PB,D,20180914,000000,2.54851,2.56724,2.45475,2.56724,0,0
CBF_PB,D,20180917,000000,2.47349,2.54851,2.45475,2.46407,0,0
CBF_PB,D,20180918,000000,2.57666,2.57666,2.39865,2.41738,0,0
CBF_PB,D,20180919,000000,2.4828,2.4828,2.38923,2.38923,0,0
CBF_PB,D,20180920,000000,2.4267,2.4267,2.22044,2.22044,0,0
CBF_PB,D,20180921,000000,2.22044,2.23936,2.22044,2.22985,0,0
CBF_PB,D,20180924,000000,2.3143,2.3143,2.23936,2.30488,0,0
CBF_PB,D,20180925,000000,2.29556,2.3143,2.28615,2.3143,0,0
CBF_PB,D,20180926,000000,2.3143,2.52036,2.3143,2.52036,0,0
CBF_PB,D,20180927,000000,2.55793,2.55793,2.45475,2.52036,0,0
CBF_PB,D,20180928,000000,2.52036,2.52036,2.52036,2.52036,0,0
CBF_PB,D,20181001,000000,2.52036,2.52036,2.52036,2.52036,0,0
CBF_PB,D,20181002,000000,2.54851,2.54851,2.35167,2.35167,0,0
CBF_PB,D,20181003,000000,2.51104,2.51104,2.29556,2.37982,0,0
CBF_PB,D,20181004,000000,2.49231,2.49231,2.37982,2.49231,0,0
CBF_PB,D,20181005,000000,2.4267,2.49231,2.4267,2.49231,0,0
CBF_PB,D,20181008,000000,2.49231,2.49231,2.35167,2.45475,0,0
CBF_PB,D,20181009,000000,2.45475,2.45475,2.34225,2.36098,0,0
CBF_PB,D,20181010,000000,2.45475,2.45475,2.25809,2.3143,0,0
CBF_PB,D,20181011,000000,2.23936,2.23936,2.22985,2.23936,0,0
CBF_PB,D,20181012,000000,2.3143,2.3143,2.18307,2.25809,0,0
CBF_PB,D,20181015,000000,2.25809,2.25809,2.18307,2.24868,0,0
CBF_PB,D,20181016,000000,2.18307,2.22985,2.18307,2.19248,0,0
CBF_PB,D,20181017,000000,2.24868,2.24868,2.18307,2.23936,0,0
CBF_PB,D,20181018,000000,2.23936,2.23936,2.23936,2.23936,0,0
CBF_PB,D,20181019,000000,2.23936,2.23936,2.23936,2.23936,0,0
CBF_PB,D,20181022,000000,2.23936,2.3143,2.23936,2.3143,0,0
CBF_PB,D,20181023,000000,2.3143,2.3143,2.3143,2.3143,0,0
CBF_PB,D,20181024,000000,2.3143,2.3143,2.18307,2.26741,0,0
CBF_PB,D,20181025,000000,2.3143,2.3143,2.15502,2.21112,0,0
CBF_PB,D,20181026,000000,2.27683,2.27683,2.17374,2.27683,0,0
CBF_PB,D,20181029,000000,2.22044,2.27683,2.22044,2.27683,0,0
CBF_PB,D,20181030,000000,2.3143,2.3143,2.3143,2.3143,0,0
CBF_PB,D,20181031,000000,2.3143,2.3143,2.3143,2.3143,0,0
CBF_PB,D,20181102,000000,2.3143,2.3143,2.27683,2.3143,0,0
CBF_PB,D,20181105,000000,2.3143,2.3143,2.23936,2.25809,0,0
CBF_PB,D,20181106,000000,2.3143,2.3143,2.28615,2.3143,0,0
CBF_PB,D,20181107,000000,2.3143,2.3143,2.23936,2.23936,0,0
CBF_PB,D,20181108,000000,2.3143,2.3143,2.3143,2.3143,0,0
CBF_PB,D,20181109,000000,2.3143,2.3143,2.3143,2.3143,0,0
CBF_PB,D,20181113,000000,2.3143,2.3143,2.3143,2.3143,0,0
CBF_PB,D,20181114,000000,2.3143,2.34225,2.27683,2.28615,0,0
CBF_PB,D,20181115,000000,2.35167,2.40797,2.3143,2.3143,0,0
CBF_PB,D,20181116,000000,2.40797,2.40797,2.40797,2.40797,0,0
CBF_PB,D,20181119,000000,2.23936,2.40797,2.13629,2.1456,0,0
CBF_PB,D,20181120,000000,2.25809,2.25809,2.09872,2.17374,0,0
CBF_PB,D,20181121,000000,2.20171,2.20171,2.07998,2.07998,0,0
CBF_PB,D,20181122,000000,2.0893,2.0893,2.0893,2.0893,0,0
CBF_PB,D,20181123,000000,2.0893,2.10813,2.0893,2.10813,0,0
CBF_PB,D,20181126,000000,2.17374,2.19248,2.17374,2.19248,0,0
CBF_PB,D,20181127,000000,2.20171,2.22044,2.20171,2.22044,0,0
CBF_PB,D,20181128,000000,2.3143,2.3143,2.17374,2.20171,0,0
CBF_PB,D,20181129,000000,2.3143,2.3143,2.16434,2.22044,0,0
CBF_PB,D,20181130,000000,2.3143,2.3143,2.17374,2.27683,0,0
CBF_PB,D,20181203,000000,2.18307,2.30488,2.18307,2.25809,0,0
CBF_PB,D,20181204,000000,2.3143,2.3143,2.18307,2.25809,0,0
CBF_PB,D,20181205,000000,2.25809,2.25809,2.17374,2.17374,0,0
CBF_PB,D,20181206,000000,2.23936,2.23936,2.1456,2.18307,0,0
CBF_PB,D,20181207,000000,2.18307,2.21112,2.18307,2.21112,0,0
CBF_PB,D,20181210,000000,2.21112,2.22985,2.18307,2.18307,0,0
CBF_PB,D,20181211,000000,2.22985,2.22985,2.17374,2.17374,0,0
CBF_PB,D,20181212,000000,2.20171,2.20171,2.12687,2.20171,0,0
CBF_PB,D,20181213,000000,2.22044,2.22044,2.21112,2.21112,0,0
CBF_PB,D,20181214,000000,2.21112,2.21112,2.17374,2.20171,0,0
CBF_PB,D,20181217,000000,2.22044,2.22044,2.17374,2.20171,0,0
CBF_PB,D,20181218,000000,2.20171,2.20171,2.12687,2.12687,0,0
CBF_PB,D,20181219,000000,2.17374,2.17374,2.17374,2.17374,0,0
CBF_PB,D,20181220,000000,2.16434,2.17374,2.11755,2.17374,0,0
CBF_PB,D,20181221,000000,2.17374,2.17374,2.02378,2.02378,0,0
CBF_PB,D,20181227,000000,2.04252,2.12687,2.02378,2.02378,0,0
CBF_PB,D,20181228,000000,2.02378,2.02378,1.94885,2.02378,0,0
CBF_PB,D,20190102,000000,2.09872,2.09872,2.0332,2.0332,0,0
CBF_PB,D,20190103,000000,2.0332,2.04252,2.01447,2.01447,0,0
CBF_PB,D,20190104,000000,2.01447,2.02378,2.01447,2.02378,0,0
CBF_PB,D,20190107,000000,2.02378,2.02378,2.00505,2.02378,0,0
CBF_PB,D,20190108,000000,2.02378,2.02378,1.98632,1.98632,0,0
CBF_PB,D,20190109,000000,2.00505,2.00505,1.98632,2.00505,0,0
CBF_PB,D,20190110,000000,1.98632,2.04252,1.98632,1.99573,0,0
CBF_PB,D,20190111,000000,2.04252,2.04252,1.9769,1.9769,0,0
CBF_PB,D,20190114,000000,1.99573,1.99573,1.93953,1.95817,0,0
CBF_PB,D,20190115,000000,1.96748,1.98632,1.93953,1.98632,0,0
CBF_PB,D,20190116,000000,1.98632,2.01447,1.98632,2.01447,0,0
CBF_PB,D,20190117,000000,2.01447,2.01447,2.01447,2.01447,0,0
CBF_PB,D,20190118,000000,2.01447,2.04252,1.9769,2.04252,0,0
CBF_PB,D,20190121,000000,2.04252,2.09872,2.01447,2.0893,0,0
CBF_PB,D,20190122,000000,2.09872,2.3143,2.09872,2.27683,0,0
CBF_PB,D,20190123,000000,2.27683,2.29556,2.27683,2.29556,0,0
CBF_PB,D,20190124,000000,2.29556,2.29556,2.24868,2.25809,0,0
CBF_PB,D,20190125,000000,2.28615,2.33293,2.28615,2.3143,0,0
CBF_PB,D,20190128,000000,2.29556,2.3143,2.25809,2.25809,0,0
CBF_PB,D,20190129,000000,2.28615,2.28615,2.07067,2.20171,0,0
CBF_PB,D,20190130,000000,2.20171,2.26741,2.20171,2.26741,0,0
CBF_PB,D,20190131,000000,2.26741,2.26741,2.25809,2.26741,0,0
CBF_PB,D,20190201,000000,2.26741,2.26741,2.20171,2.22985,0,0
CBF_PB,D,20190204,000000,2.22985,2.22985,2.22985,2.22985,0,0
CBF_PB,D,20190205,000000,2.22985,2.22985,2.22985,2.22985,0,0
CBF_PB,D,20190206,000000,2.22985,2.22985,2.09872,2.12687,0,0
CBF_PB,D,20190207,000000,2.1456,2.20171,2.12687,2.1456,0,0
CBF_PB,D,20190208,000000,2.09872,2.10813,2.0332,2.0332,0,0
CBF_PB,D,20190211,000000,2.0893,2.0893,2.02378,2.02378,0,0
CBF_PB,D,20190212,000000,2.13629,2.3143,2.09872,2.29556,0,0
CBF_PB,D,20190213,000000,2.34225,2.52978,2.34225,2.47349,0,0
CBF_PB,D,20190214,000000,2.52978,2.58588,2.41738,2.47349,0,0
CBF_PB,D,20190215,000000,2.47349,2.47349,2.34225,2.39865,0,0
CBF_PB,D,20190218,000000,2.4267,2.4267,2.34225,2.39865,0,0
CBF_PB,D,20190219,000000,2.39865,2.4267,2.37982,2.37982,0,0
CBF_PB,D,20190220,000000,2.32361,2.40797,2.32361,2.40797,0,0
CBF_PB,D,20190221,000000,2.39865,2.4267,2.39865,2.4267,0,0
CBF_PB,D,20190222,000000,2.4267,2.4267,2.37982,2.39865,0,0
CBF_PB,D,20190225,000000,2.4267,2.49231,2.37982,2.44543,0,0
CBF_PB,D,20190226,000000,2.44543,2.52036,2.41738,2.44543,0,0
CBF_PB,D,20190227,000000,2.47349,2.72643,2.44543,2.72643,0,0
CBF_PB,D,20190228,000000,2.75467,2.75467,2.67965,2.74526,0,0
CBF_PB,D,20190301,000000,2.78272,2.78272,2.75467,2.75467,0,0
CBF_PB,D,20190304,000000,2.75467,2.75467,2.75467,2.75467,0,0
CBF_PB,D,20190305,000000,2.75467,2.75467,2.6516,2.69838,0,0
CBF_PB,D,20190306,000000,2.71711,2.71711,2.67033,2.71711,0,0
CBF_PB,D,20190307,000000,2.67033,2.72643,2.67033,2.71711,0,0
CBF_PB,D,20190308,000000,2.71711,2.71711,2.67965,2.71711,0,0
CBF_PB,D,20190311,000000,2.71711,2.71711,2.67965,2.69838,0,0
CBF_PB,D,20190312,000000,2.69838,2.71711,2.57666,2.69838,0,0
CBF_PB,D,20190313,000000,2.67965,2.67965,2.62345,2.67033,0,0
CBF_PB,D,20190314,000000,2.67033,2.67033,2.62345,2.62345,0,0
CBF_PB,D,20190315,000000,2.67965,2.69838,2.62345,2.62345,0,0
CBF_PB,D,20190318,000000,2.67033,2.67033,2.67033,2.67033,0,0
CBF_PB,D,20190319,000000,2.62345,2.69838,2.57666,2.69838,0,0
CBF_PB,D,20190320,000000,2.69838,2.99811,2.69838,2.92328,0,0
CBF_PB,D,20190321,000000,2.92328,2.95143,2.86698,2.95143,0,0
CBF_PB,D,20190322,000000,2.95143,2.95143,2.89522,2.89522,0,0
CBF_PB,D,20190325,000000,2.94201,2.94201,2.87649,2.94201,0,0
CBF_PB,D,20190326,000000,2.92328,2.92328,2.89522,2.89522,0,0
CBF_PB,D,20190327,000000,2.86698,2.94201,2.80146,2.92328,0,0
CBF_PB,D,20190328,000000,2.92328,2.92328,2.92328,2.92328,0,0
CBF_PB,D,20190329,000000,2.90454,2.94201,2.90454,2.94201,0,0
CBF_PB,D,20190401,000000,2.92328,3.01695,2.92328,2.94201,0,0
CBF_PB,D,20190402,000000,2.97938,3.24174,2.97938,3.09187,0,0
CBF_PB,D,20190403,000000,3.10119,3.14817,3.10119,3.11992,0,0
CBF_PB,D,20190404,000000,3.14817,3.14817,3.06382,3.10119,0,0
CBF_PB,D,20190405,000000,3.13876,3.16691,3.09187,3.16691,0,0
CBF_PB,D,20190408,000000,3.09187,3.10119,3.02636,3.09187,0,0
CBF_PB,D,20190409,000000,3.09187,3.09187,2.99811,3.07324,0,0
CBF_PB,D,20190410,000000,3.06382,3.07324,3.04509,3.07324,0,0
CBF_PB,D,20190411,000000,3.06382,3.06382,3.06382,3.06382,0,0
CBF_PB,D,20190412,000000,3.06382,3.06382,3.06382,3.06382,0,0
CBF_PB,D,20190415,000000,2.96065,3.09187,2.96065,3.07324,0,0
CBF_PB,D,20190416,000000,3.01695,3.07324,3.01695,3.07324,0,0
CBF_PB,D,20190417,000000,3.07324,3.09187,2.97938,3.07324,0,0
CBF_PB,D,20190418,000000,3.06382,3.07324,3.06382,3.06382,0,0
CBF_PB,D,20190423,000000,3.06382,3.06382,3.06382,3.06382,0,0
CBF_PB,D,20190424,000000,3.06382,3.06382,2.9888,3.06382,0,0
CBF_PB,D,20190425,000000,3.06382,3.06382,3.01695,3.04509,0,0
CBF_PB,D,20190426,000000,3.01695,3.01695,3.01695,3.01695,0,0
CBF_PB,D,20190429,000000,3.01695,3.01695,2.97006,2.97006,0,0
CBF_PB,D,20190430,000000,2.96065,3.13876,2.96065,3.04509,0,0
CBF_PB,D,20190502,000000,3.07324,3.07324,3.07324,3.07324,0,0
CBF_PB,D,20190506,000000,3.04509,3.07324,3.04509,3.07324,0,0
CBF_PB,D,20190507,000000,3.07324,3.07324,3.07324,3.07324,0,0
CBF_PB,D,20190508,000000,2.99811,3.07324,2.99811,3.02636,0,0
CBF_PB,D,20190509,000000,3.01695,3.01695,2.71711,2.73585,0,0
CBF_PB,D,20190510,000000,2.86698,2.97006,2.86698,2.90454,0,0
CBF_PB,D,20190513,000000,2.90454,2.90454,2.86698,2.87649,0,0
CBF_PB,D,20190514,000000,2.90454,2.90454,2.76399,2.82951,0,0
CBF_PB,D,20190515,000000,2.84824,2.84824,2.67965,2.78272,0,0
CBF_PB,D,20190516,000000,2.79214,2.79214,2.71711,2.71711,0,0
CBF_PB,D,20190517,000000,2.71711,2.82951,2.71711,2.79214,0,0
CBF_PB,D,20190520,000000,2.92328,2.97938,2.40797,2.40797,0,0
CBF_PB,D,20190521,000000,2.4267,2.47349,2.35167,2.40797,0,0
CBF_PB,D,20190522,000000,2.39865,2.39865,2.3143,2.3705,0,0
CBF_PB,D,20190523,000000,2.3705,2.37982,2.3705,2.3705,0,0
CBF_PB,D,20190524,000000,2.37982,2.37982,2.29556,2.32361,0,0
CBF_PB,D,20190527,000000,2.25809,2.34225,2.25809,2.34225,0,0
CBF_PB,D,20190528,000000,2.34225,2.34225,2.24868,2.32361,0,0
CBF_PB,D,20190529,000000,2.34225,2.34225,2.26741,2.26741,0,0
CBF_PB,D,20190530,000000,2.34225,2.34225,2.3143,2.34225,0,0
CBF_PB,D,20190531,000000,2.3705,2.39865,2.3705,2.3705,0,0
CBF_PB,D,20190603,000000,2.37982,2.39865,2.37982,2.39865,0,0
CBF_PB,D,20190604,000000,2.39865,2.41738,2.39865,2.41738,0,0
CBF_PB,D,20190605,000000,2.41738,2.41738,2.3143,2.3705,0,0
CBF_PB,D,20190606,000000,2.3705,2.3705,2.30488,2.3143,0,0
CBF_PB,D,20190607,000000,2.3143,2.3143,2.29556,2.29556,0,0
CBF_PB,D,20190610,000000,2.3143,2.3143,2.29556,2.3143,0,0
CBF_PB,D,20190611,000000,2.3143,2.3143,2.29556,2.29556,0,0
CBF_PB,D,20190612,000000,2.29556,2.29556,2.29556,2.29556,0,0
CBF_PB,D,20190613,000000,2.29556,2.3143,2.27683,2.3143,0,0
CBF_PB,D,20190614,000000,2.3143,2.4828,2.3143,2.47349,0,0
CBF_PB,D,20190617,000000,2.47349,2.47349,2.44543,2.45475,0,0
CBF_PB,D,20190618,000000,2.52036,2.54851,2.45475,2.54851,0,0
CBF_PB,D,20190619,000000,2.54851,2.60461,2.53909,2.54851,0,0
CBF_PB,D,20190621,000000,2.53909,2.53909,2.46407,2.50163,0,0
CBF_PB,D,20190624,000000,2.50163,2.50163,2.4828,2.4828,0,0
CBF_PB,D,20190625,000000,2.54851,2.54851,2.51104,2.51104,0,0
CBF_PB,D,20190626,000000,2.53909,2.53909,2.50163,2.53909,0,0
CBF_PB,D,20190627,000000,2.53909,2.53909,2.47349,2.51104,0,0
CBF_PB,D,20190628,000000,2.51104,2.53909,2.46407,2.53909,0,0
CBF_PB,D,20190701,000000,2.53909,2.57666,2.53909,2.57666,0,0
CBF_PB,D,20190702,000000,2.53909,2.53909,2.51104,2.51104,0,0
CBF_PB,D,20190703,000000,2.53909,2.53909,2.51104,2.51104,0,0
CBF_PB,D,20190704,000000,2.51104,2.51104,2.45475,2.50163,0,0
CBF_PB,D,20190705,000000,2.51104,2.51104,2.43612,2.50163,0,0
CBF_PB,D,20190708,000000,2.50163,2.50163,2.50163,2.50163,0,0
CBF_PB,D,20190709,000000,2.50163,2.50163,2.43612,2.50163,0,0
CBF_PB,D,20190710,000000,2.50163,2.50163,2.44543,2.50163,0,0
CBF_PB,D,20190711,000000,2.50163,2.50163,2.41738,2.43612,0,0
CBF_PB,D,20190712,000000,2.44543,2.4828,2.43612,2.44543,0,0
CBF_PB,D,20190715,000000,2.44543,2.44543,2.41738,2.43612,0,0
CBF_PB,D,20190716,000000,2.43612,2.61403,2.43612,2.54851,0,0
CBF_PB,D,20190717,000000,2.55793,2.58588,2.54851,2.54851,0,0
CBF_PB,D,20190718,000000,2.55793,2.55793,2.53909,2.53909,0,0
CBF_PB,D,20190719,000000,2.54851,2.54851,2.52036,2.52036,0,0
CBF_PB,D,20190722,000000,2.54851,2.54851,2.52036,2.54851,0,0
CBF_PB,D,20190723,000000,2.55793,2.55793,2.52036,2.52036,0,0
CBF_PB,D,20190724,000000,2.52036,2.54851,2.52036,2.53909,0,0
CBF_PB,D,20190725,000000,2.54851,2.62345,2.52978,2.62345,0,0
CBF_PB,D,20190726,000000,2.62345,2.82951,2.61403,2.7077,0,0
CBF_PB,D,20190729,000000,2.7077,2.75467,2.67965,2.72643,0,0
CBF_PB,D,20190730,000000,2.72643,2.74526,2.68906,2.72643,0,0
CBF_PB,D,20190731,000000,2.72643,2.76399,2.68906,2.68906,0,0
CBF_PB,D,20190801,000000,2.67965,2.72643,2.67965,2.72643,0,0
CBF_PB,D,20190802,000000,2.72643,2.74526,2.67965,2.67965,0,0
CBF_PB,D,20190805,000000,2.67965,2.68906,2.62345,2.64218,0,0
CBF_PB,D,20190806,000000,2.61403,2.7077,2.53909,2.67965,0,0
CBF_PB,D,20190807,000000,2.68906,2.68906,2.61403,2.64218,0,0
CBF_PB,D,20190808,000000,2.64218,2.6516,2.62345,2.6516,0,0
CBF_PB,D,20190809,000000,2.68906,2.68906,2.61403,2.6516,0,0
CBF_PB,D,20190812,000000,2.64218,2.6516,2.64218,2.6516,0,0
CBF_PB,D,20190813,000000,2.6516,2.72643,2.60461,2.72643,0,0
CBF_PB,D,20190814,000000,2.72643,2.81087,2.72643,2.79214,0,0
CBF_PB,D,20190816,000000,2.79214,2.79214,2.7077,2.75467,0,0
CBF_PB,D,20190819,000000,2.75467,2.78272,2.6516,2.68906,0,0
CBF_PB,D,20190820,000000,2.68906,2.68906,2.61403,2.67965,0,0
CBF_PB,D,20190821,000000,2.67965,2.67965,2.6516,2.67965,0,0
CBF_PB,D,20190822,000000,2.67965,2.74526,2.6516,2.74526,0,0
CBF_PB,D,20190823,000000,2.71711,2.74526,2.71711,2.74526,0,0
CBF_PB,D,20190826,000000,2.74526,2.74526,2.7077,2.72643,0,0
CBF_PB,D,20190827,000000,2.71711,2.71711,2.68906,2.71711,0,0
CBF_PB,D,20190828,000000,2.74526,2.74526,2.6516,2.7077,0,0
CBF_PB,D,20190829,000000,2.7077,2.7077,2.68906,2.68906,0,0
CBF_PB,D,20190830,000000,2.7077,2.7077,2.7077,2.7077,0,0
CBF_PB,D,20190902,000000,2.67965,2.67965,2.62345,2.64218,0,0
CBF_PB,D,20190903,000000,2.64218,2.64218,2.55793,2.56724,0,0
CBF_PB,D,20190904,000000,2.56724,2.56724,2.4828,2.56724,0,0
CBF_PB,D,20190905,000000,2.57666,3.30746,2.53909,3.30746,0,0
CBF_PB,D,20190906,000000,3.37297,3.37297,3.35423,3.35423,0,0
CBF_PB,D,20190909,000000,3.35423,3.40112,3.33541,3.35423,0,0
CBF_PB,D,20190910,000000,3.35423,3.35423,3.28873,3.30746,0,0
CBF_PB,D,20190911,000000,3.30746,3.30746,3.30746,3.30746,0,0
CBF_PB,D,20190912,000000,3.31678,3.31678,3.27931,3.29804,0,0
CBF_PB,D,20190913,000000,3.29804,3.29804,3.27931,3.27931,0,0
CBF_PB,D,20190916,000000,3.26999,3.26999,3.13876,3.22301,0,0
CBF_PB,D,20190917,000000,3.24174,3.30746,3.21369,3.21369,0,0
CBF_PB,D,20190918,000000,3.18564,3.29804,3.18564,3.29804,0,0
CBF_PB,D,20190919,000000,3.30746,3.30746,3.30746,3.30746,0,0
CBF_PB,D,20190920,000000,3.30746,3.31678,3.23242,3.30746,0,0
CBF_PB,D,20190923,000000,3.28873,3.31678,3.23242,3.31678,0,0
CBF_PB,D,20190924,000000,3.31678,3.31678,3.30746,3.31678,0,0
CBF_PB,D,20190925,000000,3.31678,3.34483,3.29804,3.34483,0,0
CBF_PB,D,20190926,000000,3.34483,3.34483,3.26999,3.34483,0,0
CBF_PB,D,20190927,000000,3.34483,3.40112,3.29804,3.29804,0,0
CBF_PB,D,20190930,000000,3.31678,3.34483,3.28873,3.29804,0,0
CBF_PB,D,20191001,000000,3.29804,3.29804,3.28873,3.28873,0,0
CBF_PB,D,20191002,000000,3.28873,3.28873,3.23242,3.26058,0,0
CBF_PB,D,20191003,000000,3.20437,3.27931,3.20437,3.27931,0,0
CBF_PB,D,20191004,000000,3.27931,3.29804,3.21369,3.29804,0,0
CBF_PB,D,20191007,000000,3.29804,3.29804,3.29804,3.29804,0,0
CBF_PB,D,20191008,000000,3.29804,3.29804,3.26999,3.26999,0,0
CBF_PB,D,20191009,000000,3.28873,3.28873,3.23242,3.26999,0,0
CBF_PB,D,20191010,000000,3.26999,3.28873,3.21369,3.26058,0,0
CBF_PB,D,20191011,000000,3.26999,3.43859,3.25116,3.41985,0,0
CBF_PB,D,20191014,000000,3.40432,3.47091,3.3853,3.3853,0,0
CBF_PB,D,20191015,000000,3.42325,3.42325,3.3853,3.42325,0,0
CBF_PB,D,20191016,000000,3.42325,3.42325,3.42325,3.42325,0,0
CBF_PB,D,20191017,000000,3.42325,3.42325,3.35676,3.40432,0,0
CBF_PB,D,20191018,000000,3.40432,3.42325,3.36627,3.42325,0,0
CBF_PB,D,20191021,000000,3.40432,3.40432,3.34725,3.34725,0,0
CBF_PB,D,20191022,000000,3.40432,3.40432,3.33774,3.34725,0,0
CBF_PB,D,20191023,000000,3.37579,3.37579,3.25213,3.31871,0,0
CBF_PB,D,20191024,000000,3.37579,3.37579,3.37579,3.37579,0,0
CBF_PB,D,20191025,000000,3.37579,3.37579,3.33774,3.37579,0,0
CBF_PB,D,20191028,000000,3.36627,3.37579,3.36627,3.37579,0,0
CBF_PB,D,20191029,000000,3.37579,3.37579,3.31871,3.37579,0,0
CBF_PB,D,20191030,000000,3.37579,3.40432,3.26164,3.40432,0,0
CBF_PB,D,20191031,000000,3.40432,3.40432,3.33774,3.40432,0,0
CBF_PB,D,20191104,000000,3.40432,3.42325,3.35676,3.40432,0,0
CBF_PB,D,20191105,000000,3.42325,3.42325,3.40432,3.42325,0,0
CBF_PB,D,20191106,000000,3.42325,3.42325,3.32822,3.32822,0,0
CBF_PB,D,20191107,000000,3.40432,3.40432,3.29027,3.29027,0,0
CBF_PB,D,20191108,000000,3.32822,3.35676,3.23311,3.23311,0,0
CBF_PB,D,20191112,000000,3.19515,3.23311,3.11906,3.19515,0,0
CBF_PB,D,20191113,000000,3.23311,3.23311,3.12857,3.16662,0,0
CBF_PB,D,20191114,000000,3.12857,3.29979,3.12857,3.28076,0,0
CBF_PB,D,20191115,000000,3.29979,3.29979,3.29979,3.29979,0,0
CBF_PB,D,20191118,000000,3.23311,3.43286,3.22359,3.22359,0,0
CBF_PB,D,20191119,000000,3.22359,3.3853,3.19515,3.31871,0,0
CBF_PB,D,20191120,000000,3.31871,3.34725,3.22359,3.33774,0,0
CBF_PB,D,20191121,000000,3.33774,3.33774,3.24262,3.29979,0,0
CBF_PB,D,20191122,000000,3.29979,3.34725,3.19515,3.27115,0,0
CBF_PB,D,20191125,000000,3.27115,3.29979,3.20457,3.27115,0,0
CBF_PB,D,20191126,000000,3.29027,3.3853,3.27115,3.34725,0,0
CBF_PB,D,20191127,000000,3.36627,3.39481,3.31871,3.36627,0,0
CBF_PB,D,20191128,000000,3.36627,3.4614,3.25213,3.4614,0,0
CBF_PB,D,20191129,000000,3.39481,3.48994,3.39481,3.48994,0,0
CBF_PB,D,20191202,000000,3.48994,3.59457,3.44237,3.48994,0,0
CBF_PB,D,20191203,000000,3.48994,3.50896,3.43286,3.43286,0,0
CBF_PB,D,20191204,000000,3.48042,3.48994,3.39481,3.4614,0,0
CBF_PB,D,20191205,000000,3.48042,3.54691,3.44237,3.48994,0,0
CBF_PB,D,20191206,000000,3.48994,3.48994,3.43286,3.43286,0,0
CBF_PB,D,20191209,000000,3.43286,3.44237,3.41374,3.44237,0,0
CBF_PB,D,20191210,000000,3.44237,3.44237,3.43286,3.43286,0,0
CBF_PB,D,20191211,000000,3.43286,3.44237,3.39481,3.39481,0,0
CBF_PB,D,20191212,000000,3.39481,3.43286,3.39481,3.43286,0,0
CBF_PB,D,20191213,000000,3.43286,3.43286,3.43286,3.43286,0,0
CBF_PB,D,20191216,000000,3.43286,3.74657,3.43286,3.68959,0,0
CBF_PB,D,20191217,000000,3.68959,3.79423,3.62301,3.67057,0,0
CBF_PB,D,20191218,000000,3.60409,3.67057,3.57545,3.60409,0,0
CBF_PB,D,20191219,000000,3.62301,3.64204,3.60409,3.64204,0,0
CBF_PB,D,20191220,000000,3.67057,3.81325,3.67057,3.78472,0,0
CBF_PB,D,20191223,000000,3.69911,3.78472,3.67057,3.71814,0,0
CBF_PB,D,20191227,000000,3.78472,3.88925,3.67057,3.78472,0,0
CBF_PB,D,20191230,000000,3.78472,3.83228,3.67057,3.67057,0,0
CBF_PB,D,20200102,000000,3.78472,3.83228,3.67057,3.74657,0,0
CBF_PB,D,20200103,000000,3.76569,3.76569,3.67057,3.74657,0,0
CBF_PB,D,20200107,000000,3.76569,3.79423,3.69911,3.74657,0,0
CBF_PB,D,20200108,000000,3.74657,3.79423,3.73706,3.79423,0,0
CBF_PB,D,20200109,000000,3.79423,4.08902,3.79423,3.95584,0,0
CBF_PB,D,20200110,000000,3.98437,4.06989,3.98437,4.05087,0,0
CBF_PB,D,20200113,000000,4.06989,4.27917,4.06989,4.27917,0,0
CBF_PB,D,20200114,000000,4.37419,4.37419,4.08902,4.08902,0,0
CBF_PB,D,20200115,000000,4.05087,4.09852,3.88925,3.93692,0,0
CBF_PB,D,20200116,000000,4.02242,4.13657,3.88925,3.88925,0,0
CBF_PB,D,20200117,000000,3.95584,3.95584,3.79423,3.81325,0,0
CBF_PB,D,20200120,000000,3.86072,3.86072,3.71814,3.73706,0,0
CBF_PB,D,20200121,000000,3.71814,4.08902,3.71814,3.98437,0,0
CBF_PB,D,20200122,000000,4.04145,4.04145,3.90828,3.9274,0,0
CBF_PB,D,20200123,000000,3.95584,3.95584,3.84169,3.87974,0,0
CBF_PB,D,20200124,000000,3.84169,4.16502,3.84169,4.05087,0,0
CBF_PB,D,20200127,000000,4.11755,4.11755,3.84169,3.84169,0,0
CBF_PB,D,20200128,000000,3.90828,4.02242,3.88925,3.93692,0,0
CBF_PB,D,20200129,000000,3.98437,4.11755,3.97487,4.02242,0,0
CBF_PB,D,20200130,000000,3.93692,4.02242,3.9274,3.9274,0,0
CBF_PB,D,20200131,000000,3.9274,4.14609,3.90828,4.14609,0,0
CBF_PB,D,20200203,000000,4.11755,4.16502,4.06989,4.16502,0,0
CBF_PB,D,20200204,000000,4.18404,4.18404,4.05087,4.09852,0,0
CBF_PB,D,20200205,000000,4.11755,4.11755,3.98437,4.04145,0,0
CBF_PB,D,20200206,000000,3.98437,4.21257,3.98437,4.06989,0,0
CBF_PB,D,20200207,000000,4.13657,4.14609,4.0034,4.08902,0,0
CBF_PB,D,20200210,000000,4.02242,4.08902,4.0034,4.0034,0,0
CBF_PB,D,20200211,000000,4.04145,4.24121,4.04145,4.16502,0,0
CBF_PB,D,20200212,000000,4.2317,4.24121,4.18404,4.24121,0,0
CBF_PB,D,20200213,000000,4.26014,4.42185,4.16502,4.33624,0,0
CBF_PB,D,20200214,000000,4.33624,4.42185,4.26014,4.3077,0,0
CBF_PB,D,20200217,000000,4.3077,4.3837,4.2317,4.28867,0,0
CBF_PB,D,20200218,000000,4.32672,4.32672,4.18404,4.26014,0,0
CBF_PB,D,20200219,000000,4.27917,4.46931,4.2317,4.28867,0,0
CBF_PB,D,20200220,000000,4.5359,4.5359,4.3077,4.3077,0,0
CBF_PB,D,20200221,000000,4.33624,4.40282,4.08902,4.08902,0,0
CBF_PB,D,20200224,000000,4.11755,4.18404,4.0034,4.0034,0,0
CBF_PB,D,20200225,000000,4.14609,4.3077,4.09852,4.16502,0,0
CBF_PB,D,20200226,000000,4.09852,4.21257,4.03194,4.19355,0,0
CBF_PB,D,20200227,000000,4.16502,4.16502,3.64204,3.81325,0,0
CBF_PB,D,20200228,000000,3.49945,3.81325,3.41374,3.81325,0,0
CBF_PB,D,20200302,000000,3.81325,4.0795,3.81325,4.06989,0,0
CBF_PB,D,20200303,000000,4.0795,4.26965,4.0795,4.22209,0,0
CBF_PB,D,20200304,000000,4.19355,4.19355,4.09852,4.12707,0,0
CBF_PB,D,20200305,000000,4.12707,4.22209,4.0034,4.05087,0,0
CBF_PB,D,20200306,000000,4.05087,4.05087,3.86072,3.97487,0,0
CBF_PB,D,20200309,000000,3.69911,3.88925,3.59457,3.73706,0,0
CBF_PB,D,20200310,000000,3.68959,3.81325,3.52789,3.55642,0,0
CBF_PB,D,20200311,000000,3.57545,3.57545,3.22359,3.33774,0,0
CBF_PB,D,20200312,000000,3.17612,3.26164,2.93832,3.03344,0,0
CBF_PB,D,20200313,000000,2.96696,3.4614,2.93832,3.3853,0,0
CBF_PB,D,20200316,000000,3.3853,3.3853,3.22359,3.33774,0,0
CBF_PB,D,20200317,000000,3.33774,3.49945,3.24262,3.31871,0,0
CBF_PB,D,20200318,000000,3.26164,3.54691,3.26164,3.33774,0,0
CBF_PB,D,20200319,000000,3.33774,3.50896,3.33774,3.50896,0,0
CBF_PB,D,20200320,000000,3.52789,3.64204,3.36627,3.49945,0,0
CBF_PB,D,20200323,000000,3.22359,3.41374,3.22359,3.3853,0,0
CBF_PB,D,20200324,000000,3.49945,3.65154,3.49945,3.64204,0,0
CBF_PB,D,20200325,000000,3.68959,3.73706,3.43286,3.55642,0,0
CBF_PB,D,20200326,000000,3.55642,3.57545,3.49945,3.57545,0,0
CBF_PB,D,20200327,000000,3.59457,3.65154,3.55642,3.60409,0,0
CBF_PB,D,20200330,000000,3.62301,3.62301,3.50896,3.60409,0,0
CBF_PB,D,20200331,000000,3.62301,3.81325,3.57545,3.81325,0,0
CBF_PB,D,20200401,000000,3.81325,3.81325,3.67057,3.74657,0,0
CBF_PB,D,20200402,000000,3.73706,3.73706,3.60409,3.65154,0,0
CBF_PB,D,20200403,000000,3.65154,3.67057,3.59457,3.65154,0,0
CBF_PB,D,20200406,000000,3.73706,3.81325,3.64204,3.65154,0,0
CBF_PB,D,20200407,000000,3.73706,3.78472,3.62301,3.65154,0,0
CBF_PB,D,20200408,000000,3.68959,3.68959,3.59457,3.62301,0,0
CBF_PB,D,20200409,000000,3.65154,3.73706,3.48042,3.73706,0,0
CBF_PB,D,20200414,000000,3.69911,4.02242,3.69911,3.95584,0,0
CBF_PB,D,20200415,000000,3.98437,3.98437,3.81325,3.84169,0,0
CBF_PB,D,20200416,000000,3.93692,3.93692,3.81325,3.88925,0,0
CBF_PB,D,20200417,000000,3.95584,4.06989,3.88925,3.88925,0,0
CBF_PB,D,20200420,000000,3.88925,4.0034,3.88925,3.88925,0,0
CBF_PB,D,20200421,000000,3.98437,4.03194,3.62301,3.79423,0,0
CBF_PB,D,20200422,000000,3.74657,3.87974,3.71814,3.87974,0,0
CBF_PB,D,20200423,000000,3.87974,4.19355,3.87974,4.12707,0,0
CBF_PB,D,20200424,000000,4.17452,4.24121,4.05087,4.24121,0,0
CBF_PB,D,20200427,000000,4.24121,4.51687,4.24121,4.47882,0,0
CBF_PB,D,20200428,000000,4.49785,4.66907,4.49785,4.64053,0,0
CBF_PB,D,20200429,000000,4.70702,4.70702,4.47882,4.5454,0,0
CBF_PB,D,20200430,000000,4.52638,4.73565,4.28867,4.73565,0,0
CBF_PB,D,20200504,000000,4.52638,4.688,4.51687,4.57395,0,0
CBF_PB,D,20200505,000000,4.612,4.70702,4.57395,4.57395,0,0
CBF_PB,D,20200506,000000,4.52638,4.612,4.52638,4.52638,0,0
CBF_PB,D,20200507,000000,4.57395,4.89727,4.52638,4.89727,0,0
CBF_PB,D,20200508,000000,5.04946,5.04946,4.78312,4.80214,0,0
CBF_PB,D,20200511,000000,4.8497,4.8497,4.66907,4.70702,0,0
CBF_PB,D,20200512,000000,4.76419,5.18253,4.65955,5.08751,0,0
CBF_PB,D,20200513,000000,4.99229,5.19215,4.99229,5.14448,0,0
CBF_PB,D,20200514,000000,5.14448,5.16351,4.612,4.76419,0,0
CBF_PB,D,20200515,000000,4.90678,5.04946,4.85922,4.85922,0,0
CBF_PB,D,20200518,000000,5.06848,5.16351,5.06848,5.08751,0,0
CBF_PB,D,20200519,000000,5.21107,6.80865,4.8497,6.80865,0,0
CBF_PB,D,20200520,000000,6.89416,6.89416,6.58986,6.67548,0,0
CBF_PB,D,20200521,000000,6.67548,6.67548,6.57084,6.65655,0,0
CBF_PB,D,20200522,000000,6.58986,6.65655,6.52338,6.63753,0,0
CBF_PB,D,20200525,000000,6.65655,6.85621,6.58986,6.78963,0,0
CBF_PB,D,20200526,000000,6.82768,6.94173,6.80865,6.82768,0,0
CBF_PB,D,20200527,000000,6.82768,6.82768,6.1525,6.17152,0,0
CBF_PB,D,20200528,000000,6.3046,6.45679,6.3046,6.32371,0,0
CBF_PB,D,20200529,000000,6.47581,6.5424,6.35225,6.47581,0,0
CBF_PB,D,20200601,000000,6.47581,6.67548,6.47581,6.58986,0,0
CBF_PB,D,20200602,000000,6.58986,6.58986,6.28557,6.39021,0,0
CBF_PB,D,20200603,000000,6.45679,6.57084,6.28557,6.47581,0,0
CBF_PB,D,20200604,000000,6.47581,6.57084,6.47581,6.47581,0,0
CBF_PB,D,20200605,000000,6.5424,6.5424,6.43776,6.47581,0,0
CBF_PB,D,20200608,000000,6.47581,6.50435,6.25703,6.50435,0,0
CBF_PB,D,20200609,000000,6.50435,6.50435,6.23811,6.25703,0,0
CBF_PB,D,20200610,000000,6.23811,6.40923,6.23811,6.39021,0,0
CBF_PB,D,20200612,000000,6.21908,6.25703,6.12396,6.25703,0,0
CBF_PB,D,20200615,000000,6.25703,6.25703,6.06688,6.21908,0,0
CBF_PB,D,20200616,000000,6.28557,6.52338,6.25703,6.52338,0,0
CBF_PB,D,20200617,000000,6.52338,6.52338,6.37118,6.47581,0,0
CBF_PB,D,20200618,000000,6.47581,6.58986,6.43776,6.47581,0,0
CBF_PB,D,20200619,000000,6.47581,6.52338,6.40923,6.52338,0,0
CBF_PB,D,20200622,000000,6.5424,6.67548,6.47581,6.47581,0,0
CBF_PB,D,20200623,000000,6.50435,6.58986,6.3046,6.32371,0,0
CBF_PB,D,20200624,000000,6.28557,6.40923,6.23811,6.37118,0,0
CBF_PB,D,20200625,000000,6.35225,6.35225,6.1525,6.21908,0,0
CBF_PB,D,20200626,000000,6.25703,6.25703,5.95273,5.97176,0,0
CBF_PB,D,20200629,000000,6.0004,6.0004,5.75308,5.75308,0,0
CBF_PB,D,20200630,000000,5.80064,6.06688,5.80064,6.06688,0,0
CBF_PB,D,20200701,000000,6.12396,6.12396,5.81966,5.93371,0,0
CBF_PB,D,20200702,000000,5.95273,6.28557,5.81966,6.08591,0,0
CBF_PB,D,20200703,000000,6.1525,6.3046,6.1525,6.3046,0,0
CBF_PB,D,20200706,000000,6.32371,6.63753,6.32371,6.57084,0,0
CBF_PB,D,20200707,000000,6.57084,6.60889,6.40923,6.52338,0,0
CBF_PB,D,20200708,000000,6.52338,6.58986,6.45679,6.57084,0,0
CBF_PB,D,20200709,000000,6.63753,6.94173,6.43776,6.47581,0,0
CBF_PB,D,20200710,000000,6.47581,6.50435,6.25703,6.37118,0,0
CBF_PB,D,20200713,000000,6.37118,6.40923,6.23811,6.32371,0,0
CBF_PB,D,20200714,000000,6.32371,6.37118,6.28557,6.28557,0,0
CBF_PB,D,20200715,000000,6.3046,6.50435,6.3046,6.50435,0,0
CBF_PB,D,20200716,000000,6.47581,6.5424,6.37118,6.43776,0,0
CBF_PB,D,20200717,000000,6.47581,6.5424,6.43776,6.45679,0,0
CBF_PB,D,20200720,000000,6.58986,6.9227,6.47581,6.9227,0,0
CBF_PB,D,20200721,000000,7.07489,7.42676,7.07489,7.22699,0,0
CBF_PB,D,20200722,000000,7.36016,7.36016,7.02733,7.24602,0,0
CBF_PB,D,20200723,000000,7.24602,7.37919,7.17953,7.17953,0,0
CBF_PB,D,20200724,000000,7.33163,7.33163,6.94173,6.98928,0,0
CBF_PB,D,20200727,000000,7.02733,7.33163,6.94173,7.27466,0,0
CBF_PB,D,20200728,000000,7.24602,7.24602,7.07489,7.07489,0,0
CBF_PB,D,20200729,000000,6.98928,7.29368,6.96084,7.17953,0,0
CBF_PB,D,20200730,000000,7.36016,7.42676,6.1525,6.47581,0,0
CBF_PB,D,20200731,000000,6.40923,7.14148,6.40923,7.14148,0,0
CBF_PB,D,20200803,000000,7.04636,7.37919,7.04636,7.36016,0,0
CBF_PB,D,20200804,000000,7.44578,7.66446,7.42676,7.46481,0,0
CBF_PB,D,20200805,000000,7.64544,7.75007,7.42676,7.42676,0,0
CBF_PB,D,20200806,000000,7.46481,7.46481,7.14148,7.24602,0,0
CBF_PB,D,20200807,000000,7.42676,7.42676,7.02733,7.02733,0,0
CBF_PB,D,20200810,000000,7.07489,7.24602,7.07489,7.16051,0,0
CBF_PB,D,20200811,000000,7.20797,7.20797,7.02733,7.04636,0,0
CBF_PB,D,20200812,000000,7.07489,7.07489,6.78963,6.96084,0,0
CBF_PB,D,20200813,000000,6.94173,7.16051,6.94173,6.98928,0,0
CBF_PB,D,20200814,000000,6.94173,7.16051,6.94173,7.11294,0,0
CBF_PB,D,20200817,000000,7.11294,7.36016,7.11294,7.36016,0,0
CBF_PB,D,20200818,000000,7.46481,7.64544,6.53289,6.53289,0,0
CBF_PB,D,20200819,000000,6.49484,6.63753,6.37118,6.55191,0,0
CBF_PB,D,20200820,000000,6.65655,6.75158,6.42826,6.75158,0,0
CBF_PB,D,20200821,000000,6.75158,6.89416,6.67548,6.73255,0,0
CBF_PB,D,20200824,000000,6.78963,6.97987,6.65655,6.97987,0,0
CBF_PB,D,20200825,000000,6.97987,6.9988,6.71353,6.71353,0,0
CBF_PB,D,20200826,000000,6.73255,6.83718,6.63753,6.83718,0,0
CBF_PB,D,20200827,000000,6.81816,6.81816,6.65655,6.73255,0,0
CBF_PB,D,20200828,000000,6.83718,6.83718,6.53289,6.67548,0,0
CBF_PB,D,20200831,000000,6.67548,6.71353,6.53289,6.65655,0,0
CBF_PB,D,20200901,000000,6.71353,6.71353,6.2286,6.2286,0,0
CBF_PB,D,20200902,000000,6.2286,6.51386,6.2286,6.49484,0,0
CBF_PB,D,20200903,000000,6.53289,6.6945,6.49484,6.58986,0,0
CBF_PB,D,20200904,000000,6.49484,6.7706,6.35225,6.58986,0,0
CBF_PB,D,20200907,000000,6.53289,6.63753,6.51386,6.58986,0,0
CBF_PB,D,20200908,000000,6.49484,6.57084,6.02893,6.2286,0,0
CBF_PB,D,20200909,000000,6.33323,6.39021,6.2286,6.39021,0,0
CBF_PB,D,20200910,000000,6.42826,6.60889,6.31421,6.60889,0,0
CBF_PB,D,20200911,000000,6.63753,6.73255,6.60889,6.71353,0,0
CBF_PB,D,20200914,000000,6.73255,6.85621,6.55191,6.85621,0,0
CBF_PB,D,20200915,000000,6.85621,6.85621,6.58986,6.58986,0,0
CBF_PB,D,20200916,000000,6.71353,6.71353,6.51386,6.63753,0,0
CBF_PB,D,20200917,000000,6.57084,6.57084,6.47581,6.51386,0,0
CBF_PB,D,20200918,000000,6.45679,6.63753,6.2286,6.35225,0,0
CBF_PB,D,20200921,000000,6.33323,6.42826,6.02893,6.02893,0,0
CBF_PB,D,20200922,000000,6.09543,6.27606,6.09543,6.27606,0,0
CBF_PB,D,20200923,000000,6.39021,6.42826,6.29508,6.29508,0,0
CBF_PB,D,20200924,000000,6.2286,6.2286,6.02893,6.1525,0,0
CBF_PB,D,20200925,000000,6.1525,6.45679,6.1525,6.40923,0,0
CBF_PB,D,20200928,000000,6.55648,6.5757,6.45087,6.48931,0,0
CBF_PB,D,20200929,000000,6.5757,6.5757,6.35487,6.35487,0,0
CBF_PB,D,20200930,000000,6.39332,6.47009,6.28771,6.30692,0,0
CBF_PB,D,20201001,000000,6.39332,6.39332,6.28771,6.28771,0,0
CBF_PB,D,20201002,000000,6.28771,6.35487,6.19171,6.21093,0,0
CBF_PB,D,20201005,000000,6.26849,6.45087,6.26849,6.37409,0,0
CBF_PB,D,20201006,000000,6.41253,6.45087,6.39332,6.41253,0,0
CBF_PB,D,20201007,000000,6.39332,6.39332,6.35487,6.35487,0,0
CBF_PB,D,20201008,000000,6.35487,6.45087,6.35487,6.39332,0,0
CBF_PB,D,20201009,000000,6.35487,6.35487,6.19171,6.19171,0,0
CBF_PB,D,20201012,000000,6.19171,6.19171,6.08611,6.19171,0,0
CBF_PB,D,20201013,000000,6.08611,6.24927,5.99011,5.99011,0,0
CBF_PB,D,20201014,000000,6.04767,6.12454,5.99011,6.08611,0,0
CBF_PB,D,20201015,000000,6.17249,6.17249,5.82694,5.86529,0,0
CBF_PB,D,20201016,000000,5.8845,6.26849,5.84616,6.24927,0,0
CBF_PB,D,20201019,000000,6.24927,6.65247,6.21093,6.59491,0,0
CBF_PB,D,20201020,000000,6.59491,6.59491,6.39332,6.43165,0,0
CBF_PB,D,20201021,000000,6.59491,6.67169,6.48931,6.65247,0,0
CBF_PB,D,20201022,000000,6.63326,6.63326,6.43165,6.51804,0,0
CBF_PB,D,20201023,000000,6.45087,6.59491,6.39332,6.39332,0,0
CBF_PB,D,20201026,000000,6.45087,6.45087,6.28771,6.30692,0,0
CBF_PB,D,20201027,000000,6.39332,6.45087,6.30692,6.30692,0,0
CBF_PB,D,20201028,000000,6.30692,6.35487,6.23014,6.24927,0,0
CBF_PB,D,20201029,000000,6.19171,6.48931,6.19171,6.47009,0,0
CBF_PB,D,20201030,000000,6.47009,6.47009,6.17249,6.21093,0,0
CBF_PB,D,20201102,000000,6.10533,6.47009,6.10533,6.47009,0,0
CBF_PB,D,20201103,000000,6.47009,6.47009,6.19171,6.23014,0,0
CBF_PB,D,20201104,000000,6.23014,6.26849,6.17249,6.23014,0,0
CBF_PB,D,20201105,000000,6.28771,6.37409,6.23014,6.30692,0,0
CBF_PB,D,20201106,000000,6.37409,6.37409,6.21093,6.33565,0,0
CBF_PB,D,20201109,000000,6.33565,6.33565,6.17249,6.23014,0,0
CBF_PB,D,20201110,000000,6.28771,6.28771,6.15328,6.19171,0,0
CBF_PB,D,20201112,000000,6.19171,6.45087,6.19171,6.28771,0,0
CBF_PB,D,20201113,000000,6.28771,6.39332,6.21093,6.39332,0,0
CBF_PB,D,20201116,000000,6.41253,6.48931,6.28771,6.39332,0,0
CBF_PB,D,20201117,000000,6.67169,6.67169,6.26849,6.26849,0,0
CBF_PB,D,20201118,000000,6.32605,6.3837,6.24927,6.32605,0,0
CBF_PB,D,20201119,000000,6.34527,6.36449,6.13415,6.19171,0,0
CBF_PB,D,20201120,000000,6.19171,6.34527,6.13415,6.32605,0,0
CBF_PB,D,20201123,000000,6.30692,6.3837,6.15328,6.3837,0,0
CBF_PB,D,20201124,000000,6.41253,6.41253,6.26849,6.26849,0,0
CBF_PB,D,20201125,000000,6.3837,6.3837,6.15328,6.15328,0,0
CBF_PB,D,20201126,000000,6.23014,6.3837,6.23014,6.3837,0,0
CBF_PB,D,20201127,000000,6.36449,6.47009,6.36449,6.45087,0,0
CBF_PB,D,20201130,000000,6.43165,6.50853,6.26849,6.34527,0,0
CBF_PB,D,20201201,000000,6.26849,6.32605,6.23014,6.23014,0,0
CBF_PB,D,20201202,000000,6.32605,6.41253,6.24927,6.41253,0,0
CBF_PB,D,20201203,000000,6.41253,6.41253,6.23014,6.23014,0,0
CBF_PB,D,20201204,000000,6.34527,6.66208,6.32605,6.66208,0,0
CBF_PB,D,20201207,000000,6.62364,6.64286,6.54686,6.62364,0,0
CBF_PB,D,20201208,000000,6.64286,6.81564,6.62364,6.81564,0,0
CBF_PB,D,20201209,000000,6.81564,6.81564,6.71964,6.81564,0,0
CBF_PB,D,20201210,000000,6.75807,6.81564,6.60453,6.60453,0,0
CBF_PB,D,20201211,000000,6.60453,6.60453,6.47009,6.60453,0,0
CBF_PB,D,20201214,000000,6.52765,6.62364,6.48931,6.62364,0,0
CBF_PB,D,20201215,000000,6.60453,6.62364,6.54686,6.58531,0,0
CBF_PB,D,20201216,000000,6.64286,6.64286,6.48931,6.54686,0,0
CBF_PB,D,20201217,000000,6.62364,6.70052,6.56608,6.66208,0,0
CBF_PB,D,20201218,000000,6.68131,6.68131,6.45087,6.50853,0,0
CBF_PB,D,20201221,000000,6.54686,6.54686,6.21093,6.28771,0,0
CBF_PB,D,20201222,000000,6.24927,6.47009,6.24927,6.36449,0,0
CBF_PB,D,20201223,000000,6.32605,6.43165,6.32605,6.32605,0,0
CBF_PB,D,20201228,000000,6.32605,6.60453,6.30692,6.50853,0,0
CBF_PB,D,20201229,000000,6.58531,6.71964,6.52765,6.70052,0,0
CBF_PB,D,20201230,000000,6.7773,6.7773,6.66208,6.75807,0,0
CBF_PB,D,20210104,000000,6.8733,7.11324,6.81564,7.04606,0,0
CBF_PB,D,20210105,000000,7.04606,7.30523,7.04606,7.19001,0,0
CBF_PB,D,20210107,000000,7.19001,7.22845,7.09401,7.09401,0,0
CBF_PB,D,20210108,000000,7.17089,7.32445,7.09401,7.20924,0,0
CBF_PB,D,20210111,000000,7.32445,7.49723,7.32445,7.40123,0,0
CBF_PB,D,20210112,000000,7.42045,7.65087,7.42045,7.49723,0,0
CBF_PB,D,20210113,000000,7.59322,7.63166,7.24767,7.30523,0,0
CBF_PB,D,20210114,000000,7.40123,7.42045,7.34367,7.40123,0,0
CBF_PB,D,20210115,000000,7.40123,7.40123,7.26689,7.32445,0,0
CBF_PB,D,20210118,000000,7.30523,7.40123,7.28601,7.32445,0,0
CBF_PB,D,20210119,000000,7.36288,7.36288,7.20924,7.24767,0,0
CBF_PB,D,20210120,000000,7.30523,7.34367,7.24767,7.24767,0,0
CBF_PB,D,20210121,000000,7.30523,7.30523,7.20924,7.28601,0,0
CBF_PB,D,20210122,000000,7.28601,7.30523,7.17089,7.20924,0,0
CBF_PB,D,20210125,000000,7.20924,7.20924,6.96929,6.98851,0,0
CBF_PB,D,20210126,000000,6.98851,7.19001,6.98851,7.15167,0,0
CBF_PB,D,20210127,000000,7.19001,7.19001,6.91163,6.96929,0,0
CBF_PB,D,20210128,000000,6.96929,6.98851,6.81564,6.98851,0,0
CBF_PB,D,20210129,000000,6.98851,6.98851,6.93085,6.98851,0,0
CBF_PB,D,20210201,000000,6.98851,6.98851,6.83485,6.91163,0,0
CBF_PB,D,20210202,000000,6.89251,6.96929,6.81564,6.96929,0,0
CBF_PB,D,20210203,000000,6.91163,6.96929,6.8733,6.91163,0,0
CBF_PB,D,20210204,000000,6.91163,6.96929,6.83485,6.95007,0,0
CBF_PB,D,20210205,000000,6.95007,7.11324,6.93085,7.11324,0,0
CBF_PB,D,20210208,000000,7.04606,7.40123,7.04606,7.40123,0,0
CBF_PB,D,20210209,000000,7.382,7.51644,7.32445,7.49723,0,0
CBF_PB,D,20210210,000000,7.51644,7.57399,7.43966,7.43966,0,0
CBF_PB,D,20210211,000000,7.79482,8.12124,7.79482,8.04437,0,0
CBF_PB,D,20210212,000000,8.06359,8.06359,7.79482,7.96759,0,0
CBF_PB,D,20210215,000000,7.98681,8.62996,7.98681,8.5724,0,0
CBF_PB,D,20210216,000000,8.5724,9.15798,8.5724,8.95638,0,0
CBF_PB,D,20210217,000000,8.95638,9.29193,8.72595,9.15798,0,0
CBF_PB,D,20210218,000000,9.11955,9.11955,8.86038,8.86038,0,0
CBF_PB,D,20210219,000000,8.78361,8.86038,8.49562,8.5724,0,0
CBF_PB,D,20210222,000000,8.5724,8.5724,8.33236,8.53396,0,0
CBF_PB,D,20210223,000000,8.53396,8.55318,8.10202,8.25558,0,0
CBF_PB,D,20210224,000000,8.1788,8.40923,8.1788,8.29402,0,0
CBF_PB,D,20210225,000000,8.33236,8.76439,8.33236,8.5724,0,0
CBF_PB,D,20210226,000000,8.5724,8.68762,8.45718,8.5724,0,0
CBF_PB,D,20210301,000000,8.61074,8.61074,8.51474,8.51474,0,0
CBF_PB,D,20210302,000000,8.5724,8.74517,8.51474,8.53396,0,0
CBF_PB,D,20210303,000000,8.53396,8.6684,8.45718,8.49562,0,0
CBF_PB,D,20210304,000000,8.49562,8.51474,8.39001,8.45718,0,0
CBF_PB,D,20210305,000000,8.53396,8.53396,8.39001,8.53396,0,0
CBF_PB,D,20210308,000000,8.39001,8.53396,8.3708,8.47641,0,0
CBF_PB,D,20210309,000000,8.3708,8.53396,8.3708,8.49562,0,0
CBF_PB,D,20210310,000000,8.53396,8.99472,8.40923,8.99472,0,0
CBF_PB,D,20210311,000000,8.97561,9.1772,8.97561,9.1772,0,0
CBF_PB,D,20210312,000000,9.1772,9.54236,9.1772,9.50354,0,0
CBF_PB,D,20210315,000000,9.59962,9.59962,9.05238,9.15798,0,0
CBF_PB,D,20210316,000000,9.10033,9.55109,8.86038,9.55109,0,0
CBF_PB,D,20210317,000000,9.60933,9.64719,9.35018,9.44626,0,0
CBF_PB,D,20210318,000000,9.62875,9.62875,9.38803,9.42686,0,0
CBF_PB,D,20210319,000000,9.42686,9.55109,9.26378,9.31135,0,0
CBF_PB,D,20210322,000000,9.31135,9.48412,9.26378,9.35018,0,0
CBF_PB,D,20210323,000000,9.35018,9.53265,9.26378,9.42686,0,0
CBF_PB,D,20210324,000000,9.42686,9.42686,9.24437,9.40744,0,0
CBF_PB,D,20210325,000000,9.33076,9.40744,9.04277,9.09072,0,0
CBF_PB,D,20210326,000000,9.09072,9.31135,9.09072,9.31135,0,0
CBF_PB,D,20210329,000000,9.57051,9.75298,9.53265,9.75298,0,0
CBF_PB,D,20210330,000000,9.79181,9.88795,9.72387,9.88795,0,0
CBF_PB,D,20210331,000000,9.92581,10.3101,9.84908,10.0316,0,0
CBF_PB,D,20210401,000000,10.1471,10.1471,9.88795,10.0316,0,0
CBF_PB,D,20210406,000000,10.0316,10.2519,9.98398,10.1655,0,0
CBF_PB,D,20210407,000000,10.2519,10.3296,9.82966,9.83938,0,0
CBF_PB,D,20210408,000000,10.0316,10.2334,9.98398,10.0509,0,0
CBF_PB,D,20210409,000000,10.1471,10.348,10.0509,10.2334,0,0
CBF_PB,D,20210412,000000,10.5498,10.6266,10.2519,10.6266,0,0
CBF_PB,D,20210413,000000,10.6266,10.6266,10.2334,10.3869,0,0
CBF_PB,D,20210414,000000,10.4062,11.174,10.4062,10.8479,0,0
CBF_PB,D,20210415,000000,10.8285,11.4526,10.8285,11.3371,0,0
CBF_PB,D,20210416,000000,11.5574,11.5574,11.2313,11.4332,0,0
CBF_PB,D,20210419,000000,11.539,11.635,11.1546,11.1934,0,0
CBF_PB,D,20210420,000000,11.2118,11.2118,10.4344,10.7896,0,0
CBF_PB,D,20210421,000000,10.8285,10.8285,10.5305,10.8285,0,0
CBF_PB,D,20210422,000000,11.1351,11.4138,11.1351,11.3943,0,0
CBF_PB,D,20210423,000000,11.3943,11.6156,11.2313,11.4332,0,0
CBF_PB,D,20210426,000000,11.635,11.7302,11.4526,11.635,0,0
CBF_PB,D,20210427,000000,11.6535,12.3737,11.6535,12.0379,0,0
CBF_PB,D,20210428,000000,12.1145,12.2582,11.7787,11.836,0,0
CBF_PB,D,20210429,000000,11.7593,11.7593,11.3943,11.635,0,0
CBF_PB,D,20210430,000000,11.6535,11.7302,11.5098,11.6923,0,0
CBF_PB,D,20210504,000000,11.539,11.539,11.3565,11.4138,0,0
CBF_PB,D,20210505,000000,11.5098,11.539,11.2701,11.4332,0,0
CBF_PB,D,20210506,000000,11.5098,11.6535,10.9721,11.2895,0,0
CBF_PB,D,20210507,000000,11.2313,11.4138,11.0303,11.2313,0,0
CBF_PB,D,20210510,000000,11.2313,11.2313,10.7129,10.7896,0,0
CBF_PB,D,20210511,000000,10.7324,10.7896,10.3674,10.7324,0,0
CBF_PB,D,20210512,000000,10.7702,10.8285,10.5305,10.6071,0,0
CBF_PB,D,20210513,000000,10.6071,11.1167,10.4732,11.0974,0,0
CBF_PB,D,20210514,000000,11.0682,11.0682,10.7896,10.9916,0,0
CBF_PB,D,20210517,000000,10.7518,10.9916,10.7518,10.9916,0,0
CBF_PB,D,20210518,000000,11.0303,11.0682,10.6556,10.6751,0,0
CBF_PB,D,20210519,000000,10.6751,10.7129,10.4344,10.6266,0,0
CBF_PB,D,20210520,000000,10.6266,10.7324,10.4732,10.7129,0,0
CBF_PB,D,20210521,000000,10.7129,10.7129,10.5111,10.5498,0,0
CBF_PB,D,20210524,000000,10.5498,10.5498,10.1276,10.5111,0,0
CBF_PB,D,20210525,000000,10.6266,10.9527,10.6266,10.9527,0,0
CBF_PB,D,20210526,000000,11.1546,11.1546,10.0218,10.0218,0,0
CBF_PB,D,20210527,000000,10.0218,10.0218,9.6569,9.80152,0,0
CBF_PB,D,20210528,000000,10.0024,10.0024,9.83938,9.86852,0,0
CBF_PB,D,20210531,000000,9.86852,10.0888,9.80152,9.80152,0,0
CBF_PB,D,20210601,000000,9.80152,9.81996,9.6569,9.7627,0,0
CBF_PB,D,20210602,000000,9.6569,9.90638,9.6569,9.74328,0,0
CBF_PB,D,20210604,000000,9.90638,10.2044,9.72387,10.2044,0,0
CBF_PB,D,20210607,000000,10.2044,10.2044,9.92581,10.0218,0,0
CBF_PB,D,20210608,000000,10.0024,10.1082,9.98398,9.98398,0,0
CBF_PB,D,20210609,000000,10.0888,10.0888,9.94513,10.0218,0,0
CBF_PB,D,20210610,000000,10.0704,10.0704,9.83938,9.92581,0,0
CBF_PB,D,20210611,000000,9.94908,10.0753,9.94908,9.94908,0,0
CBF_PB,D,20210614,000000,9.99759,10.0559,9.97816,9.97816,0,0
CBF_PB,D,20210615,000000,10.114,10.1335,9.97816,10.0559,0,0
CBF_PB,D,20210616,000000,10.0753,10.5023,10.0753,10.2791,0,0
CBF_PB,D,20210617,000000,10.2791,10.347,9.94908,10.0753,0,0
CBF_PB,D,20210618,000000,10.0753,10.1335,9.66757,9.87138,0,0
CBF_PB,D,20210621,000000,9.852,9.87138,9.68698,9.72581,0,0
CBF_PB,D,20210622,000000,9.59962,9.64816,9.50256,9.58022,0,0
CBF_PB,D,20210623,000000,9.72581,9.87138,9.62875,9.72581,0,0
CBF_PB,D,20210624,000000,9.76464,9.89081,9.76464,9.76464,0,0
CBF_PB,D,20210625,000000,9.91023,9.97816,9.76464,9.79375,0,0
CBF_PB,D,20210628,000000,10.0753,10.0753,9.83258,9.92965,0,0
CBF_PB,D,20210629,000000,10.0364,10.0559,9.78405,9.78405,0,0
CBF_PB,D,20210630,000000,9.91023,10.0364,9.43462,10.0364,0,0
CBF_PB,D,20210701,000000,9.78405,10.0364,9.58022,9.59962,0,0
CBF_PB,D,20210702,000000,9.60933,9.76464,9.60933,9.76464,0,0
CBF_PB,D,20210705,000000,9.66757,9.91023,9.66757,9.852,0,0
CBF_PB,D,20210706,000000,9.852,9.852,9.58022,9.58022,0,0
CBF_PB,D,20210707,000000,9.58022,9.76464,9.50256,9.50256,0,0
CBF_PB,D,20210708,000000,9.5608,9.5608,9.23078,9.27931,0,0
CBF_PB,D,20210709,000000,9.27931,9.37638,9.2502,9.31814,0,0
CBF_PB,D,20210712,000000,9.27931,9.68698,9.2502,9.66757,0,0
CBF_PB,D,20210713,000000,9.66757,9.72581,9.46373,9.58022,0,0
CBF_PB,D,20210714,000000,9.50256,9.79375,9.50256,9.76464,0,0
CBF_PB,D,20210715,000000,9.79375,9.92965,9.76464,9.76464,0,0
CBF_PB,D,20210716,000000,9.76464,9.87138,9.76464,9.852,0,0
CBF_PB,D,20210719,000000,9.76464,9.87138,9.59962,9.60933,0,0
CBF_PB,D,20210720,000000,9.7064,9.7064,9.39579,9.4152,0,0
CBF_PB,D,20210721,000000,9.4152,9.66757,9.4152,9.66757,0,0
CBF_PB,D,20210722,000000,9.72581,9.852,9.58022,9.58022,0,0
CBF_PB,D,20210723,000000,9.58022,9.78405,9.46373,9.46373,0,0
CBF_PB,D,20210726,000000,9.66757,9.66757,9.46373,9.50256,0,0
CBF_PB,D,20210727,000000,9.50256,9.50256,9.33755,9.37638,0,0
CBF_PB,D,20210728,000000,9.39579,9.60933,9.39579,9.4152,0,0
CBF_PB,D,20210729,000000,9.5608,9.5608,9.39579,9.50256,0,0
CBF_PB,D,20210730,000000,9.52197,9.58022,9.31814,9.39579,0,0
CBF_PB,D,20210802,000000,9.39579,9.58022,9.39579,9.46373,0,0
CBF_PB,D,20210803,000000,9.35697,9.54139,9.33755,9.39579,0,0
CBF_PB,D,20210804,000000,9.58022,9.58022,9.37638,9.39579,0,0
CBF_PB,D,20210805,000000,9.48315,9.64816,9.39579,9.60933,0,0
CBF_PB,D,20210806,000000,9.60933,9.94908,9.4152,9.52197,0,0
CBF_PB,D,20210809,000000,9.76464,9.852,9.60933,9.62875,0,0
CBF_PB,D,20210810,000000,9.83258,9.83258,9.54139,9.58022,0,0
CBF_PB,D,20210811,000000,9.58022,9.79375,9.58022,9.68698,0,0
CBF_PB,D,20210812,000000,9.79375,9.79375,9.60933,9.66757,0,0
CBF_PB,D,20210813,000000,9.60933,9.79375,9.58022,9.78405,0,0
CBF_PB,D,20210816,000000,9.78405,9.78405,9.50256,9.60933,0,0
CBF_PB,D,20210817,000000,9.59962,9.59962,9.39579,9.54139,0,0
CBF_PB,D,20210818,000000,9.43462,9.58022,9.43462,9.58022,0,0
CBF_PB,D,20210819,000000,9.59962,9.79375,9.59962,9.76464,0,0
CBF_PB,D,20210820,000000,9.7064,9.76464,9.60933,9.64816,0,0
CBF_PB,D,20210823,000000,9.64816,9.87138,9.64816,9.76464,0,0
CBF_PB,D,20210824,000000,9.81317,9.83258,9.58022,9.58022,0,0
CBF_PB,D,20210825,000000,9.68698,9.68698,9.31814,9.35697,0,0
CBF_PB,D,20210826,000000,9.54139,9.54139,9.35697,9.37638,0,0
CBF_PB,D,20210827,000000,9.39579,9.52197,9.39579,9.4152,0,0
CBF_PB,D,20210830,000000,9.46373,9.64816,9.46373,9.59962,0,0
CBF_PB,D,20210831,000000,9.64816,9.66757,9.48315,9.59962,0,0
CBF_PB,D,20210901,000000,9.62875,9.62875,4.29993,4.29993,0,0
CBF_PB,D,20210902,000000,4.30964,4.47465,4.30964,4.42612,0,0
CBF_PB,D,20210903,000000,4.42612,4.61054,4.41641,4.60083,0,0
CBF_PB,D,20210906,000000,4.63966,4.72701,4.57171,4.64937,0,0
CBF_PB,D,20210907,000000,4.64937,4.64937,4.56201,4.59113,0,0
CBF_PB,D,20210908,000000,4.57171,4.64937,4.56201,4.64937,0,0
CBF_PB,D,20210909,000000,4.65907,4.65907,4.43582,4.47465,0,0
CBF_PB,D,20210910,000000,4.44553,4.47465,4.39699,4.39699,0,0
CBF_PB,D,20210913,000000,4.46494,4.46494,4.41641,4.42612,0,0
CBF_PB,D,20210914,000000,4.47465,4.47465,4.42612,4.42612,0,0
CBF_PB,D,20210915,000000,4.45524,4.45524,4.30964,4.35817,0,0
CBF_PB,D,20210916,000000,4.35817,4.35817,4.20287,4.29993,0,0
CBF_PB,D,20210917,000000,4.23199,4.29993,4.23199,4.28052,0,0
CBF_PB,D,20210920,000000,4.21257,4.21257,4.06698,4.15434,0,0
CBF_PB,D,20210921,000000,4.14463,4.14463,3.96021,4.04757,0,0
CBF_PB,D,20210922,000000,4.04757,4.06698,3.99904,4.02815,0,0
CBF_PB,D,20210923,000000,4.03786,4.19317,4.01845,4.19317,0,0
CBF_PB,D,20210924,000000,4.19317,4.30964,4.19317,4.26111,0,0
CBF_PB,D,20210927,000000,4.26111,4.27082,4.19317,4.2417,0,0
CBF_PB,D,20210928,000000,4.2417,4.39699,4.2417,4.38729,0,0
CBF_PB,D,20210929,000000,4.41641,4.44553,4.38729,4.43582,0,0
CBF_PB,D,20210930,000000,4.46494,4.5523,4.29023,4.41641,0,0
CBF_PB,D,20211001,000000,4.43582,4.52318,4.43582,4.50377,0,0
CBF_PB,D,20211004,000000,4.50377,4.5523,4.47465,4.51348,0,0
CBF_PB,D,20211005,000000,4.52318,4.5523,4.48435,4.48435,0,0
CBF_PB,D,20211006,000000,4.48435,4.51348,4.42612,4.45524,0,0
CBF_PB,D,20211007,000000,4.46494,4.52318,4.46494,4.50377,0,0
CBF_PB,D,20211008,000000,4.47465,4.48435,4.42612,4.43582,0,0
CBF_PB,D,20211011,000000,4.47465,4.52318,4.43582,4.49406,0,0
CBF_PB,D,20211012,000000,4.54259,4.57171,4.49406,4.52318,0,0
CBF_PB,D,20211013,000000,4.56201,4.56201,4.43582,4.44553,0,0
CBF_PB,D,20211014,000000,4.46494,4.5523,4.44553,4.52318,0,0
CBF_PB,D,20211015,000000,4.5523,4.5523,4.46494,4.47465,0,0
CBF_PB,D,20211018,000000,4.5523,4.56201,4.42612,4.42612,0,0
CBF_PB,D,20211019,000000,4.41641,4.41641,4.31935,4.31935,0,0
CBF_PB,D,20211020,000000,4.35817,4.35817,4.28052,4.28052,0,0
CBF_PB,D,20211021,000000,4.27082,4.39699,4.26111,4.35817,0,0
CBF_PB,D,20211022,000000,4.35817,4.35817,4.30964,4.33876,0,0
CBF_PB,D,20211025,000000,4.33876,4.43582,4.26111,4.43582,0,0
CBF_PB,D,20211026,000000,4.43582,4.46494,4.39699,4.43582,0,0
CBF_PB,D,20211027,000000,4.43582,4.43582,4.35817,4.37759,0,0
CBF_PB,D,20211028,000000,4.37759,4.37759,4.30964,4.30964,0,0
CBF_PB,D,20211029,000000,4.38729,4.41641,4.32906,4.33876,0,0
CBF_PB,D,20211102,000000,4.33876,4.38729,4.30964,4.33876,0,0
CBF_PB,D,20211103,000000,4.39699,4.39699,4.32906,4.32906,0,0
CBF_PB,D,20211104,000000,4.31935,4.43582,4.28052,4.35817,0,0
CBF_PB,D,20211105,000000,4.39699,4.39699,4.30964,4.32906,0,0
CBF_PB,D,20211108,000000,4.38729,4.38729,4.30964,4.34846,0,0
CBF_PB,D,20211109,000000,4.38729,4.38729,4.30964,4.30964,0,0
CBF_PB,D,20211110,000000,4.39699,4.39699,4.30964,4.37759,0,0
CBF_PB,D,20211112,000000,4.34846,4.39699,4.34846,4.39699,0,0
CBF_PB,D,20211115,000000,4.38729,4.44553,4.35817,4.39699,0,0
CBF_PB,D,20211116,000000,4.39699,4.41641,4.34846,4.41641,0,0
CBF_PB,D,20211117,000000,4.37759,4.37759,4.28052,4.36788,0,0
CBF_PB,D,20211118,000000,4.35817,4.36788,4.14463,4.14463,0,0
CBF_PB,D,20211119,000000,4.10581,4.12522,4.00874,4.00874,0,0
CBF_PB,D,20211122,000000,4.00874,4.00874,3.7855,3.92139,0,0
CBF_PB,D,20211123,000000,3.91168,4.05728,3.91168,4.00874,0,0
CBF_PB,D,20211124,000000,4.00874,4.11551,4.00874,4.0961,0,0
CBF_PB,D,20211125,000000,4.10581,4.10581,4.05728,4.0961,0,0
CBF_PB,D,20211126,000000,4.05728,4.05728,3.87285,3.96021,0,0
CBF_PB,D,20211129,000000,3.97962,4.04757,3.86315,4.04757,0,0
CBF_PB,D,20211130,000000,3.97962,4.16404,3.90197,4.16404,0,0
CBF_PB,D,20211201,000000,4.17375,4.19317,4.06698,4.11551,0,0
CBF_PB,D,20211202,000000,4.22228,4.22228,4.05728,4.05728,0,0
CBF_PB,D,20211203,000000,4.05728,4.05728,3.94079,3.96992,0,0
CBF_PB,D,20211206,000000,3.96992,4.00874,3.82432,3.82432,0,0
CBF_PB,D,20211207,000000,3.82432,3.89226,3.82432,3.83403,0,0
CBF_PB,D,20211208,000000,3.86315,3.89226,3.84373,3.84373,0,0
CBF_PB,D,20211209,000000,3.86315,3.87285,3.7855,3.86315,0,0
CBF_PB,D,20211210,000000,3.90197,3.90197,3.8049,3.8049,0,0
CBF_PB,D,20211213,000000,3.82432,3.82432,3.73696,3.82432,0,0
CBF_PB,D,20211214,000000,3.82432,3.82432,3.66901,3.72726,0,0
CBF_PB,D,20211215,000000,3.66901,3.70784,3.53312,3.61078,0,0
CBF_PB,D,20211216,000000,3.58166,3.72726,3.51372,3.72726,0,0
CBF_PB,D,20211217,000000,3.71755,3.81462,3.65931,3.81462,0,0
CBF_PB,D,20211220,000000,3.81462,3.91168,3.75637,3.82432,0,0
CBF_PB,D,20211221,000000,3.81462,3.97962,3.81462,3.97962,0,0
CBF_PB,D,20211222,000000,3.97962,4.12522,3.97962,4.12522,0,0
CBF_PB,D,20211223,000000,4.0961,4.16404,3.90197,4.16404,0,0
CBF_PB,D,20211227,000000,4.16404,4.16404,4.03786,4.16404,0,0
CBF_PB,D,20211228,000000,4.14463,4.14463,3.97962,3.97962,0,0
CBF_PB,D,20211229,000000,3.96021,4.05728,3.96021,4.04757,0,0
CBF_PB,D,20211230,000000,4.05728,4.05728,3.94079,4.05728,0,0
CBF_PB,D,20220103,000000,4.14463,4.22228,4.10581,4.14463,0,0
CBF_PB,D,20220104,000000,4.14463,4.2514,4.14463,4.15434,0,0
CBF_PB,D,20220105,000000,4.18346,4.22228,4.07668,4.14463,0,0
CBF_PB,D,20220107,000000,4.14463,4.14463,4.06698,4.14463,0,0
CBF_PB,D,20220110,000000,4.14463,4.14463,3.98933,4.05728,0,0
CBF_PB,D,20220111,000000,4.05728,4.05728,3.98933,3.98933,0,0
CBF_PB,D,20220112,000000,3.97962,4.05728,3.92139,4.05728,0,0
CBF_PB,D,20220113,000000,4.05728,4.12522,3.98933,4.12522,0,0
CBF_PB,D,20220114,000000,4.12522,4.12522,3.94079,4.0961,0,0
CBF_PB,D,20220117,000000,4.0961,4.0961,4.03786,4.05728,0,0
CBF_PB,D,20220118,000000,4.05728,4.07668,4.00874,4.05728,0,0
CBF_PB,D,20220119,000000,4.0961,4.0961,3.98933,3.98933,0,0
CBF_PB,D,20220120,000000,4.05728,4.05728,3.94079,4.01845,0,0
CBF_PB,D,20220121,000000,3.98933,3.98933,3.90197,3.92139,0,0
CBF_PB,D,20220124,000000,3.93109,3.97962,3.63019,3.88256,0,0
CBF_PB,D,20220125,000000,3.82432,3.82432,3.70784,3.7952,0,0
CBF_PB,D,20220126,000000,3.71755,3.90197,3.71755,3.90197,0,0
CBF_PB,D,20220127,000000,3.82432,3.90197,3.75637,3.7855,0,0
CBF_PB,D,20220128,000000,3.7855,3.7855,3.63019,3.65931,0,0
CBF_PB,D,20220131,000000,3.74667,3.74667,3.62048,3.65931,0,0
CBF_PB,D,20220201,000000,3.69814,3.69814,3.65931,3.65931,0,0
CBF_PB,D,20220202,000000,3.69814,3.69814,3.64961,3.64961,0,0
CBF_PB,D,20220203,000000,3.65931,3.69814,3.64961,3.68843,0,0
CBF_PB,D,20220204,000000,3.68843,3.68843,3.61078,3.63019,0,0
CBF_PB,D,20220207,000000,3.63019,3.63019,3.44577,3.46518,0,0
CBF_PB,D,20220208,000000,3.46518,3.58166,3.46518,3.58166,0,0
CBF_PB,D,20220209,000000,3.58166,3.58166,3.52342,3.57195,0,0
CBF_PB,D,20220210,000000,3.55254,3.56225,3.52342,3.53312,0,0
CBF_PB,D,20220211,000000,3.56225,3.56225,3.47489,3.51372,0,0
CBF_PB,D,20220214,000000,3.46518,3.46518,3.26135,3.35842,0,0
CBF_PB,D,20220215,000000,3.39723,3.56225,3.35842,3.52342,0,0
CBF_PB,D,20220216,000000,3.52342,3.52342,3.43606,3.50401,0,0
CBF_PB,D,20220217,000000,3.44577,3.51372,3.44577,3.44577,0,0
CBF_PB,D,20220218,000000,3.46518,3.50401,3.45548,3.50401,0,0
CBF_PB,D,20220221,000000,3.58166,3.58166,3.44577,3.50401,0,0
CBF_PB,D,20220222,000000,3.39723,3.4943,3.39723,3.4943,0,0
CBF_PB,D,20220223,000000,3.50401,3.73696,3.50401,3.50401,0,0
CBF_PB,D,20220224,000000,3.22253,3.3487,3.14487,3.26135,0,0
CBF_PB,D,20220225,000000,3.26135,3.54284,3.23223,3.48459,0,0
CBF_PB,D,20220228,000000,3.42636,3.74667,3.30988,3.56225,0,0
CBF_PB,D,20220301,000000,3.65931,3.65931,3.38753,3.50401,0,0
CBF_PB,D,20220302,000000,3.50401,3.50401,3.30988,3.3487,0,0
CBF_PB,D,20220303,000000,3.3487,3.42636,3.30988,3.41665,0,0
CBF_PB,D,20220304,000000,3.3293,3.42636,3.22253,3.30017,0,0
CBF_PB,D,20220307,000000,3.339,3.339,3.10605,3.16428,0,0
CBF_PB,D,20220308,000000,3.1837,3.1837,3.02839,3.03811,0,0
CBF_PB,D,20220309,000000,3.09634,3.339,3.06722,3.21281,0,0
CBF_PB,D,20220310,000000,3.339,3.3487,3.30988,3.30988,0,0
CBF_PB,D,20220311,000000,3.3487,3.65931,3.3487,3.65931,0,0
CBF_PB,D,20220314,000000,3.58166,3.6399,3.47489,3.48459,0,0
CBF_PB,D,20220315,000000,3.48459,3.63019,3.47489,3.63019,0,0
CBF_PB,D,20220316,000000,3.70784,3.70784,3.65931,3.69814,0,0
CBF_PB,D,20220317,000000,3.70784,3.70784,3.58166,3.65931,0,0
CBF_PB,D,20220318,000000,3.65931,3.65931,3.50401,3.56225,0,0
CBF_PB,D,20220321,000000,3.50401,3.56225,3.46518,3.56225,0,0
CBF_PB,D,20220322,000000,3.56225,3.62048,3.56225,3.56225,0,0
CBF_PB,D,20220323,000000,3.58166,3.58166,3.58166,3.58166,0,0
CBF_PB,D,20220324,000000,3.58166,3.65931,3.54284,3.65931,0,0
CBF_PB,D,20220325,000000,3.65931,3.65931,3.56225,3.65931,0,0
CBF_PB,D,20220328,000000,3.65931,3.65931,3.60107,3.65931,0,0
CBF_PB,D,20220329,000000,3.65931,3.69814,3.45548,3.45548,0,0
CBF_PB,D,20220330,000000,3.45548,3.61078,3.45548,3.60107,0,0
CBF_PB,D,20220331,000000,3.61078,3.69814,3.59137,3.64961,0,0
CBF_PB,D,20220401,000000,3.64961,3.69814,3.54284,3.55254,0,0
CBF_PB,D,20220404,000000,3.56225,3.56225,3.48459,3.48459,0,0
CBF_PB,D,20220405,000000,3.46518,3.48459,3.45548,3.48459,0,0
CBF_PB,D,20220406,000000,3.51372,3.6399,3.3487,3.37783,0,0
CBF_PB,D,20220407,000000,3.47489,3.47489,3.36812,3.47489,0,0
CBF_PB,D,20220408,000000,3.36812,3.47489,3.36812,3.39723,0,0
CBF_PB,D,20220411,000000,3.46518,3.46518,3.35842,3.35842,0,0
CBF_PB,D,20220412,000000,3.339,3.37783,3.31959,3.31959,0,0
CBF_PB,D,20220413,000000,3.38753,3.38753,3.30988,3.30988,0,0
CBF_PB,D,20220414,000000,3.30988,3.31959,3.29047,3.29047,0,0
CBF_PB,D,20220419,000000,3.35842,3.35842,3.20311,3.22253,0,0
CBF_PB,D,20220420,000000,3.25164,3.3487,3.22253,3.30017,0,0
CBF_PB,D,20220421,000000,3.3487,3.35842,3.21281,3.31959,0,0
CBF_PB,D,20220422,000000,3.31959,3.31959,3.17399,3.17399,0,0
CBF_PB,D,20220425,000000,3.10605,3.17399,3.09634,3.09634,0,0
CBF_PB,D,20220426,000000,3.17399,3.31959,3.08664,3.26135,0,0
CBF_PB,D,20220427,000000,3.20311,3.26135,3.01869,3.07692,0,0
CBF_PB,D,20220428,000000,3.07692,3.07692,3.01869,3.07692,0,0
CBF_PB,D,20220429,000000,3.07692,3.07692,2.96045,2.99928,0,0
CBF_PB,D,20220502,000000,3.03811,3.03811,2.84397,2.98957,0,0
CBF_PB,D,20220504,000000,2.98957,2.98957,2.8828,2.90222,0,0
CBF_PB,D,20220505,000000,2.97986,3.07692,2.94103,3.07692,0,0
CBF_PB,D,20220506,000000,3.03811,3.03811,2.95075,2.99928,0,0
CBF_PB,D,20220509,000000,2.95075,2.95075,2.80514,2.80514,0,0
CBF_PB,D,20220510,000000,2.86339,2.92163,2.81486,2.86339,0,0
CBF_PB,D,20220511,000000,2.86339,2.86339,2.80514,2.85368,0,0
CBF_PB,D,20220512,000000,2.86339,2.86339,2.71779,2.76633,0,0
CBF_PB,D,20220513,000000,2.76633,2.82456,2.76633,2.82456,0,0
CBF_PB,D,20220516,000000,2.8925,2.8925,2.77603,2.77603,0,0
CBF_PB,D,20220517,000000,2.86339,2.8925,2.86339,2.86339,0,0
CBF_PB,D,20220518,000000,2.92163,3.13517,2.92163,3.01869,0,0
CBF_PB,D,20220519,000000,2.91192,3.01869,2.79544,2.79544,0,0
CBF_PB,D,20220520,000000,2.84397,2.85368,2.82456,2.82456,0,0
CBF_PB,D,20220523,000000,2.80514,2.94103,2.79544,2.93133,0,0
CBF_PB,D,20220524,000000,2.94103,2.98957,2.93133,2.98957,0,0
CBF_PB,D,20220525,000000,2.97986,3.03811,2.97016,3.03811,0,0
CBF_PB,D,20220526,000000,3.01869,3.01869,2.80514,2.93133,0,0
CBF_PB,D,20220527,000000,2.93133,2.93133,2.84397,2.85368,0,0
CBF_PB,D,20220530,000000,2.85368,2.97016,2.85368,2.97016,0,0
CBF_PB,D,20220531,000000,3.02839,3.06722,2.97016,3.06722,0,0
CBF_PB,D,20220601,000000,3.06722,3.06722,2.99928,3.05752,0,0
CBF_PB,D,20220602,000000,3.06722,3.06722,2.95075,2.99928,0,0
CBF_PB,D,20220603,000000,3.06722,3.06722,2.99928,2.99928,0,0
CBF_PB,D,20220606,000000,3.04781,3.06722,3.04781,3.06722,0,0
CBF_PB,D,20220607,000000,3.13517,3.14487,3.06722,3.12546,0,0
CBF_PB,D,20220608,000000,3.12546,3.22253,3.02839,3.21281,0,0
CBF_PB,D,20220609,000000,3.30308,3.30308,3.08616,3.08616,0,0
CBF_PB,D,20220610,000000,3.08616,3.08616,2.9777,2.9777,0,0
CBF_PB,D,20220613,000000,2.9777,2.9777,2.79036,2.83966,0,0
CBF_PB,D,20220614,000000,2.89882,2.89882,2.79036,2.81994,0,0
CBF_PB,D,20220615,000000,2.8298,2.8298,2.76078,2.7805,0,0
CBF_PB,D,20220617,000000,2.7805,2.8298,2.75092,2.81994,0,0
CBF_PB,D,20220620,000000,2.8298,2.8298,2.7805,2.7805,0,0
CBF_PB,D,20220621,000000,2.81994,2.89882,2.81008,2.8791,0,0
CBF_PB,D,20220622,000000,2.88896,2.88896,2.80022,2.80022,0,0
CBF_PB,D,20220623,000000,2.8791,2.8791,2.76078,2.76078,0,0
CBF_PB,D,20220624,000000,2.79036,2.79036,2.79036,2.79036,0,0
CBF_PB,D,20220627,000000,2.79036,2.79036,2.71148,2.75092,0,0
CBF_PB,D,20220628,000000,2.75092,2.75092,2.75092,2.75092,0,0
CBF_PB,D,20220629,000000,2.80022,2.80022,2.72134,2.75092,0,0
CBF_PB,D,20220630,000000,2.80022,2.80022,2.72134,2.75092,0,0
CBF_PB,D,20220701,000000,2.80022,2.80022,2.71148,2.75092,0,0
CBF_PB,D,20220704,000000,2.80022,2.9284,2.80022,2.91854,0,0
CBF_PB,D,20220705,000000,2.9284,2.9284,2.8298,2.8298,0,0
CBF_PB,D,20220706,000000,2.89882,2.91854,2.7805,2.7805,0,0
CBF_PB,D,20220707,000000,2.7805,2.7805,2.70162,2.70162,0,0
CBF_PB,D,20220708,000000,2.75092,2.85938,2.74106,2.75092,0,0
CBF_PB,D,20220711,000000,2.7805,2.85938,2.7805,2.84952,0,0
CBF_PB,D,20220712,000000,2.88896,2.88896,2.83966,2.83966,0,0
CBF_PB,D,20220713,000000,2.88896,2.88896,2.72134,2.7805,0,0
CBF_PB,D,20220714,000000,2.89882,2.89882,2.8298,2.85938,0,0
CBF_PB,D,20220715,000000,2.85938,2.85938,2.76078,2.81994,0,0
CBF_PB,D,20220718,000000,2.8298,2.85938,2.8298,2.8298,0,0
CBF_PB,D,20220719,000000,2.89882,2.89882,2.76078,2.83966,0,0
CBF_PB,D,20220720,000000,2.83966,2.89882,2.83966,2.89882,0,0
CBF_PB,D,20220721,000000,2.83966,2.83966,2.77064,2.7805,0,0
CBF_PB,D,20220722,000000,2.81994,2.8298,2.81994,2.8298,0,0
CBF_PB,D,20220725,000000,2.8298,2.89882,2.8298,2.8298,0,0
CBF_PB,D,20220726,000000,2.8298,2.8298,2.76078,2.76078,0,0
CBF_PB,D,20220727,000000,2.80022,2.8298,2.80022,2.80022,0,0
CBF_PB,D,20220728,000000,2.89882,2.89882,2.81008,2.81008,0,0
CBF_PB,D,20220729,000000,2.8298,2.88896,2.76078,2.81994,0,0
CBF_PB,D,20220801,000000,2.77064,2.77064,2.71148,2.71148,0,0
CBF_PB,D,20220802,000000,2.75092,2.75092,2.66218,2.66218,0,0
CBF_PB,D,20220803,000000,2.66218,2.75092,2.66218,2.6819,0,0
CBF_PB,D,20220804,000000,2.75092,2.84952,2.6819,2.84952,0,0
CBF_PB,D,20220805,000000,2.84952,2.84952,2.71148,2.80022,0,0
CBF_PB,D,20220808,000000,2.80022,2.80022,2.75092,2.76078,0,0
CBF_PB,D,20220809,000000,2.80022,2.80022,2.71148,2.71148,0,0
CBF_PB,D,20220810,000000,2.75092,2.75092,2.66218,2.72134,0,0
CBF_PB,D,20220811,000000,2.6819,2.80022,2.6819,2.80022,0,0
CBF_PB,D,20220812,000000,2.7805,2.84952,2.7805,2.8298,0,0
CBF_PB,D,20220816,000000,2.77064,2.8298,2.77064,2.81008,0,0
CBF_PB,D,20220817,000000,2.81008,2.81008,2.79036,2.79036,0,0
CBF_PB,D,20220818,000000,2.84952,2.84952,2.77064,2.83966,0,0
CBF_PB,D,20220819,000000,2.84952,2.84952,2.77064,2.77064,0,0
CBF_PB,D,20220822,000000,2.7805,2.7805,2.71148,2.71148,0,0
CBF_PB,D,20220823,000000,2.71148,2.71148,2.65232,2.65232,0,0
CBF_PB,D,20220824,000000,2.6819,2.6819,2.6819,2.6819,0,0
CBF_PB,D,20220825,000000,2.72134,2.72134,2.6819,2.70162,0,0
CBF_PB,D,20220826,000000,2.69176,2.75092,2.6819,2.69176,0,0
CBF_PB,D,20220829,000000,2.6819,2.70162,2.65232,2.66218,0,0
CBF_PB,D,20220830,000000,2.66218,2.66218,2.63261,2.66218,0,0
CBF_PB,D,20220831,000000,2.66218,2.7312,2.61289,2.61289,0,0
CBF_PB,D,20220901,000000,2.65232,2.6819,2.62275,2.6819,0,0
CBF_PB,D,20220902,000000,2.71148,2.71148,2.65232,2.71148,0,0
CBF_PB,D,20220905,000000,2.63261,2.67204,2.63261,2.67204,0,0
CBF_PB,D,20220906,000000,2.67204,2.72134,2.61289,2.72134,0,0
CBF_PB,D,20220907,000000,2.6819,2.72134,2.47485,2.47485,0,0
CBF_PB,D,20220908,000000,2.47485,2.50443,2.41569,2.41569,0,0
CBF_PB,D,20220909,000000,2.50443,2.57345,2.46499,2.56359,0,0
CBF_PB,D,20220912,000000,2.56359,2.59317,2.54387,2.57345,0,0
CBF_PB,D,20220913,000000,2.59317,2.59317,2.50443,2.54387,0,0
CBF_PB,D,20220914,000000,2.54387,2.54387,2.50443,2.54387,0,0
CBF_PB,D,20220915,000000,2.54387,2.54387,2.54387,2.54387,0,0
CBF_PB,D,20220916,000000,2.54387,2.57345,2.50443,2.57345,0,0
CBF_PB,D,20220919,000000,2.57345,2.57345,2.50443,2.50443,0,0
CBF_PB,D,20220920,000000,2.57345,2.57345,2.50443,2.51429,0,0
CBF_PB,D,20220921,000000,2.53401,2.59317,2.50443,2.57345,0,0
CBF_PB,D,20220922,000000,2.59317,2.61289,2.58331,2.61289,0,0
CBF_PB,D,20220923,000000,2.61289,2.66218,2.57345,2.60303,0,0
CBF_PB,D,20220926,000000,2.66218,2.66218,2.57345,2.58331,0,0
CBF_PB,D,20220927,000000,2.58331,2.64246,2.47485,2.50443,0,0
CBF_PB,D,20220928,000000,2.53401,2.56359,2.50443,2.52415,0,0
CBF_PB,D,20220929,000000,2.61289,2.61289,2.53401,2.60303,0,0
CBF_PB,D,20220930,000000,2.60303,2.60303,2.54387,2.54387,0,0
CBF_PB,D,20221003,000000,2.54387,2.58331,2.54387,2.58331,0,0
CBF_PB,D,20221004,000000,2.59317,2.59317,2.52415,2.52415,0,0
CBF_PB,D,20221005,000000,2.59317,2.59317,2.49457,2.49457,0,0
CBF_PB,D,20221006,000000,2.53401,2.53401,2.49457,2.53401,0,0
CBF_PB,D,20221007,000000,2.53401,2.53401,2.48471,2.48471,0,0
CBF_PB,D,20221010,000000,2.50443,2.50443,2.44527,2.45513,0,0
CBF_PB,D,20221011,000000,2.50443,2.50443,2.42555,2.43541,0,0
CBF_PB,D,20221012,000000,2.42555,2.42555,2.37625,2.37625,0,0
CBF_PB,D,20221013,000000,2.37625,2.42555,2.35653,2.37625,0,0
CBF_PB,D,20221014,000000,2.43541,2.43541,2.37625,2.41569,0,0
CBF_PB,D,20221017,000000,2.35653,2.38611,2.31709,2.31709,0,0
CBF_PB,D,20221018,000000,2.37625,2.37625,2.24807,2.26779,0,0
CBF_PB,D,20221019,000000,2.26779,2.26779,2.19877,2.21849,0,0
CBF_PB,D,20221020,000000,2.22835,2.27765,2.22835,2.27765,0,0
CBF_PB,D,20221021,000000,2.27765,2.27765,2.16919,2.22835,0,0
CBF_PB,D,20221024,000000,2.22835,2.22835,2.15933,2.20863,0,0
CBF_PB,D,20221025,000000,2.20863,2.25793,2.19877,2.25793,0,0
CBF_PB,D,20221026,000000,2.25793,2.25793,2.25793,2.25793,0,0
CBF_PB,D,20221027,000000,2.25793,2.30723,2.21849,2.30723,0,0
CBF_PB,D,20221028,000000,2.32695,2.32695,2.26779,2.32695,0,0
CBF_PB,D,20221031,000000,2.32695,2.44527,2.31709,2.44527,0,0
CBF_PB,D,20221102,000000,2.40583,2.44527,2.40583,2.43541,0,0
CBF_PB,D,20221103,000000,2.37625,2.43541,2.37625,2.42555,0,0
CBF_PB,D,20221104,000000,2.37625,2.47485,2.37625,2.47485,0,0
CBF_PB,D,20221107,000000,2.57345,2.57345,2.42555,2.42555,0,0
CBF_PB,D,20221108,000000,2.53401,2.53401,2.41569,2.41569,0,0
CBF_PB,D,20221109,000000,2.44527,2.45513,2.37625,2.43541,0,0
CBF_PB,D,20221110,000000,2.36639,2.57345,2.34667,2.57345,0,0
CBF_PB,D,20221114,000000,2.57345,2.63261,2.50443,2.50443,0,0
CBF_PB,D,20221115,000000,2.56359,2.56359,2.43541,2.43541,0,0
CBF_PB,D,20221116,000000,2.43541,2.50443,2.40583,2.43541,0,0
CBF_PB,D,20221117,000000,2.42555,2.64246,2.42555,2.61289,0,0
CBF_PB,D,20221118,000000,2.60303,2.63261,2.54387,2.58331,0,0
CBF_PB,D,20221121,000000,2.63261,2.65232,2.59317,2.65232,0,0
CBF_PB,D,20221122,000000,2.65232,2.65232,2.49457,2.49457,0,0
CBF_PB,D,20221123,000000,2.56359,2.64246,2.53401,2.63261,0,0
CBF_PB,D,20221124,000000,2.61289,2.69176,2.61289,2.65232,0,0
CBF_PB,D,20221125,000000,2.71148,2.79036,2.63261,2.79036,0,0
CBF_PB,D,20221128,000000,2.84952,2.84952,2.75092,2.81994,0,0
CBF_PB,D,20221129,000000,2.81994,2.83966,2.71148,2.71148,0,0
CBF_PB,D,20221130,000000,2.72134,2.79036,2.72134,2.7805,0,0
CBF_PB,D,20221201,000000,2.79036,2.84952,2.75092,2.7805,0,0
CBF_PB,D,20221202,000000,2.81008,2.81008,2.64246,2.69176,0,0
CBF_PB,D,20221205,000000,2.69176,2.83966,2.69176,2.7312,0,0
CBF_PB,D,20221206,000000,2.7312,2.81008,2.63261,2.72134,0,0
CBF_PB,D,20221207,000000,2.72134,2.76078,2.63261,2.65232,0,0
CBF_PB,D,20221208,000000,2.65232,2.74106,2.65232,2.7312,0,0
CBF_PB,D,20221209,000000,2.75092,2.7805,2.67204,2.7805,0,0
CBF_PB,D,20221212,000000,2.75092,2.81008,2.69176,2.76078,0,0
CBF_PB,D,20221213,000000,2.7805,2.88896,2.76078,2.88896,0,0
CBF_PB,D,20221214,000000,2.90868,2.96784,2.85938,2.95798,0,0
CBF_PB,D,20221215,000000,3.00728,3.01714,2.91854,2.95798,0,0
CBF_PB,D,20221216,000000,2.95798,2.98756,2.91854,2.98756,0,0
CBF_PB,D,20221219,000000,3.04672,3.11574,2.98756,3.03686,0,0
CBF_PB,D,20221220,000000,3.03686,3.13546,2.99742,3.13546,0,0
CBF_PB,D,20221221,000000,3.18476,3.18476,2.98756,3.15518,0,0
CBF_PB,D,20221222,000000,3.15518,3.1749,3.05658,3.1749,0,0
CBF_PB,D,20221223,000000,3.1749,3.1749,3.08616,3.11574,0,0
CBF_PB,D,20221227,000000,3.08616,3.08616,3.04672,3.05658,0,0
CBF_PB,D,20221228,000000,3.05658,3.06644,3.04672,3.05658,0,0
CBF_PB,D,20221229,000000,3.05658,3.11574,3.05658,3.11574,0,0
CBF_PB,D,20221230,000000,3.05658,3.11574,3.05658,3.11574,0,0
CBF_PB,D,20230102,000000,3.1749,3.24392,3.06644,3.11574,0,0
CBF_PB,D,20230103,000000,3.11574,3.16504,3.05658,3.10588,0,0
CBF_PB,D,20230104,000000,3.11574,3.11574,3.05658,3.09602,0,0
CBF_PB,D,20230105,000000,3.09602,3.1256,3.05658,3.10588,0,0
CBF_PB,D,20230109,000000,3.10588,3.10588,3.05658,3.09602,0,0
CBF_PB,D,20230110,000000,3.09602,3.10588,3.027,3.09602,0,0
CBF_PB,D,20230111,000000,3.09602,3.09602,3.05658,3.08616,0,0
CBF_PB,D,20230112,000000,3.09602,3.10588,3.0763,3.10588,0,0
CBF_PB,D,20230113,000000,3.0763,3.10588,3.0763,3.08616,0,0
CBF_PB,D,20230116,000000,3.08616,3.13546,3.08616,3.13546,0,0
CBF_PB,D,20230117,000000,3.15518,3.1749,3.13546,3.1749,0,0
CBF_PB,D,20230118,000000,3.1256,3.24392,3.09602,3.1749,0,0
CBF_PB,D,20230119,000000,3.1749,3.1749,3.09602,3.11574,0,0
CBF_PB,D,20230120,000000,3.11574,3.13546,3.11574,3.11574,0,0
CBF_PB,D,20230123,000000,3.11574,3.11574,3.08616,3.11574,0,0
CBF_PB,D,20230124,000000,3.11574,3.14532,3.09602,3.09602,0,0
CBF_PB,D,20230125,000000,3.09602,3.13546,3.09602,3.13546,0,0
CBF_PB,D,20230126,000000,3.13546,3.18476,3.08616,3.18476,0,0
CBF_PB,D,20230127,000000,3.18476,3.28336,3.18476,3.26364,0,0
CBF_PB,D,20230130,000000,3.25378,3.25378,3.15518,3.24392,0,0
CBF_PB,D,20230131,000000,3.25378,3.3228,3.18476,3.3228,0,0
CBF_PB,D,20230201,000000,3.3228,3.3721,3.21434,3.2735,0,0
CBF_PB,D,20230202,000000,3.21434,3.30308,3.18476,3.18476,0,0
CBF_PB,D,20230203,000000,3.23406,3.23406,3.15518,3.21434,0,0
CBF_PB,D,20230206,000000,3.18476,3.18476,3.1256,3.1256,0,0
CBF_PB,D,20230207,000000,3.18476,3.18476,3.05658,3.18476,0,0
CBF_PB,D,20230208,000000,3.06644,3.23406,3.06644,3.10588,0,0
CBF_PB,D,20230209,000000,3.31294,3.31294,3.18476,3.21434,0,0
CBF_PB,D,20230210,000000,3.24392,3.30308,3.13546,3.18476,0,0
CBF_PB,D,20230213,000000,3.31294,3.31294,3.09602,3.09602,0,0
CBF_PB,D,20230214,000000,3.11574,3.1749,2.98756,3.00728,0,0
CBF_PB,D,20230215,000000,2.98756,3.11574,2.98756,3.11574,0,0
CBF_PB,D,20230216,000000,3.14532,3.23406,3.14532,3.20448,0,0
CBF_PB,D,20230217,000000,3.15518,3.15518,3.04672,3.11574,0,0
CBF_PB,D,20230220,000000,3.11574,3.11574,3.03686,3.11574,0,0
CBF_PB,D,20230221,000000,3.11574,3.13546,3.01714,3.0763,0,0
CBF_PB,D,20230222,000000,3.01714,3.05658,3.01714,3.05658,0,0
CBF_PB,D,20230223,000000,3.11574,3.1749,3.09602,3.09602,0,0
CBF_PB,D,20230224,000000,3.16504,3.25378,3.16504,3.23406,0,0
CBF_PB,D,20230227,000000,3.2242,3.2242,3.13546,3.19462,0,0
CBF_PB,D,20230228,000000,3.19462,3.24392,3.15518,3.23406,0,0
CBF_PB,D,20230301,000000,3.13546,3.19462,3.13546,3.18476,0,0
CBF_PB,D,20230302,000000,3.15518,3.2242,3.15518,3.18476,0,0
CBF_PB,D,20230303,000000,3.2242,3.2242,3.1749,3.2242,0,0
CBF_PB,D,20230306,000000,3.2242,3.24392,3.18476,3.24392,0,0
CBF_PB,D,20230307,000000,3.23406,3.44112,3.23406,3.38196,0,0
CBF_PB,D,20230308,000000,3.44112,3.44112,3.3228,3.40168,0,0
CBF_PB,D,20230309,000000,3.46084,3.48056,3.35238,3.4707,0,0
CBF_PB,D,20230310,000000,3.39182,3.57916,3.38196,3.57916,0,0
CBF_PB,D,20230313,000000,3.57916,3.57916,3.4707,3.50028,0,0
CBF_PB,D,20230314,000000,3.50028,3.6186,3.50028,3.6186,0,0
CBF_PB,D,20230315,000000,3.6186,3.6679,3.4214,3.52,0,0
CBF_PB,D,20230316,000000,3.54958,3.57916,3.46084,3.57916,0,0
CBF_PB,D,20230317,000000,3.59888,3.64818,3.57916,3.64818,0,0
CBF_PB,D,20230320,000000,3.6679,3.6679,3.52986,3.64818,0,0
CBF_PB,D,20230321,000000,3.6679,3.6679,3.55944,3.55944,0,0
CBF_PB,D,20230322,000000,3.57916,3.59888,3.48056,3.54958,0,0
CBF_PB,D,20230323,000000,3.57916,3.57916,3.53972,3.53972,0,0
CBF_PB,D,20230324,000000,3.53972,3.53972,3.34252,3.44112,0,0
CBF_PB,D,20230327,000000,3.45098,3.45098,3.3228,3.44112,0,0
CBF_PB,D,20230328,000000,3.44112,3.46084,3.35238,3.35238,0,0
CBF_PB,D,20230329,000000,3.38196,3.38196,3.26364,3.26364,0,0
CBF_PB,D,20230330,000000,3.30308,3.33266,3.30308,3.33266,0,0
CBF_PB,D,20230331,000000,3.41154,3.51014,3.39182,3.4214,0,0
CBF_PB,D,20230403,000000,3.51014,3.52986,3.4707,3.50028,0,0
CBF_PB,D,20230404,000000,3.5693,3.57916,3.48056,3.48056,0,0
CBF_PB,D,20230405,000000,3.51014,3.51014,3.4214,3.4214,0,0
CBF_PB,D,20230406,000000,3.48056,3.48056,3.3721,3.39182,0,0
CBF_PB,D,20230411,000000,3.39182,3.52,3.39182,3.52,0,0
CBF_PB,D,20230412,000000,3.52,3.53972,3.39182,3.50028,0,0
CBF_PB,D,20230413,000000,3.50028,3.51014,3.41154,3.45098,0,0
CBF_PB,D,20230414,000000,3.48056,3.52,3.44112,3.45098,0,0
CBF_PB,D,20230417,000000,3.45098,3.45098,3.39182,3.39182,0,0
CBF_PB,D,20230418,000000,3.41154,3.49042,3.25378,3.33266,0,0
CBF_PB,D,20230419,000000,3.33266,3.35238,3.26364,3.2735,0,0
CBF_PB,D,20230420,000000,3.23406,3.30308,3.2242,3.26364,0,0
CBF_PB,D,20230421,000000,3.28336,3.35238,3.19462,3.28336,0,0
CBF_PB,D,20230424,000000,3.2242,3.4214,3.2242,3.4214,0,0
CBF_PB,D,20230425,000000,3.4214,3.52,3.39182,3.52,0,0
CBF_PB,D,20230426,000000,3.52,3.52,3.33266,3.50028,0,0
CBF_PB,D,20230427,000000,3.52,3.54958,3.44112,3.54958,0,0
CBF_PB,D,20230428,000000,3.54958,3.54958,3.44112,3.54958,0,0
CBF_PB,D,20230502,000000,3.52,3.52,3.41154,3.41154,0,0
CBF_PB,D,20230504,000000,3.40168,3.45098,3.40168,3.40168,0,0
CBF_PB,D,20230505,000000,3.44112,3.44112,3.33266,3.35238,0,0
CBF_PB,D,20230508,000000,3.40168,3.45098,3.35238,3.41154,0,0
CBF_PB,D,20230509,000000,3.48056,3.8651,3.48056,3.83552,0,0
CBF_PB,D,20230510,000000,3.83552,3.9637,3.6679,3.92426,0,0
CBF_PB,D,20230511,000000,3.89468,4.13132,3.80594,4.10174,0,0
CBF_PB,D,20230512,000000,4.0623,4.2102,4.013,4.09188,0,0
CBF_PB,D,20230515,000000,4.09188,4.15104,3.99328,4.09188,0,0
CBF_PB,D,20230516,000000,4.09188,4.12146,4.04258,4.10174,0,0
CBF_PB,D,20230517,000000,4.14118,4.14118,4.02286,4.05244,0,0
CBF_PB,D,20230518,000000,4.02286,4.15104,4.02286,4.02286,0,0
CBF_PB,D,20230519,000000,4.09188,4.14118,4.02286,4.08202,0,0
CBF_PB,D,20230522,000000,4.09188,4.14118,4.08202,4.08202,0,0
CBF_PB,D,20230523,000000,4.09188,4.12146,3.9637,4.04258,0,0
CBF_PB,D,20230524,000000,4.04258,4.17076,3.9637,4.04258,0,0
CBF_PB,D,20230525,000000,4.12146,4.12146,3.9637,4.03272,0,0
CBF_PB,D,20230526,000000,3.9637,4.32852,3.9637,4.18062,0,0
CBF_PB,D,20230529,000000,4.17076,4.24964,4.03272,4.12146,0,0
CBF_PB,D,20230530,000000,4.10174,4.34824,3.97356,4.24964,0,0
CBF_PB,D,20230531,000000,4.22006,4.34824,4.1116,4.12146,0,0
CBF_PB,D,20230601,000000,4.10174,4.12146,3.9637,3.9637,0,0
CBF_PB,D,20230602,000000,3.9637,4.3088,3.9637,4.22006,0,0
CBF_PB,D,20230605,000000,4.22992,4.27922,4.1116,4.20034,0,0
CBF_PB,D,20230606,000000,4.22006,4.51585,4.12146,4.42711,0,0
CBF_PB,D,20230607,000000,4.51585,4.53557,4.34824,4.39754,0,0
CBF_PB,D,20230609,000000,4.39754,4.64403,4.39754,4.50599,0,0
CBF_PB,D,20230612,000000,4.51585,4.53557,4.24964,4.41725,0,0
CBF_PB,D,20230613,000000,4.45669,4.51585,4.32852,4.34824,0,0
CBF_PB,D,20230614,000000,4.40739,4.40739,4.34824,4.40739,0,0
CBF_PB,D,20230615,000000,4.20034,4.40739,4.20034,4.34824,0,0
CBF_PB,D,20230616,000000,4.34824,4.36796,4.31866,4.36796,0,0
CBF_PB,D,20230619,000000,4.3581,4.40739,4.27922,4.39754,0,0
CBF_PB,D,20230620,000000,4.45669,4.46655,4.34824,4.40739,0,0
CBF_PB,D,20230621,000000,4.50599,4.51585,4.31866,4.40739,0,0
CBF_PB,D,20230622,000000,4.44683,4.44683,4.26936,4.29894,0,0
CBF_PB,D,20230623,000000,4.3088,4.45669,4.2595,4.26936,0,0
CBF_PB,D,20230626,000000,4.36796,4.51585,4.36796,4.40739,0,0
CBF_PB,D,20230627,000000,4.40739,4.46655,4.22992,4.3581,0,0
CBF_PB,D,20230628,000000,4.29894,4.42711,4.29894,4.37782,0,0
CBF_PB,D,20230629,000000,4.40739,4.78207,4.40739,4.63417,0,0
CBF_PB,D,20230630,000000,4.73277,4.74263,4.61445,4.65389,0,0
CBF_PB,D,20230703,000000,4.64403,4.65389,4.48627,4.54543,0,0
CBF_PB,D,20230704,000000,4.56515,4.78207,4.49613,4.71305,0,0
CBF_PB,D,20230705,000000,4.71305,4.87081,4.70319,4.87081,0,0
CBF_PB,D,20230706,000000,4.87081,4.90039,4.78207,4.89053,0,0
CBF_PB,D,20230707,000000,4.85109,4.94969,4.70319,4.70319,0,0
CBF_PB,D,20230710,000000,4.70319,4.78207,4.65389,4.78207,0,0
CBF_PB,D,20230711,000000,4.78207,4.83137,4.75249,4.78207,0,0
CBF_PB,D,20230712,000000,4.76235,4.78207,4.74263,4.76235,0,0
CBF_PB,D,20230713,000000,4.78207,4.78207,4.66375,4.66375,0,0
CBF_PB,D,20230714,000000,4.65389,4.89053,4.64403,4.84123,0,0
CBF_PB,D,20230717,000000,4.84123,4.84123,4.74263,4.82151,0,0
CBF_PB,D,20230718,000000,4.87081,5.21591,4.76235,5.15675,0,0
CBF_PB,D,20230719,000000,5.15675,5.25535,5.09759,5.21591,0,0
CBF_PB,D,20230720,000000,5.15675,5.36381,4.93983,4.93983,0,0
CBF_PB,D,20230721,000000,4.96941,4.99899,4.93983,4.96941,0,0
CBF_PB,D,20230724,000000,4.96941,5.01871,4.82151,4.89053,0,0
CBF_PB,D,20230725,000000,4.83137,4.94969,4.71305,4.84123,0,0
CBF_PB,D,20230726,000000,4.75249,4.82151,4.65389,4.68347,0,0
CBF_PB,D,20230727,000000,4.74263,4.84123,4.74263,4.82151,0,0
CBF_PB,D,20230728,000000,4.84123,4.84123,4.76235,4.84123,0,0
CBF_PB,D,20230731,000000,4.83137,4.88067,4.75249,4.79193,0,0
CBF_PB,D,20230801,000000,4.84123,4.84123,4.74263,4.78207,0,0
CBF_PB,D,20230802,000000,4.73277,4.73277,4.64403,4.64403,0,0
CBF_PB,D,20230803,000000,4.60459,4.60459,4.60459,4.60459,0,0
CBF_PB,D,20230804,000000,4.60459,4.60459,4.53557,4.59375,0,0
CBF_PB,D,20230807,000000,4.59375,4.64305,4.54346,4.6184,0,0
CBF_PB,D,20230808,000000,4.6184,4.65587,4.53163,4.55628,0,0
CBF_PB,D,20230809,000000,4.64305,4.65587,4.49416,4.65587,0,0
CBF_PB,D,20230810,000000,4.65587,4.69235,4.59375,4.69235,0,0
CBF_PB,D,20230811,000000,4.69235,4.75446,4.60558,4.60558,0,0
CBF_PB,D,20230814,000000,4.59375,4.75446,4.59375,4.69235,0,0
CBF_PB,D,20230816,000000,4.7801,4.7801,4.65587,4.7801,0,0
CBF_PB,D,20230817,000000,4.7801,4.7801,4.65587,4.71798,0,0
CBF_PB,D,20230818,000000,4.65587,4.75446,4.65587,4.75446,0,0
CBF_PB,D,20230821,000000,4.76728,4.84123,4.6677,4.84123,0,0
CBF_PB,D,20230822,000000,4.84123,4.85405,4.71798,4.7801,0,0
CBF_PB,D,20230823,000000,4.86687,4.86687,4.74263,4.74263,0,0
CBF_PB,D,20230824,000000,4.7801,4.7801,4.65587,4.65587,0,0
CBF_PB,D,20230825,000000,4.69235,4.69235,4.59375,4.64305,0,0
CBF_PB,D,20230828,000000,4.63023,4.63023,4.43204,4.43204,0,0
CBF_PB,D,20230829,000000,4.495,4.722,4.407,4.684,0,0
CBF_PB,D,20230830,000000,4.696,4.696,4.545,4.558,0,0
CBF_PB,D,20230831,000000,4.558,4.558,4.407,4.407,0,0
CBF_PB,D,20230901,000000,4.357,4.633,4.168,4.52,0,0
CBF_PB,D,20230904,000000,4.633,4.633,4.47,4.608,0,0
CBF_PB,D,20230905,000000,4.646,5.271,4.646,5.271,0,0
CBF_PB,D,20230906,000000,5.271,5.507,5.127,5.337,0,0
CBF_PB,D,20230907,000000,5.35,5.442,5.219,5.311,0,0
CBF_PB,D,20230908,000000,5.271,5.521,5.271,5.311,0,0
CBF_PB,D,20230911,000000,5.416,5.455,5.245,5.245,0,0
CBF_PB,D,20230912,000000,5.297,5.311,5.219,5.232,0,0
CBF_PB,D,20230913,000000,5.245,5.311,5.245,5.284,0,0
CBF_PB,D,20230914,000000,5.284,5.311,5.232,5.258,0,0
CBF_PB,D,20230915,000000,5.311,5.311,5.153,5.258,0,0
CBF_PB,D,20230918,000000,5.258,5.271,5.153,5.179,0,0
CBF_PB,D,20230919,000000,5.245,5.35,5.245,5.324,0,0
CBF_PB,D,20230920,000000,5.324,5.324,5.219,5.245,0,0
CBF_PB,D,20230921,000000,5.35,5.35,5.179,5.206,0,0
CBF_PB,D,20230922,000000,5.311,5.311,5.206,5.271,0,0
CBF_PB,D,20230925,000000,5.284,5.311,5.14,5.245,0,0
CBF_PB,D,20230926,000000,5.284,5.284,5.179,5.179,0,0
CBF_PB,D,20230927,000000,5.284,5.284,5.179,5.284,0,0
CBF_PB,D,20230928,000000,5.284,5.284,5.114,5.114,0,0
CBF_PB,D,20230929,000000,5.219,5.284,5.166,5.193,0,0
CBF_PB,D,20231002,000000,5.297,5.297,5.153,5.179,0,0
CBF_PB,D,20231003,000000,5.245,5.297,5.153,5.179,0,0
CBF_PB,D,20231004,000000,5.206,5.232,5.14,5.232,0,0
