<TICKER>,<PER>,<DATE>,<TIME>,<OPEN>,<HIGH>,<LOW>,<CLOSE>,<VOL>,<OPENINT>
CLN_PE,D,20161201,000000,22.6998,22.6998,22.6998,22.6998,0,0
CLN_PE,D,20161202,000000,22.6998,22.7956,22.5082,22.6998,0,0
CLN_PE,D,20161205,000000,22.6998,23.1787,22.6998,23.1787,0,0
CLN_PE,D,20161206,000000,23.2746,24.3273,23.2746,23.945,0,0
CLN_PE,D,20161207,000000,24.3273,25.5725,24.3273,25.0946,0,0
CLN_PE,D,20161208,000000,25.4767,25.4767,24.8072,24.9978,0,0
CLN_PE,D,20161209,000000,25.381,25.381,24.424,24.9978,0,0
CLN_PE,D,20161212,000000,25.0946,25.0946,24.3273,24.3273,0,0
CLN_PE,D,20161213,000000,24.7104,24.8072,24.3273,24.7104,0,0
CLN_PE,D,20161214,000000,24.8072,24.9029,24.424,24.6146,0,0
CLN_PE,D,20161215,000000,24.424,25.0946,24.424,24.9978,0,0
CLN_PE,D,20161216,000000,24.9978,25.381,24.9029,25.0946,0,0
CLN_PE,D,20161219,000000,24.9978,24.9978,24.6146,24.8072,0,0
CLN_PE,D,20161220,000000,24.8072,24.9029,24.8072,24.8072,0,0
CLN_PE,D,20161221,000000,24.8072,25.381,24.6146,25.1904,0,0
CLN_PE,D,20161222,000000,25.2852,25.2852,24.5198,24.9978,0,0
CLN_PE,D,20161223,000000,24.9978,25.381,24.9978,25.2852,0,0
CLN_PE,D,20161227,000000,25.2852,25.381,25.1904,25.381,0,0
CLN_PE,D,20161228,000000,25.381,25.381,24.9978,25.1904,0,0
CLN_PE,D,20161229,000000,25.2852,25.2852,25.0946,25.2852,0,0
CLN_PE,D,20161230,000000,25.2852,25.2852,24.9978,24.9978,0,0
CLN_PE,D,20170102,000000,25.4767,25.4767,24.9029,24.9029,0,0
CLN_PE,D,20170103,000000,25.0946,26.0515,25.0946,26.0515,0,0
CLN_PE,D,20170104,000000,26.0515,26.0515,25.6683,25.86,0,0
CLN_PE,D,20170105,000000,25.9557,26.3389,25.9557,26.3389,0,0
CLN_PE,D,20170109,000000,26.3389,26.3389,26.1473,26.3389,0,0
CLN_PE,D,20170110,000000,26.2431,26.3389,26.1473,26.1473,0,0
CLN_PE,D,20170111,000000,26.3389,26.3389,26.2431,26.3389,0,0
CLN_PE,D,20170112,000000,26.3389,26.3389,25.9557,26.1473,0,0
CLN_PE,D,20170113,000000,26.0515,26.3389,25.6683,25.86,0,0
CLN_PE,D,20170116,000000,25.7651,25.7651,24.9978,25.6683,0,0
CLN_PE,D,20170117,000000,25.6683,25.6683,25.2852,25.6683,0,0
CLN_PE,D,20170118,000000,25.6683,26.4346,25.6683,26.2431,0,0
CLN_PE,D,20170119,000000,26.2431,27.9673,25.9557,27.4893,0,0
CLN_PE,D,20170120,000000,27.8716,29.4042,27.3926,28.6389,0,0
CLN_PE,D,20170123,000000,28.7327,29.499,28.7327,29.499,0,0
CLN_PE,D,20170124,000000,29.9789,32.5644,29.8831,32.4695,0,0
CLN_PE,D,20170125,000000,32.1822,33.0433,31.7991,32.0854,0,0
CLN_PE,D,20170126,000000,32.4695,32.4695,31.0327,31.5116,0,0
CLN_PE,D,20170127,000000,31.4149,31.9906,30.4579,31.9906,0,0
CLN_PE,D,20170130,000000,31.9906,34.4793,31.9906,34.0012,0,0
CLN_PE,D,20170131,000000,34.098,34.2887,33.6181,34.2887,0,0
CLN_PE,D,20170201,000000,34.3845,34.4793,33.6181,33.9055,0,0
CLN_PE,D,20170202,000000,34.1928,34.1928,33.0433,33.4275,0,0
CLN_PE,D,20170203,000000,33.3307,33.5223,31.2253,31.4149,0,0
CLN_PE,D,20170206,000000,31.0327,31.3191,30.1706,31.0327,0,0
CLN_PE,D,20170207,000000,31.0327,31.0327,30.936,30.936,0,0
CLN_PE,D,20170208,000000,31.0327,32.5644,31.0327,31.9906,0,0
CLN_PE,D,20170209,000000,32.5644,32.757,31.2253,31.3191,0,0
CLN_PE,D,20170210,000000,31.6064,31.6064,30.5547,30.936,0,0
CLN_PE,D,20170213,000000,30.936,31.0327,30.1706,30.7453,0,0
CLN_PE,D,20170214,000000,31.0327,31.1285,30.5547,31.0327,0,0
CLN_PE,D,20170215,000000,31.0327,32.0854,31.0327,31.8939,0,0
CLN_PE,D,20170216,000000,32.0854,32.8508,32.0854,32.8508,0,0
CLN_PE,D,20170217,000000,32.8508,32.8508,31.5116,32.1822,0,0
CLN_PE,D,20170220,000000,32.5644,32.6612,31.5116,31.7991,0,0
CLN_PE,D,20170221,000000,31.7991,32.3728,30.7453,31.0327,0,0
CLN_PE,D,20170222,000000,31.4149,31.4149,30.7453,31.0327,0,0
CLN_PE,D,20170223,000000,31.0327,32.3728,30.8411,32.277,0,0
CLN_PE,D,20170224,000000,32.277,32.277,31.5116,31.5116,0,0
CLN_PE,D,20170227,000000,31.6064,32.6612,31.6064,32.277,0,0
CLN_PE,D,20170228,000000,32.3728,32.757,31.9906,32.1822,0,0
CLN_PE,D,20170301,000000,32.5644,33.7139,32.1822,33.7139,0,0
CLN_PE,D,20170302,000000,34.098,34.576,34.0012,34.3845,0,0
CLN_PE,D,20170303,000000,34.4793,34.4793,33.6181,34.3845,0,0
CLN_PE,D,20170306,000000,34.4793,34.9591,34.1928,34.8634,0,0
CLN_PE,D,20170307,000000,34.9591,34.9591,32.8508,34.576,0,0
CLN_PE,D,20170308,000000,33.7139,34.576,33.6181,34.576,0,0
CLN_PE,D,20170309,000000,34.3845,34.576,33.5223,34.3845,0,0
CLN_PE,D,20170310,000000,34.098,34.576,33.8087,34.4793,0,0
CLN_PE,D,20170313,000000,34.576,35.5339,34.576,35.3424,0,0
CLN_PE,D,20170314,000000,35.4381,35.5339,35.3424,35.5339,0,0
CLN_PE,D,20170315,000000,35.5339,36.4918,34.8634,35.0569,0,0
CLN_PE,D,20170316,000000,35.4381,36.1077,35.1498,35.1498,0,0
CLN_PE,D,20170317,000000,35.4381,35.5339,34.9591,35.4381,0,0
CLN_PE,D,20170320,000000,35.4381,36.9708,35.1498,36.8741,0,0
CLN_PE,D,20170321,000000,36.8741,38.4076,36.8741,37.2582,0,0
CLN_PE,D,20170322,000000,37.0656,37.1634,36.2055,36.9708,0,0
CLN_PE,D,20170323,000000,36.7793,39.3657,36.6824,38.6951,0,0
CLN_PE,D,20170324,000000,39.3657,39.5572,38.4076,38.7909,0,0
CLN_PE,D,20170327,000000,38.6951,38.6951,37.6404,38.4076,0,0
CLN_PE,D,20170328,000000,38.5993,40.3236,38.4076,40.1319,0,0
CLN_PE,D,20170329,000000,40.6099,41.1847,40.0361,40.0361,0,0
CLN_PE,D,20170330,000000,40.2258,40.2258,38.5993,38.9815,0,0
CLN_PE,D,20170331,000000,39.174,39.7478,38.6951,39.3657,0,0
CLN_PE,D,20170403,000000,39.7478,39.7478,39.174,39.652,0,0
CLN_PE,D,20170404,000000,40.0361,40.1319,39.3657,39.652,0,0
CLN_PE,D,20170405,000000,40.1319,40.2258,38.8857,39.9394,0,0
CLN_PE,D,20170406,000000,39.652,39.7478,38.8857,39.4614,0,0
CLN_PE,D,20170407,000000,39.3657,39.3657,38.7909,38.9815,0,0
CLN_PE,D,20170410,000000,38.9815,39.652,38.7909,38.9815,0,0
CLN_PE,D,20170411,000000,38.9815,39.0782,37.5455,37.5455,0,0
CLN_PE,D,20170412,000000,37.1634,37.5455,36.3003,36.3961,0,0
CLN_PE,D,20170413,000000,36.3003,36.3003,34.576,34.6718,0,0
CLN_PE,D,20170418,000000,34.7666,36.0129,34.7666,35.0569,0,0
CLN_PE,D,20170419,000000,35.0569,36.9708,35.0569,35.9162,0,0
CLN_PE,D,20170420,000000,35.6307,37.353,35.5339,37.353,0,0
CLN_PE,D,20170421,000000,37.5455,40.4184,36.0129,40.4184,0,0
CLN_PE,D,20170424,000000,39.9394,39.9394,37.9287,38.5993,0,0
CLN_PE,D,20170425,000000,38.1203,38.1203,35.8223,36.5886,0,0
CLN_PE,D,20170426,000000,36.3003,36.5886,32.6612,36.5886,0,0
CLN_PE,D,20170427,000000,37.6404,38.0245,35.5339,37.6404,0,0
CLN_PE,D,20170428,000000,37.9287,39.3657,37.353,37.6404,0,0
CLN_PE,D,20170502,000000,38.3109,38.3109,36.7793,37.4488,0,0
CLN_PE,D,20170504,000000,36.9708,37.0656,35.9162,36.1077,0,0
CLN_PE,D,20170505,000000,36.3003,36.6824,34.8634,36.6824,0,0
CLN_PE,D,20170508,000000,36.6824,36.8741,35.5339,36.3961,0,0
CLN_PE,D,20170509,000000,35.6307,36.2055,35.4381,35.6307,0,0
CLN_PE,D,20170510,000000,35.3424,36.1077,34.8634,35.1498,0,0
CLN_PE,D,20170511,000000,35.1498,35.8223,35.0569,35.1498,0,0
CLN_PE,D,20170512,000000,35.0569,35.0569,33.3307,34.0012,0,0
CLN_PE,D,20170515,000000,34.098,37.4488,33.8087,36.8741,0,0
CLN_PE,D,20170516,000000,37.4488,38.7909,37.0656,37.0656,0,0
CLN_PE,D,20170517,000000,37.0656,37.0656,35.4381,35.7255,0,0
CLN_PE,D,20170518,000000,36.0129,36.0129,34.576,35.7255,0,0
CLN_PE,D,20170519,000000,35.8223,38.8857,34.9591,38.8857,0,0
CLN_PE,D,20170522,000000,39.3657,39.3657,37.9287,38.4076,0,0
CLN_PE,D,20170523,000000,38.7909,38.7909,37.4488,37.833,0,0
CLN_PE,D,20170524,000000,37.833,37.833,35.5339,37.0656,0,0
CLN_PE,D,20170525,000000,37.833,37.833,37.0656,37.5455,0,0
CLN_PE,D,20170526,000000,37.6404,38.7909,37.4488,38.6951,0,0
CLN_PE,D,20170529,000000,38.4076,39.3657,38.1203,38.6951,0,0
CLN_PE,D,20170530,000000,38.5993,53.2525,37.5455,53.2525,0,0
CLN_PE,D,20170531,000000,54.0052,54.1968,52.4647,54.1968,0,0
CLN_PE,D,20170601,000000,54.101,55.1596,53.62,54.101,0,0
CLN_PE,D,20170602,000000,54.101,57.0851,54.101,56.0266,0,0
CLN_PE,D,20170605,000000,57.0851,57.7586,55.7372,56.9884,0,0
CLN_PE,D,20170606,000000,57.3745,59.4917,57.182,59.3959,0,0
CLN_PE,D,20170607,000000,59.1075,59.3959,58.7215,58.914,0,0
CLN_PE,D,20170608,000000,59.2033,59.2033,58.7215,58.8192,0,0
CLN_PE,D,20170609,000000,59.0117,60.0703,58.2406,58.8192,0,0
CLN_PE,D,20170612,000000,58.8192,59.6853,55.7372,56.5085,0,0
CLN_PE,D,20170613,000000,55.7372,58.1447,55.7372,57.2778,0,0
CLN_PE,D,20170614,000000,57.2778,58.4341,57.2778,58.4341,0,0
CLN_PE,D,20170616,000000,58.3373,58.3373,56.7968,57.3745,0,0
CLN_PE,D,20170619,000000,57.3745,57.7586,56.4117,57.7586,0,0
CLN_PE,D,20170620,000000,57.8564,58.1447,57.182,57.8564,0,0
CLN_PE,D,20170621,000000,58.0489,58.1447,56.5085,57.6638,0,0
CLN_PE,D,20170622,000000,57.6638,58.4341,57.6638,58.1447,0,0
CLN_PE,D,20170623,000000,58.1447,59.2992,58.1447,59.2033,0,0
CLN_PE,D,20170626,000000,59.2992,59.782,58.914,59.782,0,0
CLN_PE,D,20170627,000000,59.782,60.4555,59.782,60.0703,0,0
CLN_PE,D,20170628,000000,59.6853,59.6853,58.8192,58.8192,0,0
CLN_PE,D,20170629,000000,58.4341,59.5885,58.4341,59.1075,0,0
CLN_PE,D,20170630,000000,58.914,60.2629,58.914,60.0703,0,0
CLN_PE,D,20170703,000000,59.4917,60.0703,58.8192,58.8192,0,0
CLN_PE,D,20170704,000000,58.8192,58.914,57.0851,57.4713,0,0
CLN_PE,D,20170705,000000,57.4713,57.4713,55.2573,55.7372,0,0
CLN_PE,D,20170706,000000,56.314,58.914,55.7372,58.5299,0,0
CLN_PE,D,20170707,000000,57.7586,59.0117,57.7586,58.3373,0,0
CLN_PE,D,20170710,000000,58.3373,59.3959,58.3373,59.2992,0,0
CLN_PE,D,20170711,000000,59.2992,59.2992,57.5681,57.5681,0,0
CLN_PE,D,20170712,000000,58.7215,58.7215,56.5085,58.1447,0,0
CLN_PE,D,20170713,000000,58.6257,58.914,58.1447,58.914,0,0
CLN_PE,D,20170714,000000,59.2992,59.5885,58.4341,59.4917,0,0
CLN_PE,D,20170717,000000,58.3373,59.6853,57.6638,59.5885,0,0
CLN_PE,D,20170718,000000,59.5885,60.8396,59.3959,59.3959,0,0
CLN_PE,D,20170719,000000,59.3959,59.3959,58.7215,59.3959,0,0
CLN_PE,D,20170720,000000,59.6853,60.6481,59.6853,60.2629,0,0
CLN_PE,D,20170721,000000,60.1651,60.1651,58.6257,59.1075,0,0
CLN_PE,D,20170724,000000,58.4341,59.6853,58.1447,58.7215,0,0
CLN_PE,D,20170725,000000,58.7215,58.7215,56.1224,56.4117,0,0
CLN_PE,D,20170726,000000,56.4117,58.2406,55.9307,57.5681,0,0
CLN_PE,D,20170727,000000,57.3745,58.8192,57.3745,58.4341,0,0
CLN_PE,D,20170728,000000,57.2778,58.7215,56.9884,58.1447,0,0
CLN_PE,D,20170731,000000,57.9512,58.1447,56.9884,58.1447,0,0
CLN_PE,D,20170801,000000,57.4713,58.6257,56.5085,58.1447,0,0
CLN_PE,D,20170802,000000,58.6257,58.6257,55.4499,55.7372,0,0
CLN_PE,D,20170803,000000,55.7372,55.7372,53.7168,54.968,0,0
CLN_PE,D,20170804,000000,54.7744,56.9884,54.1968,56.8945,0,0
CLN_PE,D,20170807,000000,56.8945,56.9884,56.1224,56.8945,0,0
CLN_PE,D,20170808,000000,56.0266,56.6043,55.0638,56.314,0,0
CLN_PE,D,20170809,000000,56.2192,56.4117,53.8126,54.968,0,0
CLN_PE,D,20170810,000000,54.8712,56.701,54.2945,56.701,0,0
CLN_PE,D,20170811,000000,56.701,56.9884,55.3531,55.5447,0,0
CLN_PE,D,20170814,000000,54.968,55.5447,54.1968,55.2573,0,0
CLN_PE,D,20170816,000000,54.8712,55.6414,54.1968,55.6414,0,0
CLN_PE,D,20170817,000000,55.7372,56.1224,54.5828,55.9307,0,0
CLN_PE,D,20170818,000000,55.7372,55.9307,54.8712,55.834,0,0
CLN_PE,D,20170821,000000,55.9307,57.9512,55.9307,57.8564,0,0
CLN_PE,D,20170822,000000,57.9512,60.5513,57.9512,60.5513,0,0
CLN_PE,D,20170823,000000,60.5513,60.8396,59.3959,60.3587,0,0
CLN_PE,D,20170824,000000,60.1651,60.9364,60.1651,60.3587,0,0
CLN_PE,D,20170825,000000,60.3587,60.7448,60.1651,60.7448,0,0
CLN_PE,D,20170828,000000,60.8396,61.3215,60.1651,60.3587,0,0
CLN_PE,D,20170829,000000,60.3587,60.5513,58.4341,60.0703,0,0
CLN_PE,D,20170830,000000,60.0703,60.5513,60.0703,60.0703,0,0
CLN_PE,D,20170831,000000,60.3587,60.3587,58.914,59.9746,0,0
CLN_PE,D,20170901,000000,60.0703,60.0703,58.5299,58.914,0,0
CLN_PE,D,20170904,000000,59.5885,59.5885,57.8564,57.8564,0,0
CLN_PE,D,20170905,000000,57.6638,57.6638,56.701,57.0851,0,0
CLN_PE,D,20170906,000000,57.0851,59.0117,57.0851,58.2406,0,0
CLN_PE,D,20170907,000000,59.2992,59.2992,57.4713,57.4713,0,0
CLN_PE,D,20170908,000000,58.8192,59.2033,58.5299,58.914,0,0
CLN_PE,D,20170911,000000,59.3959,59.3959,58.1447,59.3959,0,0
CLN_PE,D,20170912,000000,59.3959,59.3959,58.1447,58.1447,0,0
CLN_PE,D,20170913,000000,58.1447,58.1447,57.4713,57.4713,0,0
CLN_PE,D,20170914,000000,58.3373,59.1075,57.5681,57.6638,0,0
CLN_PE,D,20170915,000000,58.1447,58.1447,56.6043,56.6043,0,0
CLN_PE,D,20170918,000000,56.6043,56.9884,56.5085,56.5085,0,0
CLN_PE,D,20170919,000000,56.4117,57.3745,56.4117,57.3745,0,0
CLN_PE,D,20170920,000000,58.1447,58.3373,56.9884,57.9512,0,0
CLN_PE,D,20170921,000000,55.834,57.182,54.4871,54.4871,0,0
CLN_PE,D,20170922,000000,54.6796,54.8712,54.4871,54.6796,0,0
CLN_PE,D,20170925,000000,54.7744,56.2192,54.7744,56.2192,0,0
CLN_PE,D,20170926,000000,55.9307,56.0266,55.1596,56.0266,0,0
CLN_PE,D,20170927,000000,56.0266,56.0266,55.0638,55.7372,0,0
CLN_PE,D,20170928,000000,55.7372,55.7372,55.7372,55.7372,0,0
CLN_PE,D,20170929,000000,55.7372,55.7372,55.7372,55.7372,0,0
CLN_PE,D,20171002,000000,55.7372,55.7372,52.7531,53.0434,0,0
CLN_PE,D,20171003,000000,52.9456,53.2339,52.7531,52.9456,0,0
CLN_PE,D,20171004,000000,52.6572,52.7531,51.887,51.887,0,0
CLN_PE,D,20171005,000000,51.6945,51.6945,49.5763,51.4061,0,0
CLN_PE,D,20171006,000000,51.4061,51.4061,50.6359,50.9252,0,0
CLN_PE,D,20171009,000000,50.54,51.6945,48.4209,48.4209,0,0
CLN_PE,D,20171010,000000,48.4209,50.6359,48.0367,49.0953,0,0
CLN_PE,D,20171011,000000,49.6731,49.6731,49.0953,49.3836,0,0
CLN_PE,D,20171012,000000,49.8656,51.4061,49.8656,51.4061,0,0
CLN_PE,D,20171013,000000,51.02,51.02,49.3836,49.6731,0,0
CLN_PE,D,20171016,000000,50.1549,50.1549,49.6731,49.9624,0,0
CLN_PE,D,20171017,000000,49.6731,49.9624,49.0953,49.9624,0,0
CLN_PE,D,20171018,000000,49.2889,50.0581,48.6145,49.1921,0,0
CLN_PE,D,20171019,000000,49.9624,49.9624,47.2664,47.6516,0,0
CLN_PE,D,20171020,000000,47.6516,47.8442,46.7856,47.4581,0,0
CLN_PE,D,20171023,000000,47.1697,50.54,47.1697,49.3836,0,0
CLN_PE,D,20171024,000000,49.6731,50.54,48.1325,50.1549,0,0
CLN_PE,D,20171025,000000,49.8656,53.3317,49.8656,53.0434,0,0
CLN_PE,D,20171026,000000,53.1391,53.1391,50.9252,50.9252,0,0
CLN_PE,D,20171027,000000,50.9252,51.7903,50.9252,51.6945,0,0
CLN_PE,D,20171030,000000,51.6945,52.9456,49.8656,49.8656,0,0
CLN_PE,D,20171031,000000,50.1549,51.5028,48.9995,51.5028,0,0
CLN_PE,D,20171102,000000,51.4061,51.4061,50.1549,51.2135,0,0
CLN_PE,D,20171103,000000,51.3093,51.4061,49.2889,51.02,0,0
CLN_PE,D,20171106,000000,51.02,51.3093,49.7688,49.8656,0,0
CLN_PE,D,20171107,000000,50.1549,50.1549,48.9995,49.3836,0,0
CLN_PE,D,20171108,000000,49.2889,49.3836,47.5559,48.2293,0,0
CLN_PE,D,20171109,000000,47.7484,48.5187,47.7484,47.8442,0,0
CLN_PE,D,20171110,000000,47.4581,48.4209,45.8228,46.9771,0,0
CLN_PE,D,20171113,000000,46.9771,47.0749,45.4377,46.3047,0,0
CLN_PE,D,20171114,000000,45.6302,46.3047,44.9557,45.6302,0,0
CLN_PE,D,20171115,000000,46.207,46.207,45.2441,45.726,0,0
CLN_PE,D,20171116,000000,44.7642,56.4117,42.645,56.4117,0,0
CLN_PE,D,20171117,000000,56.7968,57.7586,56.4117,57.7586,0,0
CLN_PE,D,20171120,000000,58.2406,60.7448,57.7586,60.7448,0,0
CLN_PE,D,20171121,000000,60.7448,61.6099,59.782,59.782,0,0
CLN_PE,D,20171122,000000,60.2629,60.2629,58.6257,58.6257,0,0
CLN_PE,D,20171123,000000,58.6257,59.4917,58.4341,58.4341,0,0
CLN_PE,D,20171124,000000,58.4341,59.2033,58.0489,58.8192,0,0
CLN_PE,D,20171127,000000,58.8192,58.8192,57.3745,58.0489,0,0
CLN_PE,D,20171128,000000,58.0489,60.8396,57.6638,60.7448,0,0
CLN_PE,D,20171129,000000,60.1651,62.6685,60.1651,61.7067,0,0
CLN_PE,D,20171130,000000,62.0908,62.2833,58.8192,58.8192,0,0
CLN_PE,D,20171201,000000,60.6481,60.6481,59.782,59.782,0,0
CLN_PE,D,20171204,000000,60.4555,60.4555,56.6043,56.7968,0,0
CLN_PE,D,20171205,000000,56.8945,59.5885,55.0638,58.8192,0,0
CLN_PE,D,20171206,000000,58.8192,58.8192,56.1224,56.1224,0,0
CLN_PE,D,20171207,000000,56.6043,58.4341,56.6043,57.8564,0,0
CLN_PE,D,20171208,000000,57.0851,59.3959,57.0851,59.2992,0,0
CLN_PE,D,20171211,000000,59.2992,59.8778,58.5299,59.782,0,0
CLN_PE,D,20171212,000000,59.782,60.0703,59.3959,60.0703,0,0
CLN_PE,D,20171213,000000,60.1651,61.4182,60.1651,61.3215,0,0
CLN_PE,D,20171214,000000,62.4759,63.9206,62.2833,62.863,0,0
CLN_PE,D,20171215,000000,63.5354,66.5197,63.5354,64.6898,0,0
CLN_PE,D,20171218,000000,64.4025,65.5569,62.6685,62.6685,0,0
CLN_PE,D,20171219,000000,63.8249,66.4239,62.6685,65.7504,0,0
CLN_PE,D,20171220,000000,66.4239,67.29,66.2314,67.29,0,0
CLN_PE,D,20171221,000000,67.29,69.3114,64.9792,64.9792,0,0
CLN_PE,D,20171222,000000,65.076,68.7337,64.9792,67.9644,0,0
CLN_PE,D,20171227,000000,67.9644,69.6965,64.594,64.6898,0,0
CLN_PE,D,20171228,000000,68.4443,70.371,65.8453,68.6379,0,0
CLN_PE,D,20171229,000000,65.6526,70.1783,65.6526,70.1783,0,0
CLN_PE,D,20180103,000000,69.6017,69.889,68.3486,68.3486,0,0
CLN_PE,D,20180104,000000,70.0816,70.0816,67.0016,67.0016,0,0
CLN_PE,D,20180105,000000,69.023,69.023,67.0016,67.0016,0,0
CLN_PE,D,20180108,000000,66.6165,68.0593,65.8453,65.8453,0,0
CLN_PE,D,20180109,000000,65.8453,67.29,64.9792,66.6165,0,0
CLN_PE,D,20180110,000000,66.6165,67.5783,66.1346,66.6165,0,0
CLN_PE,D,20180111,000000,67.3867,67.4825,65.3643,65.9421,0,0
CLN_PE,D,20180112,000000,66.0388,69.023,66.0388,68.3486,0,0
CLN_PE,D,20180115,000000,68.8294,70.2742,68.8294,70.2742,0,0
CLN_PE,D,20180116,000000,70.2742,70.2742,68.6379,69.4081,0,0
CLN_PE,D,20180117,000000,69.4081,69.4081,67.6751,67.7708,0,0
CLN_PE,D,20180118,000000,68.3486,68.5411,66.2314,66.4239,0,0
CLN_PE,D,20180119,000000,66.6165,68.4443,66.6165,67.9644,0,0
CLN_PE,D,20180122,000000,67.8666,67.8666,65.3643,66.2314,0,0
CLN_PE,D,20180123,000000,66.0388,66.5197,64.3057,66.2314,0,0
CLN_PE,D,20180124,000000,66.2314,67.0974,66.2314,66.808,0,0
CLN_PE,D,20180125,000000,67.0016,67.0974,65.2685,67.0974,0,0
CLN_PE,D,20180126,000000,67.0016,67.0974,65.7504,65.7504,0,0
CLN_PE,D,20180129,000000,66.808,66.808,66.0388,66.6165,0,0
CLN_PE,D,20180130,000000,66.808,67.0974,64.8825,64.8825,0,0
CLN_PE,D,20180131,000000,64.8825,65.4601,64.3057,64.3057,0,0
CLN_PE,D,20180201,000000,64.6898,64.6898,63.1504,63.9206,0,0
CLN_PE,D,20180202,000000,63.0536,64.594,61.8025,62.2833,0,0
CLN_PE,D,20180205,000000,61.7067,65.4601,61.128,63.7281,0,0
CLN_PE,D,20180206,000000,58.8192,62.3801,58.8192,62.1885,0,0
CLN_PE,D,20180207,000000,63.0536,65.6526,63.0536,64.8825,0,0
CLN_PE,D,20180208,000000,65.2685,65.2685,61.7067,62.6685,0,0
CLN_PE,D,20180209,000000,61.3215,62.6685,60.3587,60.7448,0,0
CLN_PE,D,20180212,000000,60.9364,62.6685,60.4555,60.4555,0,0
CLN_PE,D,20180213,000000,60.7448,62.2833,60.7448,61.7067,0,0
CLN_PE,D,20180214,000000,62.1885,63.8249,61.0332,62.5727,0,0
CLN_PE,D,20180215,000000,63.6322,63.6322,61.8992,62.6685,0,0
CLN_PE,D,20180216,000000,62.6685,63.6322,62.6685,63.5354,0,0
CLN_PE,D,20180219,000000,64.0164,64.0164,62.5727,63.9206,0,0
CLN_PE,D,20180220,000000,63.9206,66.4239,63.5354,65.2685,0,0
CLN_PE,D,20180221,000000,66.1346,66.4239,65.2685,65.7504,0,0
CLN_PE,D,20180222,000000,65.6526,65.6526,64.3057,64.8825,0,0
CLN_PE,D,20180223,000000,64.8825,66.0388,64.8825,64.8825,0,0
CLN_PE,D,20180226,000000,65.8453,66.2314,62.9588,62.9588,0,0
CLN_PE,D,20180227,000000,63.4397,64.2099,62.863,63.1504,0,0
CLN_PE,D,20180228,000000,63.0536,63.1504,60.7448,61.3215,0,0
CLN_PE,D,20180301,000000,61.128,61.7067,58.914,59.8778,0,0
CLN_PE,D,20180302,000000,59.8778,60.2629,58.4341,59.5885,0,0
CLN_PE,D,20180305,000000,59.5885,60.2629,56.9884,59.2992,0,0
CLN_PE,D,20180306,000000,59.782,61.3215,59.2992,61.2257,0,0
CLN_PE,D,20180307,000000,61.128,64.6898,58.3373,62.2833,0,0
CLN_PE,D,20180308,000000,63.4397,63.4397,61.7067,61.8992,0,0
CLN_PE,D,20180309,000000,60.9364,61.8025,59.9746,61.2257,0,0
CLN_PE,D,20180312,000000,60.7448,61.7067,59.2033,59.782,0,0
CLN_PE,D,20180313,000000,59.6853,60.5513,59.2033,60.5513,0,0
CLN_PE,D,20180314,000000,59.3959,61.2257,59.3959,60.9364,0,0
CLN_PE,D,20180315,000000,60.9364,61.2257,59.782,60.7448,0,0
CLN_PE,D,20180316,000000,60.8396,61.128,59.5885,60.7448,0,0
CLN_PE,D,20180319,000000,60.1651,60.6481,59.2033,59.2033,0,0
CLN_PE,D,20180320,000000,59.782,60.6481,58.8192,60.0703,0,0
CLN_PE,D,20180321,000000,60.0703,60.5513,59.0117,59.2992,0,0
CLN_PE,D,20180322,000000,59.3959,61.2257,58.5299,59.782,0,0
CLN_PE,D,20180323,000000,60.3587,60.3587,58.6257,59.1075,0,0
CLN_PE,D,20180326,000000,58.8192,59.5885,58.0489,58.0489,0,0
CLN_PE,D,20180327,000000,58.8192,60.3587,58.5299,59.3959,0,0
CLN_PE,D,20180328,000000,58.8192,58.8192,55.6414,56.9884,0,0
CLN_PE,D,20180329,000000,56.7968,58.3373,56.6043,58.0489,0,0
CLN_PE,D,20180403,000000,58.2406,58.8192,56.7968,56.7968,0,0
CLN_PE,D,20180404,000000,56.7968,57.7586,56.4117,57.2778,0,0
CLN_PE,D,20180405,000000,56.7968,58.3373,56.7968,58.1447,0,0
CLN_PE,D,20180406,000000,58.0489,58.2406,57.4713,57.6638,0,0
CLN_PE,D,20180409,000000,57.4713,58.5299,57.4713,58.5299,0,0
CLN_PE,D,20180410,000000,58.7215,59.782,58.7215,59.6853,0,0
CLN_PE,D,20180411,000000,59.6853,60.7448,59.2992,60.7448,0,0
CLN_PE,D,20180412,000000,60.2629,61.3215,59.6853,59.6853,0,0
CLN_PE,D,20180413,000000,60.3587,60.3587,59.1075,59.3959,0,0
CLN_PE,D,20180416,000000,59.2033,59.6853,58.914,59.3959,0,0
CLN_PE,D,20180417,000000,58.8192,58.914,50.54,50.54,0,0
CLN_PE,D,20180418,000000,50.7326,50.7326,50.2507,50.4432,0,0
CLN_PE,D,20180419,000000,50.4432,51.4061,50.1549,51.1177,0,0
CLN_PE,D,20180420,000000,50.54,51.1177,50.3465,50.7326,0,0
CLN_PE,D,20180423,000000,50.54,51.2135,50.54,51.1177,0,0
CLN_PE,D,20180424,000000,50.8284,51.2135,50.54,50.7326,0,0
CLN_PE,D,20180425,000000,50.7326,51.4061,50.1549,50.7326,0,0
CLN_PE,D,20180426,000000,50.7326,51.6945,49.6731,50.7326,0,0
CLN_PE,D,20180427,000000,50.7326,51.6945,50.3465,51.6945,0,0
CLN_PE,D,20180430,000000,51.6945,51.9828,50.7326,51.887,0,0
CLN_PE,D,20180502,000000,51.887,51.887,50.54,51.5028,0,0
CLN_PE,D,20180504,000000,51.7903,51.7903,50.7326,51.1177,0,0
CLN_PE,D,20180507,000000,50.8284,50.8284,49.6731,50.4432,0,0
CLN_PE,D,20180508,000000,49.8656,50.4432,48.806,50.4432,0,0
CLN_PE,D,20180509,000000,50.2507,50.2507,49.0953,49.8656,0,0
CLN_PE,D,20180510,000000,49.9624,50.0581,48.9028,49.5763,0,0
CLN_PE,D,20180511,000000,49.9624,49.9624,48.2293,48.9028,0,0
CLN_PE,D,20180514,000000,48.806,49.4804,47.6516,49.3836,0,0
CLN_PE,D,20180515,000000,49.3836,49.3836,48.806,48.9995,0,0
CLN_PE,D,20180516,000000,49.4804,50.8284,45.4377,45.4377,0,0
CLN_PE,D,20180517,000000,46.0143,46.0143,44.6674,45.4377,0,0
CLN_PE,D,20180518,000000,46.0143,46.0143,44.8609,45.5335,0,0
CLN_PE,D,20180521,000000,45.726,45.726,43.4153,44.6674,0,0
CLN_PE,D,20180522,000000,43.8981,45.9185,43.8981,44.6674,0,0
CLN_PE,D,20180523,000000,44.0898,45.3419,43.8981,44.6674,0,0
CLN_PE,D,20180524,000000,45.6302,47.5559,45.4377,46.9771,0,0
CLN_PE,D,20180525,000000,47.4581,48.9995,47.4581,48.2293,0,0
CLN_PE,D,20180528,000000,48.2293,48.2293,46.1121,48.1325,0,0
CLN_PE,D,20180529,000000,47.94,48.9028,46.1121,48.5187,0,0
CLN_PE,D,20180530,000000,47.7484,48.1325,47.1697,47.7484,0,0
CLN_PE,D,20180601,000000,47.4581,47.4581,45.8228,45.8228,0,0
CLN_PE,D,20180604,000000,45.9185,46.4005,45.5335,45.5335,0,0
CLN_PE,D,20180605,000000,45.5335,46.7856,44.9557,46.6888,0,0
CLN_PE,D,20180606,000000,47.4581,47.4581,46.1121,46.6888,0,0
CLN_PE,D,20180607,000000,46.4953,46.8814,45.8228,45.8228,0,0
CLN_PE,D,20180608,000000,45.8228,47.6516,45.8228,47.6516,0,0
CLN_PE,D,20180611,000000,48.6584,48.6584,47.4962,47.7865,0,0
CLN_PE,D,20180612,000000,48.0768,48.0768,46.4327,47.111,0,0
CLN_PE,D,20180613,000000,46.5285,47.7865,46.5285,47.2059,0,0
CLN_PE,D,20180614,000000,46.6262,48.7533,46.6262,47.98,0,0
CLN_PE,D,20180615,000000,47.6907,48.7533,47.4962,48.7533,0,0
CLN_PE,D,20180618,000000,48.4639,48.7533,47.4962,48.7533,0,0
CLN_PE,D,20180619,000000,48.7533,48.7533,47.98,48.7533,0,0
CLN_PE,D,20180620,000000,48.7533,50.4961,48.7533,49.3348,0,0
CLN_PE,D,20180621,000000,49.3348,49.3348,48.5616,49.1413,0,0
CLN_PE,D,20180622,000000,48.2703,49.3348,47.7865,48.7533,0,0
CLN_PE,D,20180625,000000,48.1736,49.1413,47.2059,47.2059,0,0
CLN_PE,D,20180626,000000,47.98,47.98,45.3682,45.3682,0,0
CLN_PE,D,20180627,000000,45.3682,46.336,45.1757,45.6585,0,0
CLN_PE,D,20180628,000000,46.2392,49.4306,46.2392,48.6584,0,0
CLN_PE,D,20180629,000000,48.6584,50.6886,47.6907,50.6886,0,0
CLN_PE,D,20180702,000000,50.4961,50.4961,49.4306,49.4306,0,0
CLN_PE,D,20180703,000000,49.5284,51.1724,49.5284,51.0757,0,0
CLN_PE,D,20180704,000000,51.0757,52.623,50.7864,52.0434,0,0
CLN_PE,D,20180705,000000,52.1402,53.3972,51.4637,51.6563,0,0
CLN_PE,D,20180706,000000,51.6563,52.4305,48.3681,49.0445,0,0
CLN_PE,D,20180709,000000,49.3348,49.9154,47.7865,48.9478,0,0
CLN_PE,D,20180710,000000,48.1736,49.8186,48.1736,49.5284,0,0
CLN_PE,D,20180711,000000,49.4306,49.6251,48.4639,49.5284,0,0
CLN_PE,D,20180712,000000,49.0445,49.3348,48.1736,48.7533,0,0
CLN_PE,D,20180713,000000,48.7533,48.9478,47.7865,48.2703,0,0
CLN_PE,D,20180716,000000,48.6584,49.2381,47.6907,48.4639,0,0
CLN_PE,D,20180717,000000,49.0445,53.1078,49.0445,52.9133,0,0
CLN_PE,D,20180718,000000,52.9133,52.9133,51.2692,51.4637,0,0
CLN_PE,D,20180719,000000,50.9789,51.7531,50.3016,51.0757,0,0
CLN_PE,D,20180720,000000,51.6563,51.8499,51.0757,51.6563,0,0
CLN_PE,D,20180723,000000,51.8499,51.8499,51.0757,51.4637,0,0
CLN_PE,D,20180724,000000,51.4637,51.4637,50.4961,50.5928,0,0
CLN_PE,D,20180725,000000,51.1724,51.1724,50.1089,50.9789,0,0
CLN_PE,D,20180726,000000,50.4961,50.4961,49.6251,49.9154,0,0
CLN_PE,D,20180727,000000,49.9154,51.8499,49.9154,51.8499,0,0
CLN_PE,D,20180730,000000,51.7531,51.7531,50.5928,50.8831,0,0
CLN_PE,D,20180731,000000,51.0757,51.1724,49.8186,50.9789,0,0
CLN_PE,D,20180801,000000,51.0757,51.1724,50.5928,51.0757,0,0
CLN_PE,D,20180802,000000,50.5928,51.0757,50.1089,50.9789,0,0
CLN_PE,D,20180803,000000,50.9789,51.366,50.3983,50.5928,0,0
CLN_PE,D,20180806,000000,50.5928,52.4305,50.3983,51.8499,0,0
CLN_PE,D,20180807,000000,52.4305,55.5251,51.8499,54.6561,0,0
CLN_PE,D,20180808,000000,54.9455,54.9455,53.6885,54.2681,0,0
CLN_PE,D,20180809,000000,54.2681,54.2681,53.7843,53.9778,0,0
CLN_PE,D,20180810,000000,53.6885,53.6885,53.011,53.1078,0,0
CLN_PE,D,20180813,000000,53.3005,53.3005,51.6563,51.6563,0,0
CLN_PE,D,20180814,000000,51.6563,52.623,50.6886,51.0757,0,0
CLN_PE,D,20180816,000000,51.0757,52.623,51.0757,51.0757,0,0
CLN_PE,D,20180817,000000,51.2692,51.2692,48.0768,48.5616,0,0
CLN_PE,D,20180820,000000,50.3016,50.3016,48.2703,50.3016,0,0
CLN_PE,D,20180821,000000,50.6886,52.4305,48.9478,49.5284,0,0
CLN_PE,D,20180822,000000,48.7533,52.9133,48.7533,52.623,0,0
CLN_PE,D,20180823,000000,51.0757,52.3337,51.0757,51.0757,0,0
CLN_PE,D,20180824,000000,50.5928,50.5928,49.4306,49.4306,0,0
CLN_PE,D,20180827,000000,49.2381,50.0122,48.7533,48.9478,0,0
CLN_PE,D,20180828,000000,48.7533,52.4305,48.7533,52.2369,0,0
CLN_PE,D,20180829,000000,51.7531,52.5262,50.8831,52.4305,0,0
CLN_PE,D,20180830,000000,53.1078,53.1078,51.4637,51.9466,0,0
CLN_PE,D,20180831,000000,51.5595,54.6561,50.2048,54.1713,0,0
CLN_PE,D,20180903,000000,54.1713,54.6561,51.2692,51.2692,0,0
CLN_PE,D,20180904,000000,52.623,53.3972,51.366,51.4637,0,0
CLN_PE,D,20180905,000000,52.1402,52.4305,51.4637,51.9466,0,0
CLN_PE,D,20180906,000000,51.366,51.8499,51.1724,51.2692,0,0
CLN_PE,D,20180907,000000,51.2692,52.2369,51.1724,51.7531,0,0
CLN_PE,D,20180910,000000,51.1724,51.7531,50.7864,51.0757,0,0
CLN_PE,D,20180911,000000,51.5595,51.7531,50.3016,51.1724,0,0
CLN_PE,D,20180912,000000,51.5595,51.5595,50.5928,51.366,0,0
CLN_PE,D,20180913,000000,52.3337,52.3337,51.1724,52.2369,0,0
CLN_PE,D,20180914,000000,52.4305,53.6885,52.4305,52.623,0,0
CLN_PE,D,20180917,000000,53.3005,53.3005,51.9466,51.9466,0,0
CLN_PE,D,20180918,000000,51.9466,52.623,51.7531,52.623,0,0
CLN_PE,D,20180919,000000,52.623,52.623,51.8499,51.8499,0,0
CLN_PE,D,20180920,000000,51.7531,52.4305,51.2692,51.8499,0,0
CLN_PE,D,20180921,000000,51.8499,52.5262,51.0757,52.0434,0,0
CLN_PE,D,20180924,000000,52.2369,52.2369,50.4961,50.7864,0,0
CLN_PE,D,20180925,000000,51.6563,52.5262,51.0757,52.2369,0,0
CLN_PE,D,20180926,000000,52.4305,53.6885,50.8831,53.6885,0,0
CLN_PE,D,20180927,000000,52.7208,54.0746,52.3337,52.4305,0,0
CLN_PE,D,20180928,000000,53.881,53.9778,53.1078,53.494,0,0
CLN_PE,D,20181001,000000,53.9778,53.9778,52.3337,53.9778,0,0
CLN_PE,D,20181002,000000,53.9778,54.3648,53.881,53.9778,0,0
CLN_PE,D,20181003,000000,54.1713,54.1713,53.881,53.9778,0,0
CLN_PE,D,20181004,000000,53.9778,53.9778,53.2037,53.9778,0,0
CLN_PE,D,20181005,000000,53.3005,53.5907,52.8175,53.5907,0,0
CLN_PE,D,20181008,000000,53.5907,53.5907,52.8175,53.3972,0,0
CLN_PE,D,20181009,000000,53.3972,53.3972,52.1402,52.623,0,0
CLN_PE,D,20181010,000000,52.7208,52.8175,50.9789,50.9789,0,0
CLN_PE,D,20181011,000000,50.3016,51.5595,48.0768,49.8186,0,0
CLN_PE,D,20181012,000000,48.6584,49.9154,48.6584,49.0445,0,0
CLN_PE,D,20181015,000000,49.0445,50.6886,48.851,50.6886,0,0
CLN_PE,D,20181016,000000,49.8186,50.6886,49.8186,50.6886,0,0
CLN_PE,D,20181017,000000,50.3016,50.6886,49.8186,49.9154,0,0
CLN_PE,D,20181018,000000,50.4961,50.4961,49.4306,49.9154,0,0
CLN_PE,D,20181019,000000,48.3681,49.8186,48.2703,48.5616,0,0
CLN_PE,D,20181022,000000,48.3681,48.5616,47.7865,47.98,0,0
CLN_PE,D,20181023,000000,47.7865,49.3348,47.4962,47.7865,0,0
CLN_PE,D,20181024,000000,47.7865,48.9478,47.111,47.98,0,0
CLN_PE,D,20181025,000000,46.8188,47.0133,45.8512,46.2392,0,0
CLN_PE,D,20181026,000000,46.5285,47.594,46.0457,46.723,0,0
CLN_PE,D,20181029,000000,46.8188,47.4962,46.0457,46.6262,0,0
CLN_PE,D,20181030,000000,46.9165,46.9165,46.1434,46.6262,0,0
CLN_PE,D,20181031,000000,46.9165,47.2059,46.4327,47.2059,0,0
CLN_PE,D,20181102,000000,47.6907,49.3348,47.4004,48.5616,0,0
CLN_PE,D,20181105,000000,48.4639,48.4639,47.4962,47.594,0,0
CLN_PE,D,20181106,000000,47.4962,47.594,46.9165,46.9165,0,0
CLN_PE,D,20181107,000000,46.723,47.7865,46.723,47.7865,0,0
CLN_PE,D,20181108,000000,48.5616,49.3348,47.3027,47.6907,0,0
CLN_PE,D,20181109,000000,47.594,48.0768,47.0133,47.7865,0,0
CLN_PE,D,20181113,000000,47.0133,47.4962,46.2392,47.4962,0,0
CLN_PE,D,20181114,000000,47.4962,48.1736,46.8188,47.7865,0,0
CLN_PE,D,20181115,000000,49.3348,49.7209,44.1112,44.1112,0,0
CLN_PE,D,20181116,000000,45.1757,45.1757,42.951,43.9186,0,0
CLN_PE,D,20181119,000000,43.7241,43.9186,41.9833,42.0791,0,0
CLN_PE,D,20181120,000000,42.5639,43.7241,41.9833,43.2413,0,0
CLN_PE,D,20181121,000000,42.4671,43.7241,42.4671,43.7241,0,0
CLN_PE,D,20181122,000000,43.6264,45.0779,43.6264,44.1112,0,0
CLN_PE,D,20181123,000000,44.6919,44.8854,44.6919,44.7886,0,0
CLN_PE,D,20181126,000000,45.1757,45.466,44.0144,45.0779,0,0
CLN_PE,D,20181127,000000,45.2715,46.1434,45.2715,45.7554,0,0
CLN_PE,D,20181128,000000,46.0457,46.1434,44.6919,45.9489,0,0
CLN_PE,D,20181129,000000,45.9489,46.2392,45.466,46.2392,0,0
CLN_PE,D,20181130,000000,46.2392,46.723,46.2392,46.2392,0,0
CLN_PE,D,20181203,000000,46.4327,46.8188,46.4327,46.8188,0,0
CLN_PE,D,20181204,000000,46.0457,47.98,46.0457,47.98,0,0
CLN_PE,D,20181205,000000,48.0768,48.0768,47.111,47.2059,0,0
CLN_PE,D,20181206,000000,47.4004,48.3681,46.1434,47.6907,0,0
CLN_PE,D,20181207,000000,47.6907,48.1736,47.111,48.0768,0,0
CLN_PE,D,20181210,000000,46.723,47.594,45.8512,47.4962,0,0
CLN_PE,D,20181211,000000,47.4962,47.594,45.9489,47.4962,0,0
CLN_PE,D,20181212,000000,47.4004,47.6907,46.2392,47.6907,0,0
CLN_PE,D,20181213,000000,47.6907,48.1736,47.111,47.2059,0,0
CLN_PE,D,20181214,000000,47.2059,47.6907,46.336,46.9165,0,0
CLN_PE,D,20181217,000000,46.8188,47.6907,46.723,47.2059,0,0
CLN_PE,D,20181218,000000,46.723,47.4004,46.1434,46.6262,0,0
CLN_PE,D,20181219,000000,46.723,46.8188,45.6585,46.0457,0,0
CLN_PE,D,20181220,000000,45.7554,45.9489,44.8854,45.3682,0,0
CLN_PE,D,20181221,000000,45.3682,45.8512,44.4983,45.6585,0,0
CLN_PE,D,20181227,000000,45.8512,47.0133,44.8854,46.8188,0,0
CLN_PE,D,20181228,000000,45.7554,46.2392,45.7554,45.8512,0,0
CLN_PE,D,20190102,000000,45.466,45.7554,45.0779,45.6585,0,0
CLN_PE,D,20190103,000000,45.1757,45.466,45.0779,45.466,0,0
CLN_PE,D,20190104,000000,44.9812,45.466,44.8854,45.3682,0,0
CLN_PE,D,20190107,000000,45.3682,45.3682,43.5306,44.6919,0,0
CLN_PE,D,20190108,000000,43.9186,44.8854,43.8209,43.9186,0,0
CLN_PE,D,20190109,000000,44.3038,44.3038,43.9186,44.3038,0,0
CLN_PE,D,20190110,000000,44.7886,44.8854,44.0144,44.7886,0,0
CLN_PE,D,20190111,000000,44.2079,44.6919,44.0144,44.4983,0,0
CLN_PE,D,20190114,000000,44.7886,45.1757,44.7886,44.8854,0,0
CLN_PE,D,20190115,000000,46.2392,46.4327,45.0779,46.2392,0,0
CLN_PE,D,20190116,000000,46.2392,46.4327,46.2392,46.2392,0,0
CLN_PE,D,20190117,000000,45.7554,45.7554,44.7886,45.5617,0,0
CLN_PE,D,20190118,000000,46.0457,46.0457,45.0779,45.5617,0,0
CLN_PE,D,20190121,000000,45.5617,45.5617,45.1757,45.466,0,0
CLN_PE,D,20190122,000000,46.4327,46.4327,45.2715,45.6585,0,0
CLN_PE,D,20190123,000000,46.1434,47.4004,45.6585,46.6262,0,0
CLN_PE,D,20190124,000000,46.9165,47.4004,46.336,46.9165,0,0
CLN_PE,D,20190125,000000,46.4327,46.6262,46.2392,46.5285,0,0
CLN_PE,D,20190128,000000,48.4639,49.3348,48.4639,49.0445,0,0
CLN_PE,D,20190129,000000,49.2381,50.9789,49.2381,50.5928,0,0
CLN_PE,D,20190130,000000,50.8831,51.8499,50.4961,51.4637,0,0
CLN_PE,D,20190131,000000,51.9466,51.9466,50.6886,50.7864,0,0
CLN_PE,D,20190201,000000,51.2692,51.366,50.3016,51.366,0,0
CLN_PE,D,20190204,000000,51.366,51.8499,50.5928,51.366,0,0
CLN_PE,D,20190205,000000,51.366,51.8499,51.366,51.366,0,0
CLN_PE,D,20190206,000000,51.5595,51.5595,50.2048,50.5928,0,0
CLN_PE,D,20190207,000000,50.6886,51.366,49.5284,50.7864,0,0
CLN_PE,D,20190208,000000,50.9789,51.5595,50.9789,51.366,0,0
CLN_PE,D,20190211,000000,51.5595,51.5595,50.4961,51.4637,0,0
CLN_PE,D,20190212,000000,51.2692,51.4637,51.0757,51.4637,0,0
CLN_PE,D,20190213,000000,51.4637,51.7531,51.2692,51.7531,0,0
CLN_PE,D,20190214,000000,51.7531,55.5251,51.7531,55.4293,0,0
CLN_PE,D,20190215,000000,56.0089,59.9765,56.0089,56.5906,0,0
CLN_PE,D,20190218,000000,57.1702,57.8476,55.1391,56.8809,0,0
CLN_PE,D,20190219,000000,57.1702,57.1702,56.2034,56.8809,0,0
CLN_PE,D,20190220,000000,56.1067,56.4929,55.4293,55.7186,0,0
CLN_PE,D,20190221,000000,55.4293,55.7186,54.9455,55.4293,0,0
CLN_PE,D,20190222,000000,54.9455,56.1067,54.6561,55.7186,0,0
CLN_PE,D,20190225,000000,56.0089,57.3637,55.8154,56.3961,0,0
CLN_PE,D,20190226,000000,56.3961,56.3961,54.5584,56.3961,0,0
CLN_PE,D,20190227,000000,56.3961,56.3961,54.751,55.7186,0,0
CLN_PE,D,20190228,000000,55.7186,55.7186,54.9455,55.3326,0,0
CLN_PE,D,20190301,000000,55.2358,56.3961,55.1391,56.2993,0,0
CLN_PE,D,20190304,000000,56.8809,57.8476,56.8809,57.8476,0,0
CLN_PE,D,20190305,000000,58.0412,59.783,58.0412,59.5885,0,0
CLN_PE,D,20190306,000000,59.5885,64.6185,59.5885,63.6518,0,0
CLN_PE,D,20190307,000000,63.1679,66.1658,61.7164,66.1658,0,0
CLN_PE,D,20190308,000000,67.2303,70.4227,65.8765,69.8422,0,0
CLN_PE,D,20190311,000000,70.326,70.326,66.6506,66.94,0,0
CLN_PE,D,20190312,000000,66.4571,68.2948,64.0379,64.1357,0,0
CLN_PE,D,20190313,000000,64.1357,66.4571,62.9754,65.3927,0,0
CLN_PE,D,20190314,000000,65.7798,66.2626,64.5217,65.9733,0,0
CLN_PE,D,20190315,000000,66.0701,66.3603,65.4895,65.9733,0,0
CLN_PE,D,20190318,000000,65.9733,69.7464,65.9733,67.5216,0,0
CLN_PE,D,20190319,000000,68.5851,69.7464,67.5216,68.7786,0,0
CLN_PE,D,20190320,000000,68.6819,68.6819,66.5539,67.4239,0,0
CLN_PE,D,20190321,000000,67.9077,68.1981,66.3603,67.2303,0,0
CLN_PE,D,20190322,000000,68.0054,68.5851,67.1336,67.4239,0,0
CLN_PE,D,20190325,000000,67.4239,68.7786,67.4239,67.6174,0,0
CLN_PE,D,20190326,000000,67.5216,68.6819,67.5216,68.0054,0,0
CLN_PE,D,20190327,000000,68.2948,69.9389,65.7798,65.7798,0,0
CLN_PE,D,20190328,000000,67.2303,67.2303,62.5874,63.0702,0,0
CLN_PE,D,20190329,000000,61.7164,64.0379,61.5229,61.5229,0,0
CLN_PE,D,20190401,000000,62.6841,67.4239,62.6841,67.4239,0,0
CLN_PE,D,20190402,000000,68.1981,74.8732,67.0378,74.7754,0,0
CLN_PE,D,20190403,000000,74.1958,74.1958,70.326,70.326,0,0
CLN_PE,D,20190404,000000,71.1001,71.583,70.0357,70.326,0,0
CLN_PE,D,20190405,000000,70.2302,70.9066,66.8433,66.8433,0,0
CLN_PE,D,20190408,000000,66.8433,68.1981,66.4571,66.8433,0,0
CLN_PE,D,20190409,000000,67.6174,68.3906,67.3281,67.6174,0,0
CLN_PE,D,20190410,000000,68.2948,68.6819,66.8433,67.7141,0,0
CLN_PE,D,20190411,000000,67.5216,68.3906,66.94,67.6174,0,0
CLN_PE,D,20190412,000000,67.7141,68.4874,66.7475,66.8433,0,0
CLN_PE,D,20190415,000000,66.7475,67.9077,66.3603,66.6506,0,0
CLN_PE,D,20190416,000000,68.0054,68.0054,65.1033,65.3927,0,0
CLN_PE,D,20190417,000000,66.1658,67.4239,65.4895,66.0701,0,0
CLN_PE,D,20190418,000000,65.295,67.3281,63.7486,64.5217,0,0
CLN_PE,D,20190423,000000,67.4239,67.4239,65.5862,65.683,0,0
CLN_PE,D,20190424,000000,65.683,65.683,64.5217,64.9088,0,0
CLN_PE,D,20190425,000000,64.9088,65.1992,64.1357,64.6185,0,0
CLN_PE,D,20190426,000000,58.6208,62.3929,58.6208,60.8455,0,0
CLN_PE,D,20190429,000000,61.1173,61.7985,60.4369,61.7985,0,0
CLN_PE,D,20190430,000000,61.7985,64.1347,61.7985,62.6743,0,0
CLN_PE,D,20190502,000000,63.5512,64.3292,63.2589,63.4534,0,0
CLN_PE,D,20190506,000000,62.9675,63.9392,61.994,62.1885,0,0
CLN_PE,D,20190507,000000,62.1885,62.6743,61.7018,61.8963,0,0
CLN_PE,D,20190508,000000,61.8963,63.2589,61.5063,61.604,0,0
CLN_PE,D,20190509,000000,61.4095,61.4095,59.4633,59.4633,0,0
CLN_PE,D,20190510,000000,59.6578,61.1173,58.1008,58.1985,0,0
CLN_PE,D,20190513,000000,59.6578,59.6578,57.5172,58.003,0,0
CLN_PE,D,20190514,000000,55.0834,58.1008,55.0834,58.1008,0,0
CLN_PE,D,20190515,000000,59.4633,59.4633,57.3217,59.2678,0,0
CLN_PE,D,20190516,000000,58.6843,60.825,58.6843,60.825,0,0
CLN_PE,D,20190517,000000,61.0205,62.6743,59.3656,62.3821,0,0
CLN_PE,D,20190520,000000,62.6743,62.6743,61.0205,61.5063,0,0
CLN_PE,D,20190521,000000,61.215,61.7018,61.0205,61.0205,0,0
CLN_PE,D,20190522,000000,59.8524,61.604,59.7556,60.4369,0,0
CLN_PE,D,20190523,000000,61.1173,61.7018,60.5337,60.5337,0,0
CLN_PE,D,20190524,000000,60.5337,61.604,60.5337,61.5063,0,0
CLN_PE,D,20190527,000000,61.604,64.816,61.604,64.2324,0,0
CLN_PE,D,20190528,000000,64.816,65.594,64.6205,65.4972,0,0
CLN_PE,D,20190529,000000,65.3995,65.3995,62.6743,62.7721,0,0
CLN_PE,D,20190530,000000,62.6743,64.5237,62.6743,62.6743,0,0
CLN_PE,D,20190531,000000,63.5512,64.5237,62.4798,64.2324,0,0
CLN_PE,D,20190603,000000,62.7721,64.7182,62.7721,64.3292,0,0
CLN_PE,D,20190604,000000,63.7457,63.7457,62.4798,62.8698,0,0
CLN_PE,D,20190605,000000,62.4798,62.4798,61.5063,61.5063,0,0
CLN_PE,D,20190606,000000,61.215,61.4095,59.9501,61.4095,0,0
CLN_PE,D,20190607,000000,61.4095,63.7457,61.4095,62.9675,0,0
CLN_PE,D,20190610,000000,63.7457,64.2324,61.5063,63.3557,0,0
CLN_PE,D,20190611,000000,63.3557,64.2324,63.3557,63.4534,0,0
CLN_PE,D,20190612,000000,62.9675,65.1082,62.9675,65.1082,0,0
CLN_PE,D,20190613,000000,65.1082,67.8324,65.1082,67.2489,0,0
CLN_PE,D,20190614,000000,67.0544,68.6114,67.0544,68.5137,0,0
CLN_PE,D,20190617,000000,68.6114,71.3356,68.6114,69.9731,0,0
CLN_PE,D,20190618,000000,69.9731,69.9731,68.1247,68.7082,0,0
CLN_PE,D,20190619,000000,69.5851,69.5851,66.7631,67.2489,0,0
CLN_PE,D,20190621,000000,67.4434,69.5851,67.2489,69.1951,0,0
CLN_PE,D,20190624,000000,69.3896,70.0709,67.5402,69.0015,0,0
CLN_PE,D,20190625,000000,69.1951,69.2928,67.6379,69.2928,0,0
CLN_PE,D,20190626,000000,69.8763,69.8763,66.6654,68.806,0,0
CLN_PE,D,20190627,000000,68.806,68.806,66.4699,66.7631,0,0
CLN_PE,D,20190628,000000,68.0279,68.0279,66.9566,66.9566,0,0
CLN_PE,D,20190701,000000,66.9566,68.2224,66.9566,68.0279,0,0
CLN_PE,D,20190702,000000,68.6114,68.6114,66.5676,68.5137,0,0
CLN_PE,D,20190703,000000,68.416,68.416,67.2489,68.3192,0,0
CLN_PE,D,20190704,000000,68.3192,72.1148,67.4434,71.5311,0,0
CLN_PE,D,20190705,000000,71.8235,72.3093,71.0444,71.2389,0,0
CLN_PE,D,20190708,000000,71.4334,71.4334,69.4873,70.0709,0,0
CLN_PE,D,20190709,000000,70.0709,71.7257,69.2928,69.3896,0,0
CLN_PE,D,20190710,000000,70.9466,71.0444,69.0973,70.5576,0,0
CLN_PE,D,20190711,000000,70.5576,71.0444,69.3896,70.5576,0,0
CLN_PE,D,20190712,000000,70.7521,74.5477,70.3631,74.2563,0,0
CLN_PE,D,20190715,000000,74.2563,74.2563,71.2389,71.2389,0,0
CLN_PE,D,20190716,000000,72.2115,73.5741,71.7257,71.8235,0,0
CLN_PE,D,20190717,000000,72.3093,73.3805,71.9203,72.6015,0,0
CLN_PE,D,20190718,000000,72.6015,72.6015,70.3631,70.8499,0,0
CLN_PE,D,20190719,000000,71.9203,73.5741,71.7257,73.3805,0,0
CLN_PE,D,20190722,000000,73.5741,75.3267,72.5038,72.5038,0,0
CLN_PE,D,20190723,000000,73.2828,73.8663,72.797,72.9905,0,0
CLN_PE,D,20190724,000000,73.4773,73.7686,73.4773,73.6718,0,0
CLN_PE,D,20190725,000000,74.1586,74.1586,72.8928,73.1851,0,0
CLN_PE,D,20190726,000000,74.0618,74.0618,72.3093,73.0883,0,0
CLN_PE,D,20190729,000000,73.0883,73.0883,71.5311,71.5311,0,0
CLN_PE,D,20190730,000000,70.8499,70.8499,67.4434,70.3631,0,0
CLN_PE,D,20190731,000000,69.2928,70.5576,68.1247,70.1686,0,0
CLN_PE,D,20190801,000000,70.3631,70.3631,68.6114,68.806,0,0
CLN_PE,D,20190802,000000,68.2224,69.1951,67.4434,67.4434,0,0
CLN_PE,D,20190805,000000,67.2489,67.2489,65.3995,65.7895,0,0
CLN_PE,D,20190806,000000,63.5512,66.2754,63.5512,65.3017,0,0
CLN_PE,D,20190807,000000,64.816,65.7895,62.3821,62.6743,0,0
CLN_PE,D,20190808,000000,62.4798,65.3995,62.4798,64.4269,0,0
CLN_PE,D,20190809,000000,65.4972,65.4972,62.6743,62.6743,0,0
CLN_PE,D,20190812,000000,63.1611,64.1347,61.1173,63.1611,0,0
CLN_PE,D,20190813,000000,63.0633,64.4269,62.4798,62.6743,0,0
CLN_PE,D,20190814,000000,62.2853,63.9392,62.2853,62.6743,0,0
CLN_PE,D,20190816,000000,63.4534,65.205,62.2853,62.6743,0,0
CLN_PE,D,20190819,000000,63.7457,63.9392,62.6743,63.4534,0,0
CLN_PE,D,20190820,000000,63.4534,65.3017,62.7721,63.4534,0,0
CLN_PE,D,20190821,000000,63.4534,63.4534,62.8698,63.1611,0,0
CLN_PE,D,20190822,000000,63.4534,63.4534,62.3821,62.6743,0,0
CLN_PE,D,20190823,000000,62.6743,64.0369,62.0908,62.3821,0,0
CLN_PE,D,20190826,000000,61.8963,62.3821,60.9227,61.8963,0,0
CLN_PE,D,20190827,000000,61.7018,61.7018,60.9227,61.215,0,0
CLN_PE,D,20190828,000000,61.7985,62.3821,60.7292,61.215,0,0
CLN_PE,D,20190829,000000,60.9227,62.0908,60.9227,62.0908,0,0
CLN_PE,D,20190830,000000,62.2853,65.7895,61.8963,61.8963,0,0
CLN_PE,D,20190902,000000,61.7985,64.9127,61.7985,63.0633,0,0
CLN_PE,D,20190903,000000,64.2324,64.2324,62.1885,62.6743,0,0
CLN_PE,D,20190904,000000,62.5775,63.6479,61.4095,62.9675,0,0
CLN_PE,D,20190905,000000,62.8698,63.8424,62.6743,63.3557,0,0
CLN_PE,D,20190906,000000,62.8698,63.5512,61.8963,61.8963,0,0
CLN_PE,D,20190909,000000,63.1611,63.1611,60.825,61.4095,0,0
CLN_PE,D,20190910,000000,62.2853,62.2853,58.6843,58.8788,0,0
CLN_PE,D,20190911,000000,59.0743,61.215,58.003,61.215,0,0
CLN_PE,D,20190912,000000,62.2853,62.2853,60.6315,61.4095,0,0
CLN_PE,D,20190913,000000,61.4095,63.1611,61.215,61.8963,0,0
CLN_PE,D,20190916,000000,63.0633,64.0369,62.1885,62.2853,0,0
CLN_PE,D,20190917,000000,63.3557,63.9392,62.1885,62.1885,0,0
CLN_PE,D,20190918,000000,63.3557,64.5237,61.994,62.9675,0,0
CLN_PE,D,20190919,000000,63.8424,64.1347,62.6743,63.1611,0,0
CLN_PE,D,20190920,000000,63.9392,64.0369,63.0633,63.0633,0,0
CLN_PE,D,20190923,000000,64.0369,67.8324,63.1611,66.4699,0,0
CLN_PE,D,20190924,000000,67.8324,70.3631,67.6379,69.0015,0,0
CLN_PE,D,20190925,000000,69.1951,69.1951,67.2489,67.2489,0,0
CLN_PE,D,20190926,000000,66.4699,68.6114,65.8863,65.8863,0,0
CLN_PE,D,20190927,000000,65.984,66.7631,64.6205,64.7182,0,0
CLN_PE,D,20190930,000000,63.4534,80.5816,61.7985,80.5816,0,0
CLN_PE,D,20191001,000000,80.9716,85.6429,79.3167,83.7936,0,0
CLN_PE,D,20191002,000000,85.3506,85.3506,80.7761,80.7761,0,0
CLN_PE,D,20191003,000000,80.5816,81.6529,80.5816,81.6529,0,0
CLN_PE,D,20191004,000000,81.6529,82.9178,80.0957,82.9178,0,0
CLN_PE,D,20191007,000000,83.0145,84.4748,82.9178,83.8913,0,0
CLN_PE,D,20191008,000000,85.8365,87.6868,82.9178,86.3242,0,0
CLN_PE,D,20191009,000000,86.7132,88.6604,86.3242,87.7835,0,0
CLN_PE,D,20191010,000000,88.6604,89.632,86.2265,87.6868,0,0
CLN_PE,D,20191011,000000,89.4375,89.4375,85.0584,86.032,0,0
CLN_PE,D,20191014,000000,84.7671,86.032,83.21,83.5013,0,0
CLN_PE,D,20191015,000000,83.5013,84.7671,83.3068,83.5013,0,0
CLN_PE,D,20191016,000000,83.4036,84.7671,83.4036,83.8913,0,0
CLN_PE,D,20191017,000000,83.8913,85.2529,83.7936,85.1561,0,0
CLN_PE,D,20191018,000000,85.2529,86.032,83.3068,83.4036,0,0
CLN_PE,D,20191021,000000,83.8913,84.7671,83.0145,83.7936,0,0
CLN_PE,D,20191022,000000,84.1826,84.1826,81.4574,81.4574,0,0
CLN_PE,D,20191023,000000,81.1651,82.6264,78.9267,81.1651,0,0
CLN_PE,D,20191024,000000,81.5551,81.7496,80.3871,80.7761,0,0
CLN_PE,D,20191025,000000,80.1926,82.5287,78.6354,79.1222,0,0
CLN_PE,D,20191028,000000,79.0244,82.3332,79.0244,81.1651,0,0
CLN_PE,D,20191029,000000,81.9441,82.8199,81.5551,81.9441,0,0
CLN_PE,D,20191030,000000,82.7222,82.7222,80.9716,82.3332,0,0
CLN_PE,D,20191031,000000,82.3332,82.3332,81.3606,81.9441,0,0
CLN_PE,D,20191104,000000,81.7496,85.0584,80.8739,84.5716,0,0
CLN_PE,D,20191105,000000,84.5716,84.8648,83.8913,84.7671,0,0
CLN_PE,D,20191106,000000,84.7671,85.1561,83.6958,84.7671,0,0
CLN_PE,D,20191107,000000,83.8913,83.9881,83.0145,83.8913,0,0
CLN_PE,D,20191108,000000,85.2529,85.8365,83.4036,85.6429,0,0
CLN_PE,D,20191112,000000,83.21,116.397,83.21,116.397,0,0
CLN_PE,D,20191113,000000,116.397,119.603,116.006,116.006,0,0
CLN_PE,D,20191114,000000,116.3,117.854,114.55,115.81,0,0
CLN_PE,D,20191115,000000,115.137,118.342,115.137,117.169,0,0
CLN_PE,D,20191118,000000,117.463,118.537,117.463,117.854,0,0
CLN_PE,D,20191119,000000,118.733,120.092,118.146,119.799,0,0
CLN_PE,D,20191120,000000,120.874,123.992,118.44,119.896,0,0
CLN_PE,D,20191121,000000,119.505,119.505,116.3,117.267,0,0
CLN_PE,D,20191122,000000,117.463,117.463,114.55,114.55,0,0
CLN_PE,D,20191125,000000,113.182,116.397,111.138,116.104,0,0
CLN_PE,D,20191126,000000,116.104,119.017,116.104,118.636,0,0
CLN_PE,D,20191127,000000,118.636,118.636,116.006,117.072,0,0
CLN_PE,D,20191128,000000,116.3,117.755,115.909,117.658,0,0
CLN_PE,D,20191129,000000,117.658,118.342,116.592,118.342,0,0
CLN_PE,D,20191202,000000,119.017,120.874,117.658,118.342,0,0
CLN_PE,D,20191203,000000,118.636,120.092,116.886,119.017,0,0
CLN_PE,D,20191204,000000,120.092,120.385,118.928,120.19,0,0
CLN_PE,D,20191205,000000,120.19,120.19,116.397,116.397,0,0
CLN_PE,D,20191206,000000,116.397,116.397,114.843,115.038,0,0
CLN_PE,D,20191209,000000,116.397,116.397,114.355,114.746,0,0
CLN_PE,D,20191210,000000,114.746,114.746,112.408,113.67,0,0
CLN_PE,D,20191211,000000,112.311,112.311,109.574,109.574,0,0
CLN_PE,D,20191212,000000,109.574,109.965,104.717,107.345,0,0
CLN_PE,D,20191213,000000,107.053,111.529,105.987,106.28,0,0
CLN_PE,D,20191216,000000,106.28,108.127,105.009,108.127,0,0
CLN_PE,D,20191217,000000,109.574,109.672,107.053,108.421,0,0
CLN_PE,D,20191218,000000,108.03,108.03,106.563,106.857,0,0
CLN_PE,D,20191219,000000,105.791,106.954,104.717,105.498,0,0
CLN_PE,D,20191220,000000,105.498,105.498,103.064,103.153,0,0
CLN_PE,D,20191223,000000,103.153,108.714,103.153,108.323,0,0
CLN_PE,D,20191227,000000,108.714,108.714,107.053,107.053,0,0
CLN_PE,D,20191230,000000,106.563,110.454,104.912,105.009,0,0
CLN_PE,D,20200102,000000,105.108,111.138,105.108,111.04,0,0
CLN_PE,D,20200103,000000,112.604,115.038,111.822,115.038,0,0
CLN_PE,D,20200107,000000,116.886,117.658,115.038,115.723,0,0
CLN_PE,D,20200108,000000,115.81,115.81,112.791,115.429,0,0
CLN_PE,D,20200109,000000,116.201,119.799,116.201,119.017,0,0
CLN_PE,D,20200110,000000,120.092,121.655,119.212,121.655,0,0
CLN_PE,D,20200113,000000,129.339,129.339,123.21,127.687,0,0
CLN_PE,D,20200114,000000,129.046,133.229,129.046,131.587,0,0
CLN_PE,D,20200115,000000,131.968,131.968,126.905,126.905,0,0
CLN_PE,D,20200116,000000,127.883,129.241,125.928,126.416,0,0
CLN_PE,D,20200117,000000,126.416,129.632,126.416,129.143,0,0
CLN_PE,D,20200120,000000,129.534,132.936,129.534,132.447,0,0
CLN_PE,D,20200121,000000,133.229,133.229,131.968,132.251,0,0
CLN_PE,D,20200122,000000,132.251,132.251,128.078,131.196,0,0
CLN_PE,D,20200123,000000,130.903,130.903,125.634,125.634,0,0
CLN_PE,D,20200124,000000,124.568,125.928,121.558,123.014,0,0
CLN_PE,D,20200127,000000,123.014,125.155,117.755,119.017,0,0
CLN_PE,D,20200128,000000,122.232,123.699,119.408,121.655,0,0
CLN_PE,D,20200129,000000,123.014,123.014,120.092,121.655,0,0
CLN_PE,D,20200130,000000,123.21,123.21,118.733,118.733,0,0
CLN_PE,D,20200131,000000,119.114,121.558,116.397,116.397,0,0
CLN_PE,D,20200203,000000,115.909,118.245,115.429,116.104,0,0
CLN_PE,D,20200204,000000,116.104,116.104,110.161,111.822,0,0
CLN_PE,D,20200205,000000,111.822,115.038,111.822,115.038,0,0
CLN_PE,D,20200206,000000,115.723,117.658,115.332,115.332,0,0
CLN_PE,D,20200207,000000,116.397,116.397,112.408,112.692,0,0
CLN_PE,D,20200210,000000,112.692,112.692,109.3,110.161,0,0
CLN_PE,D,20200211,000000,110.161,110.161,109.008,109.965,0,0
CLN_PE,D,20200212,000000,112.116,117.951,111.04,117.951,0,0
CLN_PE,D,20200213,000000,119.017,119.505,116.592,116.886,0,0
CLN_PE,D,20200214,000000,116.397,116.397,115.332,116.104,0,0
CLN_PE,D,20200217,000000,116.397,118.44,115.038,118.44,0,0
CLN_PE,D,20200218,000000,118.733,118.733,115.723,116.788,0,0
CLN_PE,D,20200219,000000,121.655,124.862,116.788,116.788,0,0
CLN_PE,D,20200220,000000,117.463,117.463,114.159,114.355,0,0
CLN_PE,D,20200221,000000,117.755,117.755,115.137,115.429,0,0
CLN_PE,D,20200224,000000,115.429,115.429,109.574,109.77,0,0
CLN_PE,D,20200225,000000,109.008,113.768,106.085,113.279,0,0
CLN_PE,D,20200226,000000,113.279,116.104,109.105,110.258,0,0
CLN_PE,D,20200227,000000,109.965,109.965,101.804,105.4,0,0
CLN_PE,D,20200228,000000,101.51,104.717,94.9856,98.8808,0,0
CLN_PE,D,20200302,000000,103.064,106.28,98.392,102.869,0,0
CLN_PE,D,20200303,000000,105.694,107.932,103.25,105.791,0,0
CLN_PE,D,20200304,000000,103.641,107.15,103.153,105.4,0,0
CLN_PE,D,20200305,000000,108.714,111.04,103.641,103.641,0,0
CLN_PE,D,20200306,000000,104.032,104.032,99.3695,100.533,0,0
CLN_PE,D,20200309,000000,92.5517,94.3043,86.9078,86.9078,0,0
CLN_PE,D,20200310,000000,89.9252,90.7032,82.9178,84.6693,0,0
CLN_PE,D,20200311,000000,86.032,87.199,75.8135,79.3167,0,0
CLN_PE,D,20200312,000000,71.2389,71.2389,64.2324,64.816,0,0
CLN_PE,D,20200313,000000,66.6654,87.2968,63.3557,74.7422,0,0
CLN_PE,D,20200316,000000,76.2025,84.6693,70.7521,84.6693,0,0
CLN_PE,D,20200317,000000,84.6693,99.76,84.6693,92.5517,0,0
CLN_PE,D,20200318,000000,96.2504,96.2504,86.7132,87.2968,0,0
CLN_PE,D,20200319,000000,85.3506,92.1636,84.6693,84.6693,0,0
CLN_PE,D,20200320,000000,87.2968,89.7297,79.3167,79.3167,0,0
CLN_PE,D,20200323,000000,79.3167,110.063,75.7157,110.063,0,0
CLN_PE,D,20200324,000000,114.647,116.691,112.791,112.791,0,0
CLN_PE,D,20200325,000000,114.843,119.603,108.226,115.038,0,0
CLN_PE,D,20200326,000000,116.886,118.537,115.625,118.146,0,0
CLN_PE,D,20200327,000000,120.776,121.46,117.56,117.56,0,0
CLN_PE,D,20200330,000000,117.755,124.568,113.67,123.699,0,0
CLN_PE,D,20200331,000000,123.014,131.773,123.014,127.296,0,0
CLN_PE,D,20200401,000000,128.371,128.371,123.796,123.992,0,0
CLN_PE,D,20200402,000000,123.796,127.101,123.405,126.221,0,0
CLN_PE,D,20200403,000000,126.612,135.077,123.699,132.056,0,0
CLN_PE,D,20200406,000000,133.913,146.571,133.913,141.401,0,0
CLN_PE,D,20200407,000000,145.985,145.985,134.597,135.565,0,0
CLN_PE,D,20200408,000000,137.52,137.52,127.98,131.773,0,0
CLN_PE,D,20200409,000000,132.545,132.936,125.537,126.612,0,0
CLN_PE,D,20200414,000000,126.221,126.221,123.699,124.764,0,0
CLN_PE,D,20200415,000000,124.764,124.764,118.928,119.408,0,0
CLN_PE,D,20200416,000000,119.408,125.83,119.408,122.526,0,0
CLN_PE,D,20200417,000000,127.883,127.883,124.764,125.439,0,0
CLN_PE,D,20200420,000000,126.514,126.514,122.526,124.764,0,0
CLN_PE,D,20200421,000000,126.612,126.612,115.234,117.463,0,0
CLN_PE,D,20200422,000000,117.854,118.049,116.006,116.691,0,0
CLN_PE,D,20200423,000000,117.463,120.874,113.964,118.733,0,0
CLN_PE,D,20200424,000000,116.006,117.463,114.452,117.072,0,0
CLN_PE,D,20200427,000000,117.072,117.072,111.138,111.138,0,0
CLN_PE,D,20200428,000000,112.213,112.213,106.563,108.617,0,0
CLN_PE,D,20200429,000000,108.617,122.917,107.736,122.046,0,0
CLN_PE,D,20200430,000000,124.764,124.764,117.658,118.342,0,0
CLN_PE,D,20200504,000000,118.342,122.917,114.647,121.069,0,0
CLN_PE,D,20200505,000000,119.994,123.112,119.994,121.46,0,0
CLN_PE,D,20200506,000000,120.385,120.385,117.267,118.537,0,0
CLN_PE,D,20200507,000000,118.537,118.537,115.234,117.072,0,0
CLN_PE,D,20200508,000000,116.691,117.072,116.104,117.072,0,0
CLN_PE,D,20200511,000000,124.09,124.383,97.2201,97.2201,0,0
CLN_PE,D,20200512,000000,98.6853,98.8808,95.4714,98.4898,0,0
CLN_PE,D,20200513,000000,98.392,101.022,97.3168,100.924,0,0
CLN_PE,D,20200514,000000,100.924,100.924,96.1536,97.9033,0,0
CLN_PE,D,20200515,000000,98.4898,99.0763,97.6101,97.7078,0,0
CLN_PE,D,20200518,000000,100.533,100.533,95.0823,95.0823,0,0
CLN_PE,D,20200519,000000,95.0823,97.3168,95.0823,96.2504,0,0
CLN_PE,D,20200520,000000,97.3168,97.3168,96.1536,96.2504,0,0
CLN_PE,D,20200521,000000,96.2504,97.0285,96.1536,96.6394,0,0
CLN_PE,D,20200522,000000,96.3471,97.2201,96.3471,96.8349,0,0
CLN_PE,D,20200525,000000,96.2504,96.3471,93.9152,95.1801,0,0
CLN_PE,D,20200526,000000,95.1801,96.8349,95.1801,96.2504,0,0
CLN_PE,D,20200527,000000,95.8614,96.8349,94.8878,96.3471,0,0
CLN_PE,D,20200528,000000,96.6394,96.6394,94.8878,95.9591,0,0
CLN_PE,D,20200529,000000,95.6659,96.1536,94.4988,96.0559,0,0
CLN_PE,D,20200601,000000,96.9375,96.9375,94.3991,95.1801,0,0
CLN_PE,D,20200602,000000,96.0588,96.0588,94.3014,95.9611,0,0
CLN_PE,D,20200603,000000,96.5466,102.497,96.5466,102.302,0,0
CLN_PE,D,20200604,000000,103.769,104.648,103.182,103.964,0,0
CLN_PE,D,20200605,000000,105.332,108.753,105.332,108.362,0,0
CLN_PE,D,20200608,000000,111.48,111.48,108.069,111.48,0,0
CLN_PE,D,20200609,000000,112.36,112.36,108.069,111.48,0,0
CLN_PE,D,20200610,000000,112.36,115.194,112.36,114.999,0,0
CLN_PE,D,20200612,000000,109.721,113.631,109.721,113.533,0,0
CLN_PE,D,20200615,000000,112.36,117.629,109.144,115.194,0,0
CLN_PE,D,20200616,000000,118.312,122.809,117.238,122.809,0,0
CLN_PE,D,20200617,000000,125.439,125.439,119.584,119.584,0,0
CLN_PE,D,20200618,000000,119.779,121.245,117.629,121.245,0,0
CLN_PE,D,20200619,000000,122.418,123.591,120.366,122.712,0,0
CLN_PE,D,20200622,000000,123.298,123.298,120.072,121.245,0,0
CLN_PE,D,20200623,000000,121.245,128.078,121.148,128.078,0,0
CLN_PE,D,20200624,000000,129.251,129.935,125.243,127.101,0,0
CLN_PE,D,20200625,000000,126.807,128.371,124.471,127.003,0,0
CLN_PE,D,20200626,000000,127.198,127.492,120.463,121.245,0,0
CLN_PE,D,20200629,000000,121.831,121.831,115.293,115.293,0,0
CLN_PE,D,20200630,000000,115.585,117.922,112.653,112.653,0,0
CLN_PE,D,20200701,000000,115.585,117.335,113.24,116.758,0,0
CLN_PE,D,20200702,000000,116.758,121.049,116.758,121.049,0,0
CLN_PE,D,20200703,000000,120.366,122.809,119.779,119.779,0,0
CLN_PE,D,20200706,000000,121.148,121.245,117.433,120.072,0,0
CLN_PE,D,20200707,000000,120.952,125.634,119.779,125.634,0,0
CLN_PE,D,20200708,000000,126.514,129.348,124.177,128.566,0,0
CLN_PE,D,20200709,000000,129.447,131.206,127.394,130.424,0,0
CLN_PE,D,20200710,000000,131.597,131.597,123.2,127.98,0,0
CLN_PE,D,20200713,000000,127.98,127.98,122.809,124.657,0,0
CLN_PE,D,20200714,000000,124.657,127.198,122.125,123.004,0,0
CLN_PE,D,20200715,000000,122.222,124.95,121.93,123.884,0,0
CLN_PE,D,20200716,000000,126.514,126.514,121.831,121.831,0,0
CLN_PE,D,20200717,000000,122.712,123.884,122.027,122.222,0,0
CLN_PE,D,20200720,000000,122.907,124.471,122.613,124.471,0,0
CLN_PE,D,20200721,000000,125.537,130.717,125.048,127.101,0,0
CLN_PE,D,20200722,000000,127.394,127.394,120.854,121.343,0,0
CLN_PE,D,20200723,000000,121.343,125.537,118.802,120.072,0,0
CLN_PE,D,20200724,000000,118.606,121.245,114.12,121.245,0,0
CLN_PE,D,20200727,000000,121.148,121.734,117.531,121.245,0,0
CLN_PE,D,20200728,000000,121.245,127.003,120.952,125.341,0,0
CLN_PE,D,20200729,000000,125.341,125.634,119.779,125.634,0,0
CLN_PE,D,20200730,000000,126.514,126.514,114.12,115.194,0,0
CLN_PE,D,20200731,000000,115.585,119.29,115.585,116.172,0,0
CLN_PE,D,20200803,000000,118.215,121.831,115.293,121.831,0,0
CLN_PE,D,20200804,000000,122.027,123.786,118.606,121.245,0,0
CLN_PE,D,20200805,000000,123.786,123.786,119.779,122.712,0,0
CLN_PE,D,20200806,000000,123.982,123.982,118.411,120.072,0,0
CLN_PE,D,20200807,000000,120.17,121.245,117.726,118.508,0,0
CLN_PE,D,20200810,000000,122.321,122.613,120.17,121.831,0,0
CLN_PE,D,20200811,000000,122.418,122.613,118.215,118.215,0,0
CLN_PE,D,20200812,000000,118.508,119.681,115.293,118.215,0,0
CLN_PE,D,20200813,000000,117.629,120.17,117.433,118.215,0,0
CLN_PE,D,20200814,000000,118.215,119.29,116.857,117.922,0,0
CLN_PE,D,20200817,000000,119.681,119.681,117.922,118.508,0,0
CLN_PE,D,20200818,000000,118.802,121.44,118.411,119.485,0,0
CLN_PE,D,20200819,000000,119.485,131.303,118.411,130.815,0,0
CLN_PE,D,20200820,000000,132.466,136.279,130.229,132.466,0,0
CLN_PE,D,20200821,000000,133.835,133.835,127.492,129.544,0,0
CLN_PE,D,20200824,000000,130.13,131.303,129.544,129.838,0,0
CLN_PE,D,20200825,000000,131.206,131.206,126.905,127.101,0,0
CLN_PE,D,20200826,000000,124.852,127.687,124.852,127.101,0,0
CLN_PE,D,20200827,000000,128.566,129.348,126.319,128.566,0,0
CLN_PE,D,20200828,000000,128.566,129.544,126.221,129.544,0,0
CLN_PE,D,20200831,000000,129.935,132.466,129.642,130.13,0,0
CLN_PE,D,20200901,000000,130.424,131.597,124.754,125.048,0,0
CLN_PE,D,20200902,000000,127.101,127.101,124.754,125.048,0,0
CLN_PE,D,20200903,000000,127.003,127.589,124.177,124.177,0,0
CLN_PE,D,20200904,000000,124.177,124.177,121.343,121.343,0,0
CLN_PE,D,20200907,000000,121.245,124.177,119.876,121.831,0,0
CLN_PE,D,20200908,000000,121.831,121.831,110.601,116.954,0,0
CLN_PE,D,20200909,000000,112.36,127.784,112.36,126.514,0,0
CLN_PE,D,20200910,000000,129.348,129.348,123.982,124.754,0,0
CLN_PE,D,20200911,000000,127.101,127.101,124.471,125.928,0,0
CLN_PE,D,20200914,000000,125.928,127.003,124.177,124.177,0,0
CLN_PE,D,20200915,000000,125.634,128.274,124.471,125.634,0,0
CLN_PE,D,20200916,000000,125.634,125.634,121.831,123.004,0,0
CLN_PE,D,20200917,000000,122.418,123.395,120.366,120.757,0,0
CLN_PE,D,20200918,000000,120.17,125.928,120.17,125.634,0,0
CLN_PE,D,20200921,000000,126.221,126.221,119.779,119.779,0,0
CLN_PE,D,20200922,000000,119.193,126.416,119.193,125.243,0,0
CLN_PE,D,20200923,000000,124.177,125.243,121.831,122.712,0,0
CLN_PE,D,20200924,000000,122.712,123.004,118.802,119.779,0,0
CLN_PE,D,20200925,000000,119.779,121.245,118.997,119.485,0,0
CLN_PE,D,20200928,000000,126.905,126.905,74.6796,74.6796,0,0
CLN_PE,D,20200929,000000,78.4869,78.4869,76.2416,76.8271,0,0
CLN_PE,D,20200930,000000,76.8271,76.8271,73.8009,75.1674,0,0
CLN_PE,D,20201001,000000,76.4371,76.6316,74.2896,75.1674,0,0
CLN_PE,D,20201002,000000,74.5819,74.5819,72.4343,72.7276,0,0
CLN_PE,D,20201005,000000,72.6298,73.5086,71.0679,72.0443,0,0
CLN_PE,D,20201006,000000,74.9729,75.1674,72.5321,72.6298,0,0
CLN_PE,D,20201007,000000,72.8243,74.0941,71.7511,71.9466,0,0
CLN_PE,D,20201008,000000,72.0443,72.5321,71.3601,71.6533,0,0
CLN_PE,D,20201009,000000,71.5556,72.1411,71.0679,71.4579,0,0
CLN_PE,D,20201012,000000,73.4109,73.4109,71.5556,71.6533,0,0
CLN_PE,D,20201013,000000,71.8488,72.4343,69.8959,70.4824,0,0
CLN_PE,D,20201014,000000,69.9936,69.9936,68.5294,68.5294,0,0
CLN_PE,D,20201015,000000,68.5294,68.6272,65.5031,66.0886,0,0
CLN_PE,D,20201016,000000,64.8199,67.0651,63.6489,66.5774,0,0
CLN_PE,D,20201019,000000,66.5774,68.1394,65.8941,66.6751,0,0
CLN_PE,D,20201020,000000,67.9438,68.2372,65.9919,66.9674,0,0
CLN_PE,D,20201021,000000,68.2372,68.2372,64.7222,65.3076,0,0
CLN_PE,D,20201022,000000,64.5267,64.8199,62.1846,63.2579,0,0
CLN_PE,D,20201023,000000,64.0389,64.0389,62.5746,63.2579,0,0
CLN_PE,D,20201026,000000,63.0624,63.0624,59.6462,59.6462,0,0
CLN_PE,D,20201027,000000,60.1339,61.5981,59.6462,60.0362,0,0
CLN_PE,D,20201028,000000,60.0362,60.0362,57.3031,58.1819,0,0
CLN_PE,D,20201029,000000,58.3774,61.2081,57.3031,61.2081,0,0
CLN_PE,D,20201030,000000,61.9891,61.9891,58.1819,60.1339,0,0
CLN_PE,D,20201102,000000,62.9656,63.5512,61.4036,61.7936,0,0
CLN_PE,D,20201103,000000,63.2579,63.5512,61.4036,62.2814,0,0
CLN_PE,D,20201104,000000,62.6723,62.8678,60.0362,60.7204,0,0
CLN_PE,D,20201105,000000,61.0126,62.3791,59.7439,60.0362,0,0
CLN_PE,D,20201106,000000,62.7701,73.5086,62.7701,71.6533,0,0
CLN_PE,D,20201109,000000,77.0226,85.6136,72.1411,76.3393,0,0
CLN_PE,D,20201110,000000,78.7801,78.7801,72.0443,75.3629,0,0
CLN_PE,D,20201112,000000,76.0461,78.3892,74.4841,77.0226,0,0
CLN_PE,D,20201113,000000,76.8271,76.8271,73.6054,75.1674,0,0
CLN_PE,D,20201116,000000,74.2896,76.7293,74.2896,74.2896,0,0
CLN_PE,D,20201117,000000,74.3864,75.6561,74.3864,75.5584,0,0
CLN_PE,D,20201118,000000,75.7539,76.5348,74.8751,76.1439,0,0
CLN_PE,D,20201119,000000,76.7293,76.7293,73.8009,74.0941,0,0
CLN_PE,D,20201120,000000,74.7774,74.7774,72.6298,73.2154,0,0
CLN_PE,D,20201123,000000,73.4109,74.3864,72.7276,73.3132,0,0
CLN_PE,D,20201124,000000,73.2154,74.2896,73.0198,73.9964,0,0
CLN_PE,D,20201125,000000,73.9964,75.0706,73.1177,74.4841,0,0
CLN_PE,D,20201126,000000,74.7774,74.8751,73.6054,74.8751,0,0
CLN_PE,D,20201127,000000,75.0706,76.3393,73.4109,74.5819,0,0
CLN_PE,D,20201130,000000,73.7032,74.0941,72.9221,73.3132,0,0
CLN_PE,D,20201201,000000,73.2154,73.8986,67.6506,67.6506,0,0
CLN_PE,D,20201202,000000,68.5294,69.2127,67.4561,68.3339,0,0
CLN_PE,D,20201203,000000,68.3339,71.4579,68.3339,68.6272,0,0
CLN_PE,D,20201204,000000,69.9936,71.4579,69.9936,70.1891,0,0
CLN_PE,D,20201207,000000,70.2869,70.2869,68.5294,68.7249,0,0
CLN_PE,D,20201208,000000,68.3339,70.6769,68.1394,70.6769,0,0
CLN_PE,D,20201209,000000,71.3601,71.3601,69.5059,70.8724,0,0
CLN_PE,D,20201210,000000,70.8724,70.8724,69.4081,69.6036,0,0
CLN_PE,D,20201211,000000,69.7991,69.7991,68.4317,68.7249,0,0
CLN_PE,D,20201214,000000,68.4317,69.1149,67.3583,68.2372,0,0
CLN_PE,D,20201215,000000,68.0416,69.7991,67.4561,68.5294,0,0
CLN_PE,D,20201216,000000,68.6272,69.2127,68.0416,68.8227,0,0
CLN_PE,D,20201217,000000,69.1149,69.1149,67.7483,68.0416,0,0
CLN_PE,D,20201218,000000,67.4561,68.3339,66.1864,67.4561,0,0
CLN_PE,D,20201221,000000,66.4796,66.4796,63.6489,64.8199,0,0
CLN_PE,D,20201222,000000,65.0154,65.6986,64.0389,65.3076,0,0
CLN_PE,D,20201223,000000,65.9919,66.9674,65.0154,65.2109,0,0
CLN_PE,D,20201228,000000,65.8941,66.5774,64.3322,65.1131,0,0
CLN_PE,D,20201229,000000,66.7728,69.7991,63.9412,63.9412,0,0
CLN_PE,D,20201230,000000,62.0868,67.5528,62.0868,67.5528,0,0
CLN_PE,D,20210104,000000,69.0181,72.7276,68.3339,72.4343,0,0
CLN_PE,D,20210105,000000,72.7276,73.0198,71.4579,72.3366,0,0
CLN_PE,D,20210107,000000,72.7276,77.9013,72.7276,77.9013,0,0
CLN_PE,D,20210108,000000,77.3158,77.3158,75.1674,76.1439,0,0
CLN_PE,D,20210111,000000,86.6868,89.6154,85.1249,85.6136,0,0
CLN_PE,D,20210112,000000,86.9801,89.1276,83.9539,85.1249,0,0
CLN_PE,D,20210113,000000,84.9294,85.8081,82.0008,85.3203,0,0
CLN_PE,D,20210114,000000,85.0271,86.0036,85.0271,85.6136,0,0
CLN_PE,D,20210115,000000,85.6136,85.9058,84.1484,84.9294,0,0
CLN_PE,D,20210118,000000,85.9058,87.8588,85.8081,87.8588,0,0
CLN_PE,D,20210119,000000,90.8851,90.8851,86.6868,86.6868,0,0
CLN_PE,D,20210120,000000,86.6868,87.5656,85.3203,86.6868,0,0
CLN_PE,D,20210121,000000,84.8326,84.8326,80.2444,82.4896,0,0
CLN_PE,D,20210122,000000,83.3684,83.3684,77.5103,79.9511,0,0
CLN_PE,D,20210125,000000,80.1466,80.1466,77.9991,79.8534,0,0
CLN_PE,D,20210126,000000,80.0489,80.0489,77.8036,78.0968,0,0
CLN_PE,D,20210127,000000,78.1937,78.1937,74.8751,74.8751,0,0
CLN_PE,D,20210128,000000,74.4841,77.2181,72.1411,76.8271,0,0
CLN_PE,D,20210129,000000,77.1203,77.1203,73.3132,73.9964,0,0
CLN_PE,D,20210201,000000,74.9729,75.5584,72.8243,74.6796,0,0
CLN_PE,D,20210202,000000,74.8751,76.0461,74.5819,74.9729,0,0
CLN_PE,D,20210203,000000,74.6796,75.7539,74.1919,74.2896,0,0
CLN_PE,D,20210204,000000,74.5819,74.5819,72.6298,72.6298,0,0
CLN_PE,D,20210205,000000,72.5321,75.1674,72.5321,73.3132,0,0
CLN_PE,D,20210208,000000,73.8986,74.6796,73.1177,73.1177,0,0
CLN_PE,D,20210209,000000,75.4606,77.7058,73.6054,75.0706,0,0
CLN_PE,D,20210210,000000,75.9484,78.7801,75.9484,77.2181,0,0
CLN_PE,D,20210211,000000,78.8769,83.075,78.8769,83.075,0,0
CLN_PE,D,20210212,000000,82.7818,82.7818,79.8534,81.0253,0,0
CLN_PE,D,20210215,000000,82.0008,83.3684,78.6824,78.7801,0,0
CLN_PE,D,20210216,000000,79.0724,80.8298,77.8036,78.7801,0,0
CLN_PE,D,20210217,000000,78.2914,78.4869,75.1674,76.6316,0,0
CLN_PE,D,20210218,000000,75.4606,78.0968,75.4606,76.1439,0,0
CLN_PE,D,20210219,000000,75.8506,77.5103,75.2651,77.1203,0,0
CLN_PE,D,20210222,000000,77.9013,81.1221,75.7539,81.0253,0,0
CLN_PE,D,20210223,000000,81.5131,81.5131,77.7058,81.5131,0,0
CLN_PE,D,20210224,000000,84.8326,88.5421,77.5103,80.3421,0,0
CLN_PE,D,20210225,000000,82.0986,82.0986,77.7058,77.7058,0,0
CLN_PE,D,20210226,000000,76.6316,76.9248,75.0706,75.5584,0,0
CLN_PE,D,20210301,000000,76.3393,78.6824,76.0461,76.8271,0,0
CLN_PE,D,20210302,000000,76.8271,76.8271,75.5584,76.3393,0,0
CLN_PE,D,20210303,000000,77.7058,89.1276,76.3393,82.7818,0,0
CLN_PE,D,20210304,000000,84.4416,86.1013,79.6579,80.7321,0,0
CLN_PE,D,20210305,000000,80.7321,80.7321,77.7058,77.7058,0,0
CLN_PE,D,20210308,000000,77.7058,81.5131,77.7058,81.0253,0,0
CLN_PE,D,20210309,000000,81.6108,84.8326,81.3176,82.3918,0,0
CLN_PE,D,20210310,000000,81.5131,83.2706,79.9511,79.9511,0,0
CLN_PE,D,20210311,000000,81.0253,84.1484,79.6579,83.4651,0,0
CLN_PE,D,20210312,000000,84.1484,85.4181,82.8796,84.1484,0,0
CLN_PE,D,20210315,000000,84.4416,87.8588,83.3684,86.4913,0,0
CLN_PE,D,20210316,000000,85.5158,86.1991,82.2941,85.6136,0,0
CLN_PE,D,20210317,000000,86.1013,86.5891,82.0008,83.4651,0,0
CLN_PE,D,20210318,000000,83.1728,86.1013,83.1728,85.8081,0,0
CLN_PE,D,20210319,000000,85.5158,85.5158,83.6606,84.9294,0,0
CLN_PE,D,20210322,000000,84.7349,86.3946,83.2706,84.6371,0,0
CLN_PE,D,20210323,000000,83.7584,84.7349,83.2706,83.8561,0,0
CLN_PE,D,20210324,000000,84.8326,86.3946,84.1484,84.8326,0,0
CLN_PE,D,20210325,000000,85.0271,86.6868,83.2706,85.1249,0,0
CLN_PE,D,20210326,000000,85.6136,86.2968,84.9294,86.0036,0,0
CLN_PE,D,20210329,000000,84.8326,85.5158,83.3684,83.9539,0,0
CLN_PE,D,20210330,000000,84.1484,84.9294,83.2706,84.3439,0,0
CLN_PE,D,20210331,000000,86.0036,86.0036,80.9276,82.2941,0,0
CLN_PE,D,20210401,000000,84.1484,84.1484,81.3176,81.6108,0,0
CLN_PE,D,20210406,000000,82.4896,102.009,82.0986,102.009,0,0
CLN_PE,D,20210407,000000,102.009,102.009,100.161,101.139,0,0
CLN_PE,D,20210408,000000,100.161,103.378,100.161,102.4,0,0
CLN_PE,D,20210409,000000,101.236,105.039,101.236,105.039,0,0
CLN_PE,D,20210412,000000,104.843,105.039,102.106,103.378,0,0
CLN_PE,D,20210413,000000,103.378,104.16,102.4,103.964,0,0
CLN_PE,D,20210414,000000,103.964,104.843,103.573,103.964,0,0
