<TICKER>,<PER>,<DATE>,<TIME>,<OPEN>,<HIGH>,<LOW>,<CLOSE>,<VOL>,<OPENINT>
CRJ_PE,D,20181107,000000,91.0556,91.0556,91.0556,91.0556,0,0
CRJ_PE,D,20181108,000000,84.5256,88.6975,82.349,88.6975,0,0
CRJ_PE,D,20181109,000000,88.6975,90.4207,74.6402,85.1605,0,0
CRJ_PE,D,20181113,000000,79.2655,95.0465,79.2655,82.2583,0,0
CRJ_PE,D,20181114,000000,81.0794,90.7834,81.0794,85.7954,0,0
CRJ_PE,D,20181115,000000,85.7954,85.7954,82.8025,82.8025,0,0
CRJ_PE,D,20181116,000000,83.1653,83.1653,78.0864,82.2583,0,0
CRJ_PE,D,20181119,000000,81.6235,82.8025,79.6282,82.8025,0,0
CRJ_PE,D,20181120,000000,82.8025,82.8932,79.2655,79.3562,0,0
CRJ_PE,D,20181121,000000,80.5352,81.0794,78.812,79.991,0,0
CRJ_PE,D,20181122,000000,79.4469,82.2583,78.7213,81.6235,0,0
CRJ_PE,D,20181123,000000,81.3514,85.1605,80.5352,81.6235,0,0
CRJ_PE,D,20181126,000000,82.8025,91.8718,82.8025,87.5185,0,0
CRJ_PE,D,20181127,000000,86.9743,91.0556,85.7954,85.7954,0,0
CRJ_PE,D,20181128,000000,85.5233,88.1533,85.5233,86.9743,0,0
CRJ_PE,D,20181129,000000,89.3324,92.8694,89.3324,92.7787,0,0
CRJ_PE,D,20181130,000000,93.3228,93.3228,89.2417,89.3324,0,0
CRJ_PE,D,20181203,000000,92.7787,92.7787,86.9743,90.5114,0,0
CRJ_PE,D,20181204,000000,90.2393,90.2393,86.6116,86.6116,0,0
CRJ_PE,D,20181205,000000,86.6116,88.0626,85.7047,86.8837,0,0
CRJ_PE,D,20181206,000000,88.1533,88.1533,83.9815,83.9815,0,0
CRJ_PE,D,20181207,000000,84.5256,84.5256,82.2583,83.9815,0,0
CRJ_PE,D,20181210,000000,83.9815,85.1605,80.5352,84.6164,0,0
CRJ_PE,D,20181211,000000,84.0722,88.1533,83.9815,83.9815,0,0
CRJ_PE,D,20181212,000000,83.9815,85.7954,83.3466,85.7954,0,0
CRJ_PE,D,20181213,000000,82.8932,87.7906,82.8932,87.7906,0,0
CRJ_PE,D,20181214,000000,87.6999,88.6975,86.3395,86.3395,0,0
CRJ_PE,D,20181217,000000,86.3395,87.5185,83.4373,87.5185,0,0
CRJ_PE,D,20181219,000000,83.9815,86.3395,83.9815,86.3395,0,0
CRJ_PE,D,20181220,000000,83.4373,86.8837,83.4373,83.4373,0,0
CRJ_PE,D,20181221,000000,83.4373,86.3395,78.1771,82.8932,0,0
CRJ_PE,D,20181227,000000,82.2583,82.8932,78.0864,78.0864,0,0
CRJ_PE,D,20181228,000000,82.6211,82.8025,82.6211,82.8025,0,0
CRJ_PE,D,20190102,000000,83.3466,88.6975,83.3466,87.5185,0,0
CRJ_PE,D,20190103,000000,87.5185,87.5185,86.9743,86.9743,0,0
CRJ_PE,D,20190104,000000,87.065,87.065,86.9743,86.9743,0,0
CRJ_PE,D,20190107,000000,87.2464,87.2464,86.4302,87.2464,0,0
CRJ_PE,D,20190108,000000,87.2464,88.1533,85.1605,86.9743,0,0
CRJ_PE,D,20190109,000000,88.7882,88.7882,84.6164,84.6164,0,0
CRJ_PE,D,20190110,000000,84.0722,86.9743,84.0722,86.8837,0,0
CRJ_PE,D,20190111,000000,86.8837,91.9625,86.8837,89.3324,0,0
CRJ_PE,D,20190114,000000,87.065,87.065,85.7954,87.065,0,0
CRJ_PE,D,20190115,000000,85.7954,87.5185,83.9815,87.5185,0,0
CRJ_PE,D,20190116,000000,87.7906,87.7906,85.7954,85.7954,0,0
CRJ_PE,D,20190117,000000,86.4302,87.9719,85.7954,86.3395,0,0
CRJ_PE,D,20190118,000000,85.7954,87.5185,84.6164,85.7954,0,0
CRJ_PE,D,20190121,000000,84.0722,86.9743,84.0722,86.9743,0,0
CRJ_PE,D,20190122,000000,86.9743,92.2345,86.4302,89.8765,0,0
CRJ_PE,D,20190123,000000,89.7858,94.8645,87.5185,92.5973,0,0
CRJ_PE,D,20190124,000000,92.7787,100.76,92.7787,99.853,0,0
CRJ_PE,D,20190125,000000,99.853,109.829,93.9577,105.113,0,0
CRJ_PE,D,20190128,000000,105.657,105.657,101.576,101.666,0,0
CRJ_PE,D,20190129,000000,100.487,101.666,97.2227,97.2227,0,0
CRJ_PE,D,20190130,000000,99.309,105.113,97.8578,101.032,0,0
CRJ_PE,D,20190131,000000,101.032,102.755,98.1298,98.4019,0,0
CRJ_PE,D,20190201,000000,101.032,102.845,99.853,99.853,0,0
CRJ_PE,D,20190204,000000,100.397,108.378,100.397,108.378,0,0
CRJ_PE,D,20190205,000000,108.741,108.741,105.748,106.746,0,0
CRJ_PE,D,20190206,000000,106.927,108.106,104.569,105.748,0,0
CRJ_PE,D,20190207,000000,102.845,102.845,99.309,99.309,0,0
CRJ_PE,D,20190208,000000,99.399,105.023,99.309,99.309,0,0
CRJ_PE,D,20190211,000000,95.6806,108.65,48.6113,48.6113,0,0
CRJ_PE,D,20190212,000000,49.5183,50.2438,47.6137,47.6137,0,0
CRJ_PE,D,20190213,000000,46.0719,49.1554,46.0719,48.6113,0,0
CRJ_PE,D,20190214,000000,48.0671,48.9741,48.0671,48.6113,0,0
CRJ_PE,D,20190215,000000,47.2509,47.2509,46.9789,47.2509,0,0
CRJ_PE,D,20190218,000000,47.5231,47.5231,45.6184,47.5231,0,0
CRJ_PE,D,20190219,000000,47.5231,49.4276,47.2509,47.2509,0,0
CRJ_PE,D,20190220,000000,47.2509,47.7951,47.2509,47.2509,0,0
CRJ_PE,D,20190221,000000,46.8882,48.6113,46.7068,48.6113,0,0
CRJ_PE,D,20190222,000000,47.5231,49.1554,47.2509,47.7951,0,0
CRJ_PE,D,20190225,000000,48.6113,48.6113,47.2509,47.2509,0,0
CRJ_PE,D,20190226,000000,48.0671,49.1554,48.0671,49.1554,0,0
CRJ_PE,D,20190227,000000,47.4323,48.6113,47.4323,48.6113,0,0
CRJ_PE,D,20190228,000000,48.6113,49.1554,48.6113,48.8834,0,0
CRJ_PE,D,20190301,000000,48.702,48.8834,47.5231,47.5231,0,0
CRJ_PE,D,20190304,000000,48.6113,48.6113,47.6137,47.7044,0,0
CRJ_PE,D,20190305,000000,48.0671,51.2414,47.0695,48.3392,0,0
CRJ_PE,D,20190306,000000,48.8834,50.1531,47.4323,48.3392,0,0
CRJ_PE,D,20190307,000000,48.6113,50.2438,48.3392,48.6113,0,0
CRJ_PE,D,20190308,000000,48.702,48.702,46.7068,47.2509,0,0
CRJ_PE,D,20190311,000000,46.9789,48.5207,46.9789,47.2509,0,0
CRJ_PE,D,20190312,000000,48.3392,48.6113,42.6256,44.0767,0,0
CRJ_PE,D,20190313,000000,43.5325,44.0767,43.5325,43.5325,0,0
CRJ_PE,D,20190314,000000,44.0767,44.7115,44.0767,44.5301,0,0
CRJ_PE,D,20190315,000000,44.4394,48.0671,44.4394,48.0671,0,0
CRJ_PE,D,20190318,000000,48.0671,48.0671,46.1626,47.2509,0,0
CRJ_PE,D,20190319,000000,47.9765,47.9765,46.2533,46.2533,0,0
CRJ_PE,D,20190320,000000,46.344,48.0671,46.344,48.0671,0,0
CRJ_PE,D,20190321,000000,46.5253,46.5253,45.8906,45.8906,0,0
CRJ_PE,D,20190322,000000,45.8906,45.9812,45.8906,45.9812,0,0
CRJ_PE,D,20190325,000000,45.9812,47.0695,45.437,45.5277,0,0
CRJ_PE,D,20190326,000000,45.6184,47.3416,45.6184,45.8906,0,0
CRJ_PE,D,20190327,000000,46.4347,46.9789,45.8906,46.8882,0,0
CRJ_PE,D,20190328,000000,45.8906,45.8906,45.3464,45.8906,0,0
CRJ_PE,D,20190329,000000,45.8906,45.8906,44.8023,45.6184,0,0
CRJ_PE,D,20190401,000000,44.8023,46.7068,44.8023,46.4347,0,0
CRJ_PE,D,20190402,000000,46.4347,48.0671,45.8906,46.1626,0,0
CRJ_PE,D,20190403,000000,46.7068,46.9789,46.1626,46.1626,0,0
CRJ_PE,D,20190404,000000,45.8906,46.8882,44.5301,46.8882,0,0
CRJ_PE,D,20190405,000000,46.7975,52.1484,46.7975,51.2414,0,0
CRJ_PE,D,20190408,000000,49.4276,49.9717,47.5231,48.6113,0,0
CRJ_PE,D,20190409,000000,49.609,49.609,49.4276,49.4276,0,0
CRJ_PE,D,20190410,000000,48.9741,48.9741,48.8834,48.8834,0,0
CRJ_PE,D,20190411,000000,48.8834,48.8834,47.2509,48.6113,0,0
CRJ_PE,D,20190412,000000,47.7951,47.7951,45.8906,47.7951,0,0
CRJ_PE,D,20190415,000000,46.7068,46.7068,45.0743,45.6184,0,0
CRJ_PE,D,20190416,000000,45.6184,45.8906,45.0743,45.8906,0,0
CRJ_PE,D,20190417,000000,45.3464,45.3464,45.3464,45.3464,0,0
CRJ_PE,D,20190418,000000,45.6184,45.6184,44.5301,44.7115,0,0
CRJ_PE,D,20190423,000000,44.893,45.8906,44.8023,45.8906,0,0
CRJ_PE,D,20190424,000000,45.5277,45.8906,44.5301,45.8906,0,0
CRJ_PE,D,20190425,000000,44.6208,44.6208,43.5325,44.5301,0,0
CRJ_PE,D,20190426,000000,45.0743,45.0743,44.5301,44.8023,0,0
CRJ_PE,D,20190429,000000,43.986,45.0743,43.986,44.8023,0,0
CRJ_PE,D,20190430,000000,44.3488,44.8023,43.986,44.5301,0,0
CRJ_PE,D,20190502,000000,44.2581,44.8023,44.2581,44.8023,0,0
CRJ_PE,D,20190506,000000,45.3464,46.7068,44.893,46.7068,0,0
CRJ_PE,D,20190507,000000,47.7044,47.8858,45.3464,45.3464,0,0
CRJ_PE,D,20190508,000000,46.9789,47.1602,45.6184,45.8906,0,0
CRJ_PE,D,20190509,000000,45.8906,45.8906,45.0743,45.0743,0,0
CRJ_PE,D,20190510,000000,45.8906,46.6161,45.0743,45.0743,0,0
CRJ_PE,D,20190513,000000,45.3464,45.7999,45.3464,45.7999,0,0
CRJ_PE,D,20190514,000000,45.7999,45.7999,44.5301,45.6184,0,0
CRJ_PE,D,20190515,000000,45.7999,45.7999,34.1912,34.1912,0,0
CRJ_PE,D,20190516,000000,34.9168,35.0981,34.5539,34.6446,0,0
CRJ_PE,D,20190517,000000,35.0074,35.0981,34.7353,34.9168,0,0
CRJ_PE,D,20190520,000000,35.0981,35.1888,34.3726,34.7353,0,0
CRJ_PE,D,20190521,000000,34.7353,34.7353,33.5563,33.647,0,0
CRJ_PE,D,20190522,000000,33.647,34.1912,33.647,34.1912,0,0
CRJ_PE,D,20190523,000000,34.1912,34.1912,33.5563,34.1912,0,0
CRJ_PE,D,20190524,000000,34.1912,34.6446,33.1936,33.647,0,0
CRJ_PE,D,20190527,000000,33.7377,33.7377,32.5587,33.1029,0,0
CRJ_PE,D,20190528,000000,33.1029,33.5563,33.1029,33.1029,0,0
CRJ_PE,D,20190529,000000,32.9214,33.7377,32.1052,33.7377,0,0
CRJ_PE,D,20190530,000000,33.9191,34.0098,33.0122,33.7377,0,0
CRJ_PE,D,20190531,000000,33.2843,33.9191,31.3797,33.3749,0,0
CRJ_PE,D,20190603,000000,34.0098,34.4632,34.0098,34.0098,0,0
CRJ_PE,D,20190604,000000,34.0098,34.0098,32.5587,33.3749,0,0
CRJ_PE,D,20190605,000000,34.0098,34.0098,32.9214,32.9214,0,0
CRJ_PE,D,20190606,000000,32.468,34.0098,32.468,34.0098,0,0
CRJ_PE,D,20190607,000000,34.0098,34.7353,32.5587,32.9214,0,0
CRJ_PE,D,20190610,000000,32.7401,32.7401,29.7472,32.196,0,0
CRJ_PE,D,20190611,000000,31.7425,32.8307,31.7425,32.2867,0,0
CRJ_PE,D,20190612,000000,32.8307,34.1912,31.9238,33.3749,0,0
CRJ_PE,D,20190613,000000,33.9191,34.0098,32.9214,32.9214,0,0
CRJ_PE,D,20190614,000000,33.5563,33.5563,32.2867,32.8307,0,0
CRJ_PE,D,20190617,000000,32.2867,33.1936,32.2867,33.1029,0,0
CRJ_PE,D,20190618,000000,32.2867,35.6422,32.2867,34.826,0,0
CRJ_PE,D,20190619,000000,34.6446,34.6446,33.0122,34.0098,0,0
CRJ_PE,D,20190621,000000,34.0098,34.4632,34.0098,34.4632,0,0
CRJ_PE,D,20190624,000000,32.6494,34.6446,32.6494,34.1912,0,0
CRJ_PE,D,20190625,000000,34.1912,34.1912,33.3749,33.5563,0,0
CRJ_PE,D,20190626,000000,33.3749,33.5563,33.3749,33.5563,0,0
CRJ_PE,D,20190627,000000,33.5563,33.5563,33.5563,33.5563,0,0
CRJ_PE,D,20190628,000000,34.0098,34.0098,34.0098,34.0098,0,0
CRJ_PE,D,20190701,000000,34.0098,39.9955,34.0098,37.3654,0,0
CRJ_PE,D,20190702,000000,38.1816,38.8165,38.0909,38.2723,0,0
CRJ_PE,D,20190703,000000,37.8189,38.9072,37.8189,38.6351,0,0
CRJ_PE,D,20190704,000000,38.6351,38.9072,38.6351,38.9072,0,0
CRJ_PE,D,20190705,000000,38.9072,38.9072,38.8165,38.8165,0,0
CRJ_PE,D,20190708,000000,38.8165,38.8165,38.1816,38.6351,0,0
CRJ_PE,D,20190709,000000,38.0003,38.4538,37.8189,38.4538,0,0
CRJ_PE,D,20190710,000000,38.2723,38.2723,38.0003,38.0003,0,0
CRJ_PE,D,20190711,000000,38.0003,38.0003,37.8189,37.8189,0,0
CRJ_PE,D,20190712,000000,37.8189,38.0003,37.184,38.0003,0,0
CRJ_PE,D,20190715,000000,38.0003,38.0003,37.3654,38.0003,0,0
CRJ_PE,D,20190716,000000,38.1816,38.1816,36.912,37.0027,0,0
CRJ_PE,D,20190717,000000,38.0909,38.4538,36.5491,37.9096,0,0
CRJ_PE,D,20190718,000000,37.9096,38.0003,37.184,37.184,0,0
CRJ_PE,D,20190719,000000,38.1816,38.2723,37.6375,38.1816,0,0
CRJ_PE,D,20190722,000000,38.1816,38.1816,37.184,37.184,0,0
CRJ_PE,D,20190723,000000,37.184,38.0003,37.184,38.0003,0,0
CRJ_PE,D,20190724,000000,38.1816,38.9072,38.1816,38.9072,0,0
CRJ_PE,D,20190725,000000,38.1816,45.437,38.1816,44.5301,0,0
CRJ_PE,D,20190726,000000,43.0791,44.893,42.5349,42.5349,0,0
CRJ_PE,D,20190729,000000,42.5349,45.0743,42.5349,44.4394,0,0
CRJ_PE,D,20190730,000000,43.986,44.6208,42.5349,42.5349,0,0
CRJ_PE,D,20190731,000000,43.6232,44.4394,43.6232,44.4394,0,0
CRJ_PE,D,20190801,000000,44.2581,44.2581,42.9884,43.5325,0,0
CRJ_PE,D,20190802,000000,43.5325,43.5325,43.5325,43.5325,0,0
CRJ_PE,D,20190805,000000,42.4442,43.0791,41.4466,42.5349,0,0
CRJ_PE,D,20190806,000000,42.5349,43.3511,42.5349,43.3511,0,0
CRJ_PE,D,20190807,000000,43.8046,44.6208,37.8189,37.8189,0,0
CRJ_PE,D,20190808,000000,37.2747,38.2723,37.2747,37.4561,0,0
CRJ_PE,D,20190809,000000,38.0003,40.6304,38.0003,40.6304,0,0
CRJ_PE,D,20190812,000000,40.721,45.0743,40.6304,43.4418,0,0
CRJ_PE,D,20190813,000000,43.6232,44.7115,42.8976,42.8976,0,0
CRJ_PE,D,20190814,000000,43.2605,44.1674,43.2605,43.4418,0,0
CRJ_PE,D,20190816,000000,43.4418,45.165,43.4418,45.165,0,0
CRJ_PE,D,20190819,000000,44.9836,44.9836,43.4418,44.1674,0,0
CRJ_PE,D,20190820,000000,44.1674,44.7115,41.9,42.7163,0,0
CRJ_PE,D,20190821,000000,41.9907,43.986,41.9907,43.4418,0,0
CRJ_PE,D,20190822,000000,43.8046,45.8906,43.4418,45.8906,0,0
CRJ_PE,D,20190823,000000,45.7092,46.2533,42.7163,44.3488,0,0
CRJ_PE,D,20190826,000000,42.8069,42.8069,36.5491,37.8189,0,0
CRJ_PE,D,20190827,000000,37.2747,39.8141,37.2747,38.2723,0,0
CRJ_PE,D,20190828,000000,38.4538,38.8165,37.184,38.4538,0,0
CRJ_PE,D,20190829,000000,38.1816,38.8165,37.0027,38.8165,0,0
CRJ_PE,D,20190830,000000,38.9979,41.4466,38.9979,40.8117,0,0
CRJ_PE,D,20190902,000000,40.8117,41.5373,38.0003,39.0886,0,0
CRJ_PE,D,20190903,000000,38.0909,40.6304,37.9096,38.363,0,0
CRJ_PE,D,20190904,000000,38.4538,40.5397,38.363,39.5421,0,0
CRJ_PE,D,20190905,000000,39.7234,42.8069,39.1792,41.8093,0,0
CRJ_PE,D,20190906,000000,40.3583,41.0838,39.1792,40.2676,0,0
CRJ_PE,D,20190909,000000,42.8976,43.8046,42.3535,43.2605,0,0
CRJ_PE,D,20190910,000000,43.6232,43.6232,38.5445,39.6328,0,0
CRJ_PE,D,20190911,000000,39.1792,39.3607,37.5468,38.6351,0,0
CRJ_PE,D,20190912,000000,37.9096,37.9096,33.5563,34.2819,0,0
CRJ_PE,D,20190913,000000,35.0981,36.912,34.4632,36.3678,0,0
CRJ_PE,D,20190916,000000,36.7306,37.0933,34.826,35.8237,0,0
CRJ_PE,D,20190917,000000,34.9168,36.1864,34.7353,35.4608,0,0
CRJ_PE,D,20190918,000000,34.9168,36.005,33.3749,35.9144,0,0
CRJ_PE,D,20190919,000000,35.8237,36.3678,34.9168,35.2795,0,0
CRJ_PE,D,20190920,000000,35.8237,35.8237,34.1912,35.2795,0,0
CRJ_PE,D,20190923,000000,35.8237,35.8237,35.2795,35.4608,0,0
CRJ_PE,D,20190924,000000,35.4608,35.4608,34.5539,35.0981,0,0
CRJ_PE,D,20190925,000000,34.9168,34.9168,33.3749,34.4632,0,0
CRJ_PE,D,20190926,000000,33.5563,35.2795,33.5563,35.0981,0,0
CRJ_PE,D,20190927,000000,35.0981,35.4608,34.0098,35.1888,0,0
CRJ_PE,D,20190930,000000,35.0074,36.005,34.1005,34.6446,0,0
CRJ_PE,D,20191001,000000,34.826,35.1888,34.1005,34.9168,0,0
CRJ_PE,D,20191002,000000,34.1005,34.7353,32.8307,33.4656,0,0
CRJ_PE,D,20191003,000000,33.1936,34.9168,32.8307,34.6446,0,0
CRJ_PE,D,20191004,000000,34.826,35.2795,34.6446,34.6446,0,0
CRJ_PE,D,20191007,000000,35.0074,35.3702,34.6446,34.7353,0,0
CRJ_PE,D,20191008,000000,35.3702,36.5491,35.0981,36.2771,0,0
CRJ_PE,D,20191009,000000,36.3678,38.0003,36.3678,37.184,0,0
CRJ_PE,D,20191010,000000,37.184,38.0909,37.184,37.8189,0,0
CRJ_PE,D,20191011,000000,38.1816,38.5445,38.1816,38.5445,0,0
CRJ_PE,D,20191014,000000,39.5421,39.5421,38.7258,38.9979,0,0
CRJ_PE,D,20191015,000000,39.1792,39.5421,37.8189,38.8165,0,0
CRJ_PE,D,20191016,000000,38.0909,38.9072,38.0909,38.7258,0,0
CRJ_PE,D,20191017,000000,38.2723,38.2723,36.912,37.9096,0,0
CRJ_PE,D,20191018,000000,37.2747,37.2747,36.5491,37.2747,0,0
CRJ_PE,D,20191021,000000,36.5491,37.8189,36.5491,37.8189,0,0
CRJ_PE,D,20191022,000000,37.8189,39.1792,37.6375,38.2723,0,0
CRJ_PE,D,20191023,000000,38.2723,38.2723,36.005,36.005,0,0
CRJ_PE,D,20191024,000000,36.7306,37.0933,35.4608,37.0933,0,0
CRJ_PE,D,20191025,000000,37.2747,38.7258,37.2747,38.4538,0,0
CRJ_PE,D,20191028,000000,38.2723,38.6351,36.5491,37.9096,0,0
CRJ_PE,D,20191029,000000,37.7282,37.7282,35.9144,36.005,0,0
CRJ_PE,D,20191030,000000,35.4608,35.4608,34.4632,34.4632,0,0
CRJ_PE,D,20191031,000000,34.826,34.826,33.5563,34.6446,0,0
CRJ_PE,D,20191104,000000,34.826,34.826,33.9191,34.6446,0,0
CRJ_PE,D,20191105,000000,34.6446,34.6446,32.3773,32.6494,0,0
CRJ_PE,D,20191106,000000,32.196,34.7353,32.196,33.9191,0,0
CRJ_PE,D,20191107,000000,35.0981,66.115,32.2867,66.115,0,0
CRJ_PE,D,20191108,000000,66.115,66.2057,64.8454,66.2057,0,0
CRJ_PE,D,20191112,000000,66.115,66.115,64.7547,65.4801,0,0
CRJ_PE,D,20191113,000000,65.1174,65.1174,64.0291,64.3012,0,0
CRJ_PE,D,20191114,000000,63.3942,64.7547,62.3059,63.6663,0,0
CRJ_PE,D,20191115,000000,64.6639,64.6639,61.127,62.578,0,0
CRJ_PE,D,20191118,000000,61.127,62.578,57.4993,60.4014,0,0
CRJ_PE,D,20191119,000000,59.6758,63.5756,59.6758,60.4014,0,0
CRJ_PE,D,20191120,000000,60.4014,61.8524,57.4993,58.3154,0,0
CRJ_PE,D,20191121,000000,58.9503,61.8524,58.9503,61.8524,0,0
CRJ_PE,D,20191122,000000,62.4873,65.7523,62.4873,65.7523,0,0
CRJ_PE,D,20191125,000000,66.115,66.3871,64.7547,66.3871,0,0
CRJ_PE,D,20191126,000000,65.843,65.9336,61.3083,65.1174,0,0
CRJ_PE,D,20191127,000000,63.3035,65.0267,62.9408,62.9408,0,0
CRJ_PE,D,20191128,000000,62.9408,64.0291,61.127,64.0291,0,0
CRJ_PE,D,20191129,000000,63.9384,63.9384,59.4945,61.127,0,0
CRJ_PE,D,20191202,000000,61.4897,62.578,61.127,61.127,0,0
CRJ_PE,D,20191203,000000,60.5828,62.578,60.5828,61.127,0,0
CRJ_PE,D,20191204,000000,62.578,64.0291,61.127,61.8524,0,0
CRJ_PE,D,20191205,000000,61.8524,62.9408,60.7641,62.9408,0,0
CRJ_PE,D,20191206,000000,62.9408,64.7547,62.9408,64.7547,0,0
CRJ_PE,D,20191209,000000,64.7547,64.7547,62.9408,64.6639,0,0
CRJ_PE,D,20191210,000000,62.9408,64.3918,62.9408,64.3918,0,0
CRJ_PE,D,20191211,000000,64.0291,64.0291,61.8524,63.6663,0,0
CRJ_PE,D,20191212,000000,63.6663,64.7547,61.127,64.2105,0,0
CRJ_PE,D,20191213,000000,62.9408,64.2105,62.578,64.2105,0,0
CRJ_PE,D,20191216,000000,62.9408,63.3035,62.578,63.3035,0,0
CRJ_PE,D,20191217,000000,64.7547,65.4801,62.578,65.4801,0,0
CRJ_PE,D,20191218,000000,64.7547,64.7547,61.5804,64.5732,0,0
CRJ_PE,D,20191219,000000,64.1198,64.1198,61.8524,63.6663,0,0
CRJ_PE,D,20191220,000000,62.9408,63.3035,60.4921,61.4897,0,0
CRJ_PE,D,20191223,000000,61.127,62.578,59.2223,62.3966,0,0
CRJ_PE,D,20191227,000000,62.8501,66.0243,62.8501,65.7523,0,0
CRJ_PE,D,20191230,000000,66.0243,67.6568,63.757,64.7547,0,0
CRJ_PE,D,20200102,000000,64.7547,67.294,63.0315,67.2033,0,0
CRJ_PE,D,20200103,000000,64.8454,65.7523,63.2129,64.7547,0,0
CRJ_PE,D,20200107,000000,65.1174,69.8334,65.1174,68.2917,0,0
CRJ_PE,D,20200108,000000,66.4778,67.2033,65.7523,66.2964,0,0
CRJ_PE,D,20200109,000000,66.4778,70.0148,66.4778,69.7427,0,0
CRJ_PE,D,20200110,000000,69.8334,73.9146,69.8334,71.9194,0,0
CRJ_PE,D,20200113,000000,73.3704,74.096,72.1008,73.3704,0,0
CRJ_PE,D,20200114,000000,72.2821,72.2821,70.1055,70.831,0,0
CRJ_PE,D,20200115,000000,70.831,77.633,70.831,74.4587,0,0
CRJ_PE,D,20200116,000000,76.2726,76.454,70.9217,73.0077,0,0
CRJ_PE,D,20200117,000000,71.9194,73.5518,71.4659,73.5518,0,0
CRJ_PE,D,20200120,000000,73.3704,73.3704,71.9194,72.6449,0,0
CRJ_PE,D,20200121,000000,71.8286,74.2774,71.1938,74.2774,0,0
CRJ_PE,D,20200122,000000,74.2774,74.8216,71.9194,74.8216,0,0
CRJ_PE,D,20200123,000000,75.7285,75.7285,73.7332,74.2774,0,0
CRJ_PE,D,20200124,000000,75.3656,75.3656,73.7332,75.0029,0,0
CRJ_PE,D,20200127,000000,74.4587,74.4587,70.1055,70.1055,0,0
CRJ_PE,D,20200128,000000,70.4683,73.3704,70.1055,71.9194,0,0
CRJ_PE,D,20200129,000000,70.7403,73.7332,70.7403,71.9194,0,0
CRJ_PE,D,20200130,000000,73.7332,73.7332,68.6544,68.6544,0,0
CRJ_PE,D,20200131,000000,68.2917,71.5566,68.2917,71.1938,0,0
CRJ_PE,D,20200203,000000,71.1938,72.8263,70.0148,72.8263,0,0
CRJ_PE,D,20200204,000000,72.8263,75.1843,71.9194,75.1843,0,0
CRJ_PE,D,20200205,000000,75.1843,78.4493,75.1843,75.9098,0,0
CRJ_PE,D,20200206,000000,75.9098,77.361,73.7332,76.0912,0,0
CRJ_PE,D,20200207,000000,75.9098,75.9098,73.7332,75.1843,0,0
CRJ_PE,D,20200210,000000,74.8216,74.8216,73.7332,73.7332,0,0
CRJ_PE,D,20200211,000000,74.8216,75.5471,74.8216,75.5471,0,0
CRJ_PE,D,20200212,000000,76.2726,76.454,73.7332,73.7332,0,0
CRJ_PE,D,20200213,000000,73.7332,76.454,73.7332,76.2726,0,0
CRJ_PE,D,20200214,000000,73.7332,164.244,73.7332,164.244,0,0
CRJ_PE,D,20200217,000000,162.703,165.423,158.803,162.703,0,0
CRJ_PE,D,20200218,000000,160.345,164.244,160.345,164.244,0,0
CRJ_PE,D,20200219,000000,164.244,173.586,164.244,172.135,0,0
CRJ_PE,D,20200220,000000,172.135,172.135,168.235,168.235,0,0
CRJ_PE,D,20200221,000000,169.777,178.393,169.777,177.577,0,0
CRJ_PE,D,20200224,000000,177.577,179.935,168.235,173.314,0,0
CRJ_PE,D,20200225,000000,171.319,171.319,154.903,160.345,0,0
CRJ_PE,D,20200226,000000,156.445,160.708,145.471,160.345,0,0
CRJ_PE,D,20200227,000000,159.982,159.982,148.645,155.538,0,0
CRJ_PE,D,20200228,000000,147.103,147.103,125.61,134.588,0,0
CRJ_PE,D,20200302,000000,141.662,148.373,130.688,140.846,0,0
CRJ_PE,D,20200303,000000,148.645,161.161,148.645,156.445,0,0
CRJ_PE,D,20200304,000000,156.445,159.62,154.903,156.445,0,0
CRJ_PE,D,20200305,000000,156.445,160.345,153.18,153.18,0,0
CRJ_PE,D,20200306,000000,149.916,154.087,148.645,149.462,0,0
CRJ_PE,D,20200309,000000,135.404,139.757,131.505,133.772,0,0
CRJ_PE,D,20200310,000000,140.846,144.746,137.037,137.037,0,0
CRJ_PE,D,20200311,000000,140.756,140.756,117.356,117.356,0,0
CRJ_PE,D,20200312,000000,102.482,106.383,86.793,86.793,0,0
CRJ_PE,D,20200313,000000,101.666,121.982,101.666,105.657,0,0
CRJ_PE,D,20200316,000000,103.934,123.615,97.8578,122.798,0,0
CRJ_PE,D,20200317,000000,134.497,143.929,119.714,133.772,0,0
CRJ_PE,D,20200318,000000,139.213,140.846,128.33,129.237,0,0
CRJ_PE,D,20200319,000000,132.956,140.029,130.688,140.029,0,0
CRJ_PE,D,20200320,000000,140.846,144.746,134.588,134.588,0,0
CRJ_PE,D,20200323,000000,132.049,136.13,125.972,132.23,0,0
CRJ_PE,D,20200324,000000,137.671,139.938,127.514,135.676,0,0
CRJ_PE,D,20200325,000000,136.13,152.455,129.872,137.671,0,0
CRJ_PE,D,20200326,000000,137.671,138.488,135.767,138.306,0,0
CRJ_PE,D,20200327,000000,138.306,138.306,133.772,135.042,0,0
CRJ_PE,D,20200330,000000,135.042,135.042,129.056,130.688,0,0
CRJ_PE,D,20200331,000000,133.5,139.304,131.414,131.414,0,0
CRJ_PE,D,20200401,000000,138.488,145.471,133.772,142.388,0,0
CRJ_PE,D,20200402,000000,144.746,161.977,138.488,160.345,0,0
CRJ_PE,D,20200403,000000,164.244,172.86,163.519,168.235,0,0
CRJ_PE,D,20200406,000000,175.309,186.193,169.777,176.034,0,0
CRJ_PE,D,20200407,000000,172.86,183.108,169.777,179.118,0,0
CRJ_PE,D,20200408,000000,197.076,273.801,191.634,273.801,0,0
CRJ_PE,D,20200409,000000,324.68,324.68,269.086,287.859,0,0
CRJ_PE,D,20200414,000000,332.48,332.48,266.001,301.19,0,0
CRJ_PE,D,20200415,000000,299.649,299.649,247.954,248.77,0,0
CRJ_PE,D,20200416,000000,251.128,269.086,250.312,269.086,0,0
CRJ_PE,D,20200417,000000,273.801,278.518,240.971,250.312,0,0
CRJ_PE,D,20200420,000000,272.985,326.947,272.985,320.78,0,0
CRJ_PE,D,20200421,000000,320.78,324.68,293.391,319.964,0,0
CRJ_PE,D,20200422,000000,318.422,371.568,318.422,366.126,0,0
CRJ_PE,D,20200423,000000,384.083,384.083,346.537,360.685,0,0
CRJ_PE,D,20200424,000000,352.069,358.327,341.912,344.995,0,0
CRJ_PE,D,20200427,000000,356.694,398.957,356.694,385.717,0,0
CRJ_PE,D,20200428,000000,408.389,417.821,395.874,406.848,0,0
CRJ_PE,D,20200429,000000,438.136,438.136,402.131,406.848,0,0
CRJ_PE,D,20200430,000000,414.647,422.447,405.306,422.447,0,0
CRJ_PE,D,20200504,000000,430.247,461.535,430.247,452.194,0,0
CRJ_PE,D,20200505,000000,461.626,461.626,438.136,444.394,0,0
CRJ_PE,D,20200506,000000,444.394,453.736,430.338,436.504,0,0
CRJ_PE,D,20200507,000000,436.504,441.22,422.447,434.962,0,0
CRJ_PE,D,20200508,000000,441.22,441.22,422.447,436.504,0,0
CRJ_PE,D,20200511,000000,442.762,467.794,442.762,461.535,0,0
CRJ_PE,D,20200512,000000,461.535,461.535,434.962,439.679,0,0
CRJ_PE,D,20200513,000000,430.338,441.22,416.189,419.363,0,0
CRJ_PE,D,20200514,000000,419.363,419.363,380.275,398.957,0,0
CRJ_PE,D,20200515,000000,409.931,413.015,402.041,411.473,0,0
CRJ_PE,D,20200518,000000,414.557,441.22,280.15,280.15,0,0
CRJ_PE,D,20200519,000000,281.147,283.142,275.161,280.15,0,0
CRJ_PE,D,20200520,000000,280.15,290.307,276.16,290.307,0,0
CRJ_PE,D,20200521,000000,291.305,291.305,281.238,285.229,0,0
CRJ_PE,D,20200522,000000,285.229,290.307,283.233,290.307,0,0
CRJ_PE,D,20200525,000000,295.387,331.664,290.307,331.573,0,0
CRJ_PE,D,20200526,000000,343.635,379.912,334.566,372.928,0,0
CRJ_PE,D,20200527,000000,367.85,371.931,342.637,342.637,0,0
CRJ_PE,D,20200528,000000,348.714,371.84,347.716,365.854,0,0
CRJ_PE,D,20200529,000000,366.853,372.928,364.857,366.853,0,0
CRJ_PE,D,20200601,000000,361.773,376.919,361.773,376.919,0,0
CRJ_PE,D,20200602,000000,376.919,376.919,362.771,365.854,0,0
CRJ_PE,D,20200603,000000,366.853,366.853,350.709,351.707,0,0
CRJ_PE,D,20200604,000000,351.707,360.776,348.714,352.795,0,0
CRJ_PE,D,20200605,000000,357.874,357.874,350.8,351.707,0,0
CRJ_PE,D,20200608,000000,354.699,358.781,339.645,354.79,0,0
CRJ_PE,D,20200609,000000,352.795,360.867,348.714,360.776,0,0
CRJ_PE,D,20200610,000000,360.776,397.053,357.783,394.06,0,0
CRJ_PE,D,20200612,000000,370.843,385.989,367.85,383.993,0,0
CRJ_PE,D,20200615,000000,381.998,397.144,370.933,394.06,0,0
CRJ_PE,D,20200616,000000,399.048,405.125,383.993,392.064,0,0
CRJ_PE,D,20200617,000000,386.986,447.478,386.986,443.488,0,0
CRJ_PE,D,20200618,000000,434.418,492.915,434.418,492.915,0,0
CRJ_PE,D,20200619,000000,492.915,503.98,473.688,489.831,0,0
CRJ_PE,D,20200622,000000,488.834,488.834,459.631,466.615,0,0
CRJ_PE,D,20200623,000000,460.538,471.693,453.554,458.543,0,0
CRJ_PE,D,20200624,000000,460.538,1083.14,460.538,1083.14,0,0
CRJ_PE,D,20200625,000000,1109.9,1179.65,1109.9,1158.23,0,0
CRJ_PE,D,20200626,000000,1147.45,1361.94,1147.45,1244.03,0,0
CRJ_PE,D,20200629,000000,1276.14,1308.33,1184.99,1244.03,0,0
CRJ_PE,D,20200630,000000,1265.43,1668.38,1179.65,1668.38,0,0
CRJ_PE,D,20200701,000000,1698.4,1736.04,1623.31,1728.52,0,0
CRJ_PE,D,20200702,000000,1728.52,1811.13,1728.52,1743.47,0,0
CRJ_PE,D,20200703,000000,1743.47,1743.47,1638.27,1683.44,0,0
CRJ_PE,D,20200706,000000,1788.64,1818.67,1683.35,1758.53,0,0
CRJ_PE,D,20200707,000000,1728.52,1773.59,1653.33,1683.44,0,0
CRJ_PE,D,20200708,000000,1698.4,1736.04,1683.35,1683.44,0,0
CRJ_PE,D,20200709,000000,1705.93,1705.93,1578.15,1578.15,0,0
CRJ_PE,D,20200710,000000,1578.15,1758.53,1578.15,1751.01,0,0
CRJ_PE,D,20200713,000000,1758.53,1878.79,1758.53,1863.74,0,0
CRJ_PE,D,20200714,000000,1878.79,2066.71,1833.72,1991.53,0,0
CRJ_PE,D,20200715,000000,1991.53,2014.02,1908.81,1946.45,0,0
CRJ_PE,D,20200716,000000,1953.97,1961.51,1848.68,1961.51,0,0
CRJ_PE,D,20200717,000000,1961.41,2059.18,1938.92,2051.65,0,0
CRJ_PE,D,20200720,000000,2089.2,2089.2,1953.97,2036.6,0,0
CRJ_PE,D,20200721,000000,2036.6,2036.6,1953.97,1953.97,0,0
CRJ_PE,D,20200722,000000,1938.92,1938.92,1848.68,1893.85,0,0
CRJ_PE,D,20200723,000000,1848.68,1878.79,1818.67,1841.24,0,0
CRJ_PE,D,20200724,000000,1803.6,1803.6,1713.45,1766.06,0,0
CRJ_PE,D,20200727,000000,1766.06,1766.06,1698.4,1705.93,0,0
CRJ_PE,D,20200728,000000,1705.93,1766.06,1660.86,1668.38,0,0
CRJ_PE,D,20200729,000000,1578.15,1818.67,1548.12,1705.93,0,0
CRJ_PE,D,20200730,000000,1728.52,1736.04,1510.58,1510.58,0,0
CRJ_PE,D,20200731,000000,1578.15,1683.35,1570.71,1615.78,0,0
CRJ_PE,D,20200803,000000,1600.73,1720.99,1600.73,1698.4,0,0
CRJ_PE,D,20200804,000000,1728.52,1736.04,1630.75,1653.33,0,0
CRJ_PE,D,20200805,000000,1668.38,1698.4,1638.27,1675.91,0,0
CRJ_PE,D,20200806,000000,1683.35,1728.52,1653.33,1683.44,0,0
CRJ_PE,D,20200807,000000,1683.35,1720.99,1638.27,1713.45,0,0
CRJ_PE,D,20200810,000000,1720.99,1728.52,1690.88,1705.93,0,0
CRJ_PE,D,20200811,000000,1705.93,1705.93,1660.86,1675.91,0,0
CRJ_PE,D,20200812,000000,1660.86,1675.91,1608.25,1645.8,0,0
CRJ_PE,D,20200813,000000,1653.33,1803.6,1623.31,1803.6,0,0
CRJ_PE,D,20200814,000000,1788.64,1788.64,1690.88,1773.59,0,0
CRJ_PE,D,20200817,000000,1751.01,1931.39,51.8762,51.8762,0,0
CRJ_PE,D,20200818,000000,51.6949,53.0553,50.8786,52.5111,0,0
CRJ_PE,D,20200819,000000,52.6925,52.6925,50.2438,50.8786,0,0
CRJ_PE,D,20200820,000000,49.4276,50.0624,48.6113,50.0624,0,0
CRJ_PE,D,20200821,000000,48.6113,50.6972,46.9789,46.9789,0,0
CRJ_PE,D,20200824,000000,47.6137,47.7951,46.6161,46.7975,0,0
CRJ_PE,D,20200825,000000,47.1602,47.4323,46.1626,46.7975,0,0
CRJ_PE,D,20200826,000000,46.7975,46.7975,45.9812,46.7975,0,0
CRJ_PE,D,20200827,000000,46.9789,50.0624,46.9789,50.0624,0,0
CRJ_PE,D,20200828,000000,50.4252,51.2414,50.0624,51.06,0,0
CRJ_PE,D,20200831,000000,51.6949,51.6949,48.43,48.43,0,0
CRJ_PE,D,20200901,000000,48.0671,48.43,44.9836,46.4347,0,0
CRJ_PE,D,20200902,000000,46.6161,46.6161,44.6208,44.9836,0,0
CRJ_PE,D,20200903,000000,45.3464,47.2509,44.6208,44.6208,0,0
CRJ_PE,D,20200904,000000,43.8046,44.8023,43.1698,43.5325,0,0
CRJ_PE,D,20200907,000000,43.5325,46.344,43.5325,44.3488,0,0
CRJ_PE,D,20200908,000000,43.986,43.986,39.9955,42.3535,0,0
CRJ_PE,D,20200909,000000,41.5373,43.5325,41.3559,42.7163,0,0
CRJ_PE,D,20200910,000000,42.7163,43.0791,41.0838,41.0838,0,0
CRJ_PE,D,20200911,000000,41.7187,43.8953,40.9024,42.5349,0,0
CRJ_PE,D,20200914,000000,43.1698,44.8023,43.1698,44.8023,0,0
CRJ_PE,D,20200915,000000,44.8023,45.6184,42.7163,42.7163,0,0
CRJ_PE,D,20200916,000000,42.7163,44.3488,42.5349,44.3488,0,0
CRJ_PE,D,20200917,000000,44.3488,44.3488,42.0815,42.3535,0,0
CRJ_PE,D,20200918,000000,42.1722,42.7163,41.9907,42.3535,0,0
CRJ_PE,D,20200921,000000,42.3535,42.3535,40.3583,40.721,0,0
CRJ_PE,D,20200922,000000,40.6304,41.3559,40.2676,40.2676,0,0
CRJ_PE,D,20200923,000000,40.5397,40.6304,38.9979,38.9979,0,0
CRJ_PE,D,20200924,000000,37.7282,37.8189,36.912,37.4561,0,0
CRJ_PE,D,20200925,000000,38.2723,40.9024,38.1816,40.2676,0,0
CRJ_PE,D,20200928,000000,41.2652,41.9,40.9024,41.9,0,0
CRJ_PE,D,20200929,000000,41.9,42.7163,40.721,41.3559,0,0
CRJ_PE,D,20200930,000000,40.9931,41.5373,40.2676,41.5373,0,0
CRJ_PE,D,20201001,000000,41.5373,42.9884,40.3583,40.5397,0,0
CRJ_PE,D,20201002,000000,40.3583,41.7187,40.3583,41.7187,0,0
CRJ_PE,D,20201005,000000,42.7163,44.3488,42.7163,43.8046,0,0
CRJ_PE,D,20201006,000000,43.8046,44.4394,41.5373,41.5373,0,0
CRJ_PE,D,20201007,000000,41.5373,42.7163,41.3559,41.9,0,0
CRJ_PE,D,20201008,000000,42.2629,42.7163,41.7187,41.9,0,0
CRJ_PE,D,20201009,000000,41.0838,41.3559,40.0862,41.3559,0,0
CRJ_PE,D,20201012,000000,42.3535,42.3535,41.3559,41.7187,0,0
CRJ_PE,D,20201013,000000,41.9,41.9,41.0838,41.9,0,0
CRJ_PE,D,20201014,000000,41.0838,41.3559,40.2676,41.3559,0,0
CRJ_PE,D,20201015,000000,40.6304,41.1746,39.4514,39.9048,0,0
CRJ_PE,D,20201016,000000,38.7258,40.721,38.7258,40.6304,0,0
CRJ_PE,D,20201019,000000,40.449,47.4323,39.9048,47.2509,0,0
CRJ_PE,D,20201020,000000,46.6161,46.6161,43.986,45.165,0,0
CRJ_PE,D,20201021,000000,44.3488,44.8023,43.1698,43.1698,0,0
CRJ_PE,D,20201022,000000,42.8069,43.5325,41.9907,43.3511,0,0
CRJ_PE,D,20201023,000000,42.7163,43.5325,41.3559,42.1722,0,0
CRJ_PE,D,20201026,000000,40.9931,42.1722,40.9931,41.3559,0,0
CRJ_PE,D,20201027,000000,41.1746,41.1746,40.449,41.0838,0,0
CRJ_PE,D,20201028,000000,40.721,40.721,37.6375,39.0886,0,0
CRJ_PE,D,20201029,000000,38.9979,40.6304,37.9096,40.5397,0,0
CRJ_PE,D,20201030,000000,39.8141,39.8141,38.4538,39.4514,0,0
CRJ_PE,D,20201102,000000,39.8141,40.3583,39.6328,40.2676,0,0
CRJ_PE,D,20201103,000000,40.0862,40.9024,39.2699,40.2676,0,0
CRJ_PE,D,20201104,000000,40.6304,40.6304,39.9048,40.449,0,0
CRJ_PE,D,20201105,000000,40.449,43.3511,40.449,42.9884,0,0
CRJ_PE,D,20201106,000000,42.8069,42.9884,41.1746,42.5349,0,0
CRJ_PE,D,20201109,000000,42.8976,43.5325,41.0838,41.9,0,0
CRJ_PE,D,20201110,000000,42.0815,42.0815,39.1792,41.9,0,0
CRJ_PE,D,20201112,000000,41.2652,44.1674,41.2652,43.5325,0,0
CRJ_PE,D,20201113,000000,43.7139,43.7139,42.3535,42.9884,0,0
CRJ_PE,D,20201116,000000,43.3511,43.8046,42.3535,42.5349,0,0
CRJ_PE,D,20201117,000000,39.0886,40.9024,39.0886,40.0862,0,0
CRJ_PE,D,20201118,000000,39.3607,40.0862,38.8165,38.8165,0,0
CRJ_PE,D,20201119,000000,39.0886,39.4514,38.9979,39.2699,0,0
CRJ_PE,D,20201120,000000,39.5421,39.5421,38.7258,38.8165,0,0
CRJ_PE,D,20201123,000000,39.0886,39.0886,38.2723,38.8165,0,0
CRJ_PE,D,20201124,000000,38.8165,38.8165,38.1816,38.7258,0,0
CRJ_PE,D,20201125,000000,38.4538,38.6351,37.9096,37.9096,0,0
CRJ_PE,D,20201126,000000,38.2723,38.6351,37.4561,37.4561,0,0
CRJ_PE,D,20201127,000000,37.8189,37.8189,36.6399,37.4561,0,0
CRJ_PE,D,20201130,000000,37.0933,37.3654,35.9144,36.1864,0,0
CRJ_PE,D,20201201,000000,36.6399,37.7282,35.4608,37.6375,0,0
CRJ_PE,D,20201202,000000,37.8189,38.0909,36.6399,36.912,0,0
CRJ_PE,D,20201203,000000,36.912,37.4561,36.5491,36.7306,0,0
CRJ_PE,D,20201204,000000,36.6399,37.2747,36.5491,36.912,0,0
CRJ_PE,D,20201207,000000,38.5445,41.9,37.9096,41.7187,0,0
CRJ_PE,D,20201208,000000,40.721,41.0838,40.5397,40.721,0,0
CRJ_PE,D,20201209,000000,41.9,41.9,38.7258,38.7258,0,0
CRJ_PE,D,20201210,000000,39.0886,40.5397,39.0886,39.9048,0,0
CRJ_PE,D,20201211,000000,39.9048,39.9048,38.363,38.8165,0,0
CRJ_PE,D,20201214,000000,38.8165,38.8165,37.0933,37.4561,0,0
CRJ_PE,D,20201215,000000,38.4538,40.8117,38.4538,39.8141,0,0
CRJ_PE,D,20201216,000000,39.4514,39.6328,38.9072,39.4514,0,0
CRJ_PE,D,20201217,000000,39.4514,39.4514,39.0886,39.4514,0,0
CRJ_PE,D,20201218,000000,39.6328,39.6328,38.1816,38.7258,0,0
CRJ_PE,D,20201221,000000,38.0909,38.6351,37.5468,38.2723,0,0
CRJ_PE,D,20201222,000000,38.363,38.363,37.6375,38.0003,0,0
CRJ_PE,D,20201223,000000,37.8189,38.363,37.5468,38.0909,0,0
CRJ_PE,D,20201228,000000,37.5468,38.6351,37.5468,38.6351,0,0
CRJ_PE,D,20201229,000000,38.6351,43.0791,38.6351,42.4442,0,0
CRJ_PE,D,20201230,000000,42.6256,43.8953,41.628,43.8953,0,0
CRJ_PE,D,20210104,000000,43.8953,46.0719,43.8953,44.893,0,0
CRJ_PE,D,20210105,000000,44.893,47.5231,44.893,46.2533,0,0
CRJ_PE,D,20210107,000000,46.2533,46.2533,45.0743,45.8906,0,0
CRJ_PE,D,20210108,000000,45.8906,45.8906,44.4394,44.4394,0,0
CRJ_PE,D,20210111,000000,44.6208,46.6161,43.8046,44.0767,0,0
CRJ_PE,D,20210112,000000,44.2581,45.437,41.9,43.4418,0,0
CRJ_PE,D,20210113,000000,43.4418,44.2581,43.0791,43.8953,0,0
CRJ_PE,D,20210114,000000,44.2581,45.2557,43.0791,45.2557,0,0
CRJ_PE,D,20210115,000000,43.8953,44.893,42.8976,43.8953,0,0
CRJ_PE,D,20210118,000000,42.8976,45.5277,42.8976,44.4394,0,0
CRJ_PE,D,20210119,000000,44.6208,45.0743,43.2605,45.0743,0,0
CRJ_PE,D,20210120,000000,45.2557,48.2485,45.2557,47.0695,0,0
CRJ_PE,D,20210121,000000,48.43,48.43,47.2509,47.7044,0,0
CRJ_PE,D,20210122,000000,47.7044,47.7044,45.5277,47.0695,0,0
CRJ_PE,D,20210125,000000,47.4323,47.7044,45.7092,45.7092,0,0
CRJ_PE,D,20210126,000000,45.0743,46.344,45.0743,45.8906,0,0
CRJ_PE,D,20210127,000000,46.2533,47.0695,43.8953,43.8953,0,0
CRJ_PE,D,20210128,000000,43.8953,45.5277,42.7163,44.7115,0,0
CRJ_PE,D,20210129,000000,45.3464,47.3416,45.3464,47.2509,0,0
CRJ_PE,D,20210201,000000,47.2509,47.2509,45.2557,45.2557,0,0
CRJ_PE,D,20210202,000000,45.437,45.8906,44.6208,45.0743,0,0
CRJ_PE,D,20210203,000000,44.7115,44.7115,43.0791,43.4418,0,0
CRJ_PE,D,20210204,000000,43.6232,43.6232,41.628,41.7187,0,0
CRJ_PE,D,20210205,000000,41.7187,43.0791,41.7187,42.2629,0,0
CRJ_PE,D,20210208,000000,42.0815,43.4418,41.2652,41.9,0,0
CRJ_PE,D,20210209,000000,41.9,41.9,40.5397,41.2652,0,0
CRJ_PE,D,20210210,000000,40.6304,43.0791,40.449,42.2629,0,0
CRJ_PE,D,20210211,000000,42.4442,42.6256,41.628,42.4442,0,0
CRJ_PE,D,20210212,000000,42.4442,42.8069,40.449,40.9024,0,0
CRJ_PE,D,20210215,000000,40.5397,41.5373,40.5397,41.0838,0,0
CRJ_PE,D,20210216,000000,39.9048,41.0838,39.7234,41.0838,0,0
CRJ_PE,D,20210217,000000,41.0838,41.0838,33.7377,33.7377,0,0
CRJ_PE,D,20210218,000000,33.9191,34.1005,33.0122,33.0122,0,0
CRJ_PE,D,20210219,000000,33.0122,34.0098,33.0122,33.7377,0,0
CRJ_PE,D,20210222,000000,34.1005,34.1005,32.8307,33.0122,0,0
CRJ_PE,D,20210223,000000,32.6494,32.9214,32.0145,32.9214,0,0
CRJ_PE,D,20210224,000000,32.7401,34.0098,32.7401,33.8284,0,0
CRJ_PE,D,20210225,000000,34.0098,34.0098,33.0122,33.1936,0,0
CRJ_PE,D,20210226,000000,32.7401,32.8307,32.196,32.7401,0,0
CRJ_PE,D,20210301,000000,32.468,33.1936,32.468,33.0122,0,0
CRJ_PE,D,20210302,000000,33.0122,33.0122,32.6494,32.7401,0,0
CRJ_PE,D,20210303,000000,32.7401,32.9214,31.4704,31.4704,0,0
CRJ_PE,D,20210304,000000,31.4704,32.1052,31.0169,32.0145,0,0
CRJ_PE,D,20210305,000000,31.7425,32.5587,31.3797,32.468,0,0
CRJ_PE,D,20210308,000000,32.5587,33.0122,31.7425,33.0122,0,0
CRJ_PE,D,20210309,000000,33.1029,33.1029,32.5587,32.8307,0,0
CRJ_PE,D,20210310,000000,32.9214,33.0122,32.1052,32.2867,0,0
CRJ_PE,D,20210311,000000,32.3773,32.8307,32.3773,32.5587,0,0
CRJ_PE,D,20210312,000000,32.3773,32.5587,31.7425,32.3773,0,0
CRJ_PE,D,20210315,000000,32.2867,32.5587,32.0145,32.0145,0,0
CRJ_PE,D,20210316,000000,32.0145,32.7401,32.0145,32.5587,0,0
CRJ_PE,D,20210317,000000,32.468,32.8307,31.4704,32.1052,0,0
CRJ_PE,D,20210318,000000,32.2867,33.5563,32.2867,33.0122,0,0
CRJ_PE,D,20210319,000000,33.0122,33.5563,32.7401,33.3749,0,0
CRJ_PE,D,20210322,000000,33.7377,33.7377,32.5587,33.0122,0,0
CRJ_PE,D,20210323,000000,33.0122,33.0122,32.196,32.6494,0,0
CRJ_PE,D,20210324,000000,32.7401,32.7401,32.2867,32.7401,0,0
CRJ_PE,D,20210325,000000,32.6494,33.1936,32.3773,32.9214,0,0
CRJ_PE,D,20210326,000000,32.3773,32.7401,32.1052,32.5587,0,0
CRJ_PE,D,20210329,000000,32.6494,32.7401,32.0145,32.5587,0,0
CRJ_PE,D,20210330,000000,32.2867,32.6494,32.1052,32.2867,0,0
CRJ_PE,D,20210331,000000,32.0145,32.0145,31.6518,32.0145,0,0
CRJ_PE,D,20210401,000000,31.7425,31.7425,31.5611,31.5611,0,0
CRJ_PE,D,20210406,000000,31.7425,32.3773,31.7425,32.0145,0,0
CRJ_PE,D,20210407,000000,32.3773,32.3773,31.6518,32.196,0,0
CRJ_PE,D,20210408,000000,32.196,32.196,31.1076,31.1076,0,0
CRJ_PE,D,20210409,000000,30.11,31.0169,30.11,31.0169,0,0
CRJ_PE,D,20210412,000000,31.1076,31.1076,29.7472,29.7472,0,0
CRJ_PE,D,20210413,000000,29.7472,30.2006,29.7472,30.2006,0,0
CRJ_PE,D,20210414,000000,30.11,30.4728,30.11,30.4728,0,0
CRJ_PE,D,20210415,000000,30.4728,30.7448,30.11,30.4728,0,0
CRJ_PE,D,20210416,000000,30.5635,30.7448,30.11,30.5635,0,0
CRJ_PE,D,20210419,000000,30.5635,31.1076,29.4752,31.1076,0,0
CRJ_PE,D,20210420,000000,31.1076,31.1983,30.2914,31.1076,0,0
CRJ_PE,D,20210421,000000,30.5635,30.7448,29.8379,30.3821,0,0
CRJ_PE,D,20210422,000000,30.3821,30.3821,28.931,29.7472,0,0
CRJ_PE,D,20210423,000000,29.7472,29.7472,28.2054,29.7472,0,0
CRJ_PE,D,20210426,000000,29.3844,29.3844,28.3868,28.3868,0,0
CRJ_PE,D,20210427,000000,28.0241,28.2054,27.0265,27.752,0,0
CRJ_PE,D,20210428,000000,27.3892,28.5683,26.1195,28.5683,0,0
CRJ_PE,D,20210429,000000,28.6589,28.6589,27.752,27.752,0,0
CRJ_PE,D,20210430,000000,28.8403,28.8403,23.3987,23.3987,0,0
CRJ_PE,D,20210504,000000,23.6708,23.6708,22.3105,22.3105,0,0
CRJ_PE,D,20210505,000000,22.129,23.1267,22.0383,22.9452,0,0
CRJ_PE,D,20210506,000000,23.0359,23.0359,22.2198,22.3105,0,0
CRJ_PE,D,20210507,000000,22.3105,22.6732,21.9476,22.6732,0,0
CRJ_PE,D,20210510,000000,22.6732,23.1267,22.3105,22.3105,0,0
CRJ_PE,D,20210511,000000,22.129,22.8545,21.8569,21.9476,0,0
CRJ_PE,D,20210512,000000,21.9476,22.3105,21.3128,22.0383,0,0
CRJ_PE,D,20210513,000000,21.9476,21.9476,20.7686,20.8593,0,0
CRJ_PE,D,20210514,000000,21.4035,22.4918,20.8593,22.4918,0,0
CRJ_PE,D,20210517,000000,22.9452,24.0336,22.9452,23.3987,0,0
CRJ_PE,D,20210518,000000,23.3987,23.3987,22.4918,22.6732,0,0
CRJ_PE,D,20210519,000000,22.3105,22.4011,21.5849,22.2198,0,0
CRJ_PE,D,20210520,000000,22.129,23.6708,22.129,23.2174,0,0
CRJ_PE,D,20210521,000000,23.2174,24.215,23.2174,23.9428,0,0
CRJ_PE,D,20210524,000000,23.9428,24.1243,23.2174,23.3987,0,0
CRJ_PE,D,20210525,000000,23.6708,23.6708,22.6732,22.6732,0,0
CRJ_PE,D,20210526,000000,23.1267,23.8522,23.1267,23.3081,0,0
CRJ_PE,D,20210527,000000,23.7615,25.666,23.2174,25.666,0,0
CRJ_PE,D,20210528,000000,25.7567,25.7567,24.8498,25.394,0,0
CRJ_PE,D,20210531,000000,25.666,26.0288,25.4846,26.0288,0,0
CRJ_PE,D,20210601,000000,25.9382,25.9382,21.4942,21.4942,0,0
CRJ_PE,D,20210602,000000,21.5849,21.6756,21.1314,21.5849,0,0
CRJ_PE,D,20210604,000000,21.5849,21.5849,21.1314,21.3128,0,0
CRJ_PE,D,20210607,000000,23.0359,23.0359,21.6756,21.6756,0,0
CRJ_PE,D,20210608,000000,21.7663,22.129,21.7663,22.0383,0,0
CRJ_PE,D,20210609,000000,22.0383,22.3105,22.0383,22.3105,0,0
CRJ_PE,D,20210610,000000,22.3105,22.3105,21.4942,21.5849,0,0
CRJ_PE,D,20210611,000000,21.5849,21.5849,20.0431,20.95,0,0
CRJ_PE,D,20210614,000000,21.4942,21.9476,21.4942,21.5849,0,0
CRJ_PE,D,20210615,000000,21.8569,22.0383,21.5849,21.8569,0,0
CRJ_PE,D,20210616,000000,22.129,22.129,21.3128,21.5849,0,0
CRJ_PE,D,20210617,000000,21.6756,21.6756,21.0407,21.2221,0,0
CRJ_PE,D,20210618,000000,21.2221,21.4942,21.0407,21.3128,0,0
CRJ_PE,D,20210621,000000,21.0407,21.0407,20.2244,20.678,0,0
CRJ_PE,D,20210622,000000,20.7686,20.7686,19.6804,19.9524,0,0
CRJ_PE,D,20210623,000000,19.8617,19.8617,18.8641,19.1362,0,0
CRJ_PE,D,20210624,000000,18.9548,19.5897,18.7734,19.2268,0,0
CRJ_PE,D,20210625,000000,19.1362,19.3175,18.8641,19.0455,0,0
CRJ_PE,D,20210628,000000,19.0455,19.1362,18.7734,18.8641,0,0
CRJ_PE,D,20210629,000000,18.7734,18.8641,18.1385,18.5921,0,0
CRJ_PE,D,20210630,000000,18.5921,18.8641,17.8665,18.5921,0,0
CRJ_PE,D,20210701,000000,18.5921,19.3175,18.5013,19.0455,0,0
CRJ_PE,D,20210702,000000,18.8641,19.0455,18.8641,18.9548,0,0
CRJ_PE,D,20210705,000000,18.9548,19.771,18.6827,19.6804,0,0
CRJ_PE,D,20210706,000000,19.771,20.3151,19.5897,19.9524,0,0
CRJ_PE,D,20210707,000000,19.8617,19.9524,19.6804,19.8617,0,0
CRJ_PE,D,20210708,000000,19.771,19.9524,19.499,19.5897,0,0
CRJ_PE,D,20210709,000000,19.4082,19.8617,19.2268,19.8617,0,0
CRJ_PE,D,20210712,000000,19.8617,20.2244,19.5897,20.2244,0,0
CRJ_PE,D,20210713,000000,20.2244,20.5873,20.2244,20.4966,0,0
CRJ_PE,D,20210714,000000,20.3151,20.678,19.8617,19.8617,0,0
CRJ_PE,D,20210715,000000,19.8617,19.8617,19.1362,19.4082,0,0
CRJ_PE,D,20210716,000000,19.771,19.8617,19.4082,19.5897,0,0
CRJ_PE,D,20210719,000000,19.3175,19.4082,18.7734,18.8641,0,0
CRJ_PE,D,20210720,000000,18.9548,19.0455,18.2292,18.8641,0,0
CRJ_PE,D,20210721,000000,18.8641,18.8641,18.2292,18.3199,0,0
CRJ_PE,D,20210722,000000,18.5013,18.9548,18.4106,18.9548,0,0
CRJ_PE,D,20210723,000000,18.9548,18.9548,18.1385,18.1385,0,0
CRJ_PE,D,20210726,000000,18.1385,18.3199,18.0479,18.2292,0,0
CRJ_PE,D,20210727,000000,18.3199,18.5921,18.0479,18.1385,0,0
CRJ_PE,D,20210728,000000,18.2292,18.2292,17.8665,17.9572,0,0
CRJ_PE,D,20210729,000000,18.4106,18.4106,16.6874,16.6874,0,0
CRJ_PE,D,20210730,000000,16.9596,17.0503,16.7782,16.7782,0,0
CRJ_PE,D,20210802,000000,16.5061,18.2292,16.5061,18.2292,0,0
CRJ_PE,D,20210803,000000,18.0479,18.5921,17.1409,17.2316,0,0
CRJ_PE,D,20210804,000000,17.3223,17.3223,16.9596,17.2316,0,0
CRJ_PE,D,20210805,000000,17.2316,17.7758,16.9596,17.7758,0,0
CRJ_PE,D,20210806,000000,17.7758,17.9572,17.3223,17.6851,0,0
CRJ_PE,D,20210809,000000,17.413,17.9572,17.413,17.8665,0,0
CRJ_PE,D,20210810,000000,17.8665,18.0479,17.5943,17.7758,0,0
CRJ_PE,D,20210811,000000,17.5943,17.6851,17.5037,17.6851,0,0
CRJ_PE,D,20210812,000000,17.5943,18.6827,17.5943,18.0479,0,0
CRJ_PE,D,20210813,000000,17.7758,18.1385,17.7758,18.1385,0,0
CRJ_PE,D,20210816,000000,18.3199,18.5013,17.9572,18.5013,0,0
CRJ_PE,D,20210817,000000,18.2292,18.2292,17.5943,18.0479,0,0
CRJ_PE,D,20210818,000000,18.1385,18.1385,17.5943,17.6851,0,0
CRJ_PE,D,20210819,000000,17.5037,18.1385,17.0503,18.1385,0,0
CRJ_PE,D,20210820,000000,17.8665,18.0479,17.8665,17.9572,0,0
CRJ_PE,D,20210823,000000,17.8665,18.3199,17.5037,17.9572,0,0
CRJ_PE,D,20210824,000000,18.3199,18.4106,17.9572,18.1385,0,0
CRJ_PE,D,20210825,000000,17.9572,18.2292,17.5943,18.2292,0,0
CRJ_PE,D,20210826,000000,18.3199,18.3199,17.5943,18.2292,0,0
CRJ_PE,D,20210827,000000,17.6851,18.0479,17.5943,17.6851,0,0
CRJ_PE,D,20210830,000000,17.7758,17.9572,17.413,17.9572,0,0
CRJ_PE,D,20210831,000000,17.8665,17.9572,17.5037,17.9572,0,0
CRJ_PE,D,20210901,000000,17.6851,17.6851,17.2316,17.413,0,0
CRJ_PE,D,20210902,000000,17.2316,17.5943,17.1409,17.5943,0,0
CRJ_PE,D,20210903,000000,17.5943,17.5943,17.3223,17.3223,0,0
CRJ_PE,D,20210906,000000,17.2316,17.6851,16.9596,17.6851,0,0
CRJ_PE,D,20210907,000000,17.5943,17.6851,17.3223,17.413,0,0
CRJ_PE,D,20210908,000000,17.2316,17.2316,16.9596,17.0503,0,0
CRJ_PE,D,20210909,000000,17.0503,17.3223,17.0503,17.3223,0,0
CRJ_PE,D,20210910,000000,17.3223,17.413,17.0503,17.413,0,0
CRJ_PE,D,20210913,000000,17.3223,17.3223,16.9596,17.2316,0,0
CRJ_PE,D,20210914,000000,17.2316,17.5037,16.6874,17.5037,0,0
CRJ_PE,D,20210915,000000,17.5037,17.5037,17.1409,17.3223,0,0
CRJ_PE,D,20210916,000000,17.2316,17.2316,16.8689,17.2316,0,0
CRJ_PE,D,20210917,000000,16.9596,17.2316,16.8689,17.2316,0,0
CRJ_PE,D,20210920,000000,16.8689,17.0503,16.4154,17.0503,0,0
CRJ_PE,D,20210921,000000,16.8689,16.8689,16.0526,16.3247,0,0
CRJ_PE,D,20210922,000000,16.3247,16.7782,16.3247,16.4154,0,0
CRJ_PE,D,20210923,000000,16.5967,17.5037,16.5061,17.5037,0,0
CRJ_PE,D,20210924,000000,17.2316,17.2316,16.7782,17.0503,0,0
CRJ_PE,D,20210927,000000,17.3223,17.3223,16.6874,17.2316,0,0
CRJ_PE,D,20210928,000000,17.3223,17.3223,16.8689,17.2316,0,0
CRJ_PE,D,20210929,000000,17.2316,17.2316,16.8689,17.0503,0,0
CRJ_PE,D,20210930,000000,16.7782,24.487,16.6874,24.487,0,0
CRJ_PE,D,20211001,000000,24.1243,25.0312,23.6708,24.7591,0,0
CRJ_PE,D,20211004,000000,24.7591,25.666,24.215,25.2126,0,0
CRJ_PE,D,20211005,000000,25.394,25.394,23.6708,24.7591,0,0
CRJ_PE,D,20211006,000000,24.3964,24.3964,24.0336,24.3057,0,0
CRJ_PE,D,20211007,000000,24.1243,24.3964,23.9428,24.1243,0,0
CRJ_PE,D,20211008,000000,24.0336,24.7591,24.0336,24.7591,0,0
CRJ_PE,D,20211011,000000,24.7591,24.7591,24.0336,24.1243,0,0
CRJ_PE,D,20211012,000000,24.215,24.215,23.3987,23.3987,0,0
CRJ_PE,D,20211013,000000,23.3987,23.7615,23.3081,23.4894,0,0
CRJ_PE,D,20211014,000000,23.4894,23.5801,22.8545,23.4894,0,0
CRJ_PE,D,20211015,000000,23.4894,23.4894,22.8545,23.2174,0,0
CRJ_PE,D,20211018,000000,23.1267,23.1267,22.5825,22.9452,0,0
CRJ_PE,D,20211019,000000,22.8545,22.8545,22.4918,22.8545,0,0
CRJ_PE,D,20211020,000000,22.8545,23.5801,22.4918,23.4894,0,0
CRJ_PE,D,20211021,000000,23.4894,24.3964,23.4894,24.3964,0,0
CRJ_PE,D,20211022,000000,24.3964,24.5777,23.8522,24.5777,0,0
CRJ_PE,D,20211025,000000,24.5777,24.5777,23.9428,24.487,0,0
CRJ_PE,D,20211026,000000,24.3057,24.3964,24.0336,24.3964,0,0
CRJ_PE,D,20211027,000000,24.487,24.487,23.3081,24.0336,0,0
CRJ_PE,D,20211028,000000,23.9428,24.215,23.4894,24.215,0,0
CRJ_PE,D,20211029,000000,23.9428,24.487,23.4894,24.487,0,0
CRJ_PE,D,20211102,000000,23.9428,24.215,23.6708,24.1243,0,0
CRJ_PE,D,20211103,000000,23.8522,24.1243,23.5801,24.1243,0,0
CRJ_PE,D,20211104,000000,23.9428,24.487,23.8522,24.487,0,0
CRJ_PE,D,20211105,000000,24.3057,25.1219,24.215,25.0312,0,0
CRJ_PE,D,20211108,000000,25.0312,25.7567,25.0312,25.4846,0,0
CRJ_PE,D,20211109,000000,25.4846,25.4846,25.0312,25.3033,0,0
CRJ_PE,D,20211110,000000,25.3033,25.3033,24.6684,24.9406,0,0
CRJ_PE,D,20211112,000000,24.487,25.1219,24.487,25.1219,0,0
CRJ_PE,D,20211115,000000,25.1219,25.4846,24.9406,25.1219,0,0
CRJ_PE,D,20211116,000000,25.394,26.8451,25.394,25.7567,0,0
CRJ_PE,D,20211117,000000,25.7567,26.1195,25.4846,25.5753,0,0
CRJ_PE,D,20211118,000000,25.5753,27.4799,24.8498,27.4799,0,0
CRJ_PE,D,20211119,000000,27.4799,27.4799,26.3916,26.3916,0,0
CRJ_PE,D,20211122,000000,26.3916,27.1171,25.8475,26.5729,0,0
CRJ_PE,D,20211123,000000,26.4823,26.4823,25.1219,26.1195,0,0
CRJ_PE,D,20211124,000000,26.1195,26.4823,25.3033,26.4823,0,0
CRJ_PE,D,20211125,000000,26.4823,26.5729,25.7567,26.5729,0,0
CRJ_PE,D,20211126,000000,26.0288,26.0288,25.2126,25.9382,0,0
CRJ_PE,D,20211129,000000,25.9382,26.5729,25.666,26.5729,0,0
CRJ_PE,D,20211130,000000,26.3009,26.3009,25.9382,26.0288,0,0
CRJ_PE,D,20211201,000000,26.2102,26.5729,17.5943,17.5943,0,0
CRJ_PE,D,20211202,000000,17.5943,17.7758,17.413,17.7758,0,0
CRJ_PE,D,20211203,000000,17.7758,18.0479,17.6851,17.9572,0,0
CRJ_PE,D,20211206,000000,17.9572,18.0479,17.7758,17.9572,0,0
CRJ_PE,D,20211207,000000,17.9572,17.9572,17.6851,17.7758,0,0
CRJ_PE,D,20211208,000000,17.6851,17.8665,17.5943,17.6851,0,0
CRJ_PE,D,20211209,000000,17.9572,17.9572,17.5037,17.5037,0,0
CRJ_PE,D,20211210,000000,17.5037,17.5037,16.8689,17.0503,0,0
CRJ_PE,D,20211213,000000,17.1409,17.6851,16.6874,17.5943,0,0
CRJ_PE,D,20211214,000000,17.5037,17.5037,16.9596,17.5037,0,0
CRJ_PE,D,20211215,000000,17.5037,17.5943,16.7782,16.9596,0,0
CRJ_PE,D,20211216,000000,16.6874,17.1409,16.6874,16.8689,0,0
CRJ_PE,D,20211217,000000,16.8689,16.9596,16.4154,16.6874,0,0
CRJ_PE,D,20211220,000000,16.5061,16.8689,16.234,16.8689,0,0
CRJ_PE,D,20211221,000000,16.8689,17.1409,16.5967,17.1409,0,0
CRJ_PE,D,20211222,000000,17.1409,17.1409,16.7782,16.8689,0,0
CRJ_PE,D,20211223,000000,16.8689,17.1409,16.1433,17.1409,0,0
CRJ_PE,D,20211227,000000,17.1409,17.1409,16.5967,16.6874,0,0
CRJ_PE,D,20211228,000000,16.6874,16.7782,16.3247,16.5967,0,0
CRJ_PE,D,20211229,000000,16.5967,17.1409,16.4154,17.1409,0,0
CRJ_PE,D,20211230,000000,17.1409,17.6851,16.9596,17.6851,0,0
CRJ_PE,D,20220103,000000,17.6851,18.0479,17.6851,17.7758,0,0
CRJ_PE,D,20220104,000000,17.7758,17.9572,17.7758,17.7758,0,0
CRJ_PE,D,20220105,000000,17.7758,17.7758,17.5037,17.5943,0,0
CRJ_PE,D,20220107,000000,17.5943,17.8665,17.413,17.8665,0,0
CRJ_PE,D,20220110,000000,17.9572,18.7734,17.9572,18.4106,0,0
CRJ_PE,D,20220111,000000,18.5013,18.7734,18.4106,18.7734,0,0
CRJ_PE,D,20220112,000000,18.8641,18.9548,18.5921,18.6827,0,0
CRJ_PE,D,20220113,000000,18.6827,18.9548,18.2292,18.6827,0,0
CRJ_PE,D,20220114,000000,18.6827,18.8641,18.6827,18.7734,0,0
CRJ_PE,D,20220117,000000,18.6827,18.7734,18.4106,18.7734,0,0
CRJ_PE,D,20220118,000000,18.7734,19.4082,18.5013,19.0455,0,0
CRJ_PE,D,20220119,000000,18.9548,18.9548,18.4106,18.6827,0,0
CRJ_PE,D,20220120,000000,18.5013,18.6827,18.2292,18.2292,0,0
CRJ_PE,D,20220121,000000,18.2292,18.2292,17.6851,17.7758,0,0
CRJ_PE,D,20220124,000000,17.7758,17.7758,16.6874,16.9596,0,0
CRJ_PE,D,20220125,000000,17.0503,17.5037,16.9596,17.0503,0,0
CRJ_PE,D,20220126,000000,16.9596,17.3223,16.9596,17.1409,0,0
CRJ_PE,D,20220127,000000,16.9596,17.1409,16.6874,16.6874,0,0
CRJ_PE,D,20220128,000000,16.5967,16.6874,16.5061,16.6874,0,0
CRJ_PE,D,20220131,000000,16.6874,17.5037,16.6874,17.2316,0,0
CRJ_PE,D,20220201,000000,17.5037,18.0479,17.3223,17.5037,0,0
CRJ_PE,D,20220202,000000,17.5037,17.9572,17.5037,17.6851,0,0
CRJ_PE,D,20220203,000000,17.7758,18.5921,17.5943,17.9572,0,0
CRJ_PE,D,20220204,000000,18.1385,18.1385,17.3223,17.6851,0,0
CRJ_PE,D,20220207,000000,17.6851,17.6851,17.3223,17.5037,0,0
CRJ_PE,D,20220208,000000,17.5037,17.6851,17.413,17.5943,0,0
CRJ_PE,D,20220209,000000,17.3223,18.0479,17.3223,17.8665,0,0
CRJ_PE,D,20220210,000000,17.8665,17.9572,17.5943,17.9572,0,0
CRJ_PE,D,20220211,000000,17.9572,18.1385,17.7758,17.9572,0,0
CRJ_PE,D,20220214,000000,17.6851,17.6851,17.0503,17.413,0,0
CRJ_PE,D,20220215,000000,17.3223,18.1385,17.3223,17.9572,0,0
CRJ_PE,D,20220216,000000,18.1385,18.1385,17.7758,17.8665,0,0
CRJ_PE,D,20220217,000000,17.8665,17.9572,17.2316,17.2316,0,0
CRJ_PE,D,20220218,000000,17.2316,17.3223,16.5967,16.6874,0,0
CRJ_PE,D,20220221,000000,16.6874,16.7782,16.1433,16.4154,0,0
CRJ_PE,D,20220222,000000,16.1433,17.5943,16.1433,17.5037,0,0
CRJ_PE,D,20220223,000000,17.6851,17.9572,17.1409,17.1409,0,0
CRJ_PE,D,20220224,000000,16.234,16.5967,15.5084,16.1433,0,0
CRJ_PE,D,20220225,000000,16.1433,16.8689,15.962,16.7782,0,0
CRJ_PE,D,20220228,000000,16.6874,17.3223,16.4154,17.1409,0,0
CRJ_PE,D,20220301,000000,17.2316,17.2316,16.5061,16.5061,0,0
CRJ_PE,D,20220302,000000,16.4154,16.5061,15.8713,16.234,0,0
CRJ_PE,D,20220303,000000,16.234,16.3247,15.962,16.1433,0,0
CRJ_PE,D,20220304,000000,15.962,15.962,15.2364,15.4178,0,0
CRJ_PE,D,20220307,000000,15.1457,15.3271,14.2388,14.8736,0,0
CRJ_PE,D,20220308,000000,14.5108,15.2364,14.3295,14.3295,0,0
CRJ_PE,D,20220309,000000,14.8736,15.4178,14.8736,15.3271,0,0
CRJ_PE,D,20220310,000000,15.3271,15.7805,15.3271,15.3271,0,0
CRJ_PE,D,20220311,000000,15.3271,15.5084,15.3271,15.5084,0,0
CRJ_PE,D,20220314,000000,15.5084,15.5991,15.2364,15.3271,0,0
CRJ_PE,D,20220315,000000,15.5084,15.5991,14.9644,15.5084,0,0
CRJ_PE,D,20220316,000000,15.5084,15.8713,15.1457,15.4178,0,0
CRJ_PE,D,20220317,000000,15.5084,15.8713,15.1457,15.8713,0,0
CRJ_PE,D,20220318,000000,15.6898,15.7805,15.3271,15.5084,0,0
CRJ_PE,D,20220321,000000,15.3271,15.7805,15.2364,15.7805,0,0
CRJ_PE,D,20220322,000000,15.7805,16.1433,15.5991,15.962,0,0
CRJ_PE,D,20220323,000000,15.962,16.3247,15.7805,15.7805,0,0
CRJ_PE,D,20220324,000000,15.7805,16.234,15.5991,16.234,0,0
CRJ_PE,D,20220325,000000,16.0526,16.4154,16.0526,16.4154,0,0
CRJ_PE,D,20220328,000000,16.4154,16.4154,15.8713,16.234,0,0
CRJ_PE,D,20220329,000000,16.234,16.3247,15.8713,15.8713,0,0
CRJ_PE,D,20220330,000000,15.962,16.1433,15.8713,15.8713,0,0
CRJ_PE,D,20220331,000000,15.8713,15.8713,15.5084,15.6898,0,0
CRJ_PE,D,20220401,000000,15.6898,16.3247,15.5084,16.3247,0,0
CRJ_PE,D,20220404,000000,16.3247,16.3247,15.8713,16.234,0,0
CRJ_PE,D,20220405,000000,16.234,16.3247,16.0526,16.3247,0,0
CRJ_PE,D,20220406,000000,16.3247,16.3247,15.6898,16.0526,0,0
CRJ_PE,D,20220407,000000,15.7805,16.234,15.5991,16.234,0,0
CRJ_PE,D,20220408,000000,16.0526,16.6874,15.7805,16.5967,0,0
CRJ_PE,D,20220411,000000,17.5037,17.5037,16.1433,16.4154,0,0
CRJ_PE,D,20220412,000000,16.4154,16.4154,15.6898,16.0526,0,0
CRJ_PE,D,20220413,000000,15.8713,15.8713,15.5991,15.7805,0,0
CRJ_PE,D,20220414,000000,15.7805,15.8713,15.5084,15.8713,0,0
CRJ_PE,D,20220419,000000,15.8713,15.8713,15.4178,15.6898,0,0
CRJ_PE,D,20220420,000000,15.5991,15.5991,15.1457,15.3271,0,0
CRJ_PE,D,20220421,000000,15.2364,15.5084,15.055,15.1457,0,0
CRJ_PE,D,20220422,000000,15.1457,15.5991,14.9644,15.5991,0,0
CRJ_PE,D,20220425,000000,14.9644,15.3271,14.6015,15.3271,0,0
CRJ_PE,D,20220426,000000,15.4178,15.6898,14.8736,14.8736,0,0
CRJ_PE,D,20220427,000000,14.6015,15.1457,14.5108,15.055,0,0
CRJ_PE,D,20220428,000000,14.8736,15.055,14.5108,14.5108,0,0
CRJ_PE,D,20220429,000000,14.2388,15.1457,13.876,15.1457,0,0
CRJ_PE,D,20220502,000000,15.055,15.5991,14.8736,15.055,0,0
CRJ_PE,D,20220504,000000,15.055,15.055,14.6922,14.6922,0,0
CRJ_PE,D,20220505,000000,14.7829,15.055,14.5108,14.8736,0,0
CRJ_PE,D,20220506,000000,15.055,15.2364,14.6015,14.7829,0,0
CRJ_PE,D,20220509,000000,14.5108,14.6922,13.7853,13.7853,0,0
CRJ_PE,D,20220510,000000,13.7853,13.7853,13.2412,13.4225,0,0
CRJ_PE,D,20220511,000000,13.5132,13.5132,13.1505,13.2412,0,0
CRJ_PE,D,20220512,000000,13.0597,13.0597,12.4249,12.5156,0,0
CRJ_PE,D,20220513,000000,12.5156,12.697,12.2436,12.6063,0,0
CRJ_PE,D,20220516,000000,12.5156,12.6063,11.9714,12.1528,0,0
CRJ_PE,D,20220517,000000,12.1528,12.5156,11.9714,12.3343,0,0
CRJ_PE,D,20220518,000000,12.3343,12.7877,12.2436,12.697,0,0
CRJ_PE,D,20220519,000000,12.5156,12.5156,12.1528,12.3343,0,0
CRJ_PE,D,20220520,000000,12.3343,12.8783,12.1528,12.7877,0,0
CRJ_PE,D,20220523,000000,12.7877,13.3319,12.7877,12.969,0,0
CRJ_PE,D,20220524,000000,12.969,12.969,12.3343,12.4249,0,0
CRJ_PE,D,20220525,000000,12.4249,12.4249,11.7901,12.2436,0,0
CRJ_PE,D,20220526,000000,12.1528,12.6063,11.6994,12.6063,0,0
CRJ_PE,D,20220527,000000,12.3343,12.7877,12.2436,12.5156,0,0
CRJ_PE,D,20220530,000000,12.2436,13.4225,12.2436,13.4225,0,0
CRJ_PE,D,20220531,000000,12.969,13.876,12.969,13.7853,0,0
CRJ_PE,D,20220601,000000,13.9666,13.9666,13.4225,13.5132,0,0
CRJ_PE,D,20220602,000000,13.6039,13.6946,12.1528,12.1528,0,0
CRJ_PE,D,20220603,000000,11.8807,12.1528,11.2459,11.6087,0,0
CRJ_PE,D,20220606,000000,11.4273,11.6994,11.2459,11.6994,0,0
CRJ_PE,D,20220607,000000,11.518,11.9714,11.518,11.8807,0,0
CRJ_PE,D,20220608,000000,11.8807,11.8807,11.4273,11.518,0,0
CRJ_PE,D,20220609,000000,11.518,11.518,11.1552,11.2459,0,0
CRJ_PE,D,20220610,000000,11.1552,11.2459,10.7924,10.7924,0,0
CRJ_PE,D,20220613,000000,10.4297,10.7924,9.88549,9.88549,0,0
CRJ_PE,D,20220614,000000,9.9762,10.1576,9.88549,10.1576,0,0
CRJ_PE,D,20220615,000000,10.1576,10.1576,9.79478,10.0669,0,0
CRJ_PE,D,20220617,000000,9.79478,10.0669,9.79478,9.9762,0,0
CRJ_PE,D,20220620,000000,10.6159,10.7107,10.142,10.142,0,0
CRJ_PE,D,20220621,000000,10.142,10.3316,10.142,10.3316,0,0
CRJ_PE,D,20220622,000000,10.2368,10.2368,9.85763,10.0472,0,0
CRJ_PE,D,20220623,000000,9.85763,10.3316,9.85763,10.3316,0,0
CRJ_PE,D,20220624,000000,10.3316,10.4263,9.95241,10.3316,0,0
CRJ_PE,D,20220627,000000,10.4263,10.6159,10.2368,10.4263,0,0
CRJ_PE,D,20220628,000000,10.5211,10.5211,10.142,10.2368,0,0
CRJ_PE,D,20220629,000000,10.142,10.2368,10.0472,10.142,0,0
CRJ_PE,D,20220630,000000,10.0472,10.142,9.95241,10.0472,0,0
CRJ_PE,D,20220701,000000,9.85763,10.0472,9.76284,9.85763,0,0
CRJ_PE,D,20220704,000000,9.85763,9.85763,9.66806,9.66806,0,0
CRJ_PE,D,20220705,000000,9.76284,9.76284,9.28892,9.3837,0,0
CRJ_PE,D,20220706,000000,9.3837,9.57327,9.28892,9.3837,0,0
CRJ_PE,D,20220707,000000,9.28892,9.47849,9.28892,9.3837,0,0
CRJ_PE,D,20220708,000000,9.47849,10.2368,9.47849,10.2368,0,0
CRJ_PE,D,20220711,000000,10.2368,11.1846,10.2368,10.9003,0,0
CRJ_PE,D,20220712,000000,10.9003,10.9003,10.0472,10.7107,0,0
CRJ_PE,D,20220713,000000,10.7107,11.2794,10.7107,11.2794,0,0
CRJ_PE,D,20220714,000000,11.2794,11.2794,11.0898,11.1846,0,0
CRJ_PE,D,20220715,000000,11.2794,12.2272,11.2794,11.9429,0,0
CRJ_PE,D,20220718,000000,12.0377,12.1325,11.8481,12.0377,0,0
CRJ_PE,D,20220719,000000,12.1325,12.322,11.9429,12.0377,0,0
CRJ_PE,D,20220720,000000,12.2272,12.2272,11.8481,12.0377,0,0
CRJ_PE,D,20220721,000000,11.9429,12.322,11.9429,12.322,0,0
CRJ_PE,D,20220722,000000,12.4168,13.2699,12.4168,13.0803,0,0
CRJ_PE,D,20220725,000000,13.0803,13.1751,12.8907,12.8907,0,0
CRJ_PE,D,20220726,000000,13.0803,13.0803,11.7533,11.7533,0,0
CRJ_PE,D,20220727,000000,11.9429,12.2272,11.9429,12.2272,0,0
CRJ_PE,D,20220728,000000,12.322,12.4168,12.1325,12.1325,0,0
CRJ_PE,D,20220729,000000,12.4168,12.8907,12.1325,12.8907,0,0
CRJ_PE,D,20220801,000000,12.8907,12.8907,12.6064,12.796,0,0
CRJ_PE,D,20220802,000000,12.796,13.5542,12.796,13.5542,0,0
CRJ_PE,D,20220803,000000,13.5542,14.8812,13.5542,14.4073,0,0
CRJ_PE,D,20220804,000000,14.5969,14.5969,13.8386,14.1229,0,0
CRJ_PE,D,20220805,000000,14.1229,14.2177,14.0282,14.2177,0,0
CRJ_PE,D,20220808,000000,14.2177,14.2177,13.3647,13.3647,0,0
CRJ_PE,D,20220809,000000,13.5542,13.7438,13.1751,13.4595,0,0
CRJ_PE,D,20220810,000000,13.5542,13.5542,12.796,13.1751,0,0
CRJ_PE,D,20220811,000000,12.8907,14.1229,12.8907,13.8386,0,0
CRJ_PE,D,20220812,000000,14.0282,14.0282,13.4595,13.4595,0,0
CRJ_PE,D,20220816,000000,13.4595,13.5542,13.1751,13.2699,0,0
CRJ_PE,D,20220817,000000,13.649,14.0282,13.649,13.7438,0,0
CRJ_PE,D,20220818,000000,13.7438,14.1229,13.7438,13.8386,0,0
CRJ_PE,D,20220819,000000,14.1229,14.1229,13.8386,13.8386,0,0
CRJ_PE,D,20220822,000000,13.8386,14.0282,12.9855,12.9855,0,0
CRJ_PE,D,20220823,000000,13.0803,13.2699,12.9855,13.2699,0,0
CRJ_PE,D,20220824,000000,13.0803,13.2699,12.7012,12.9855,0,0
CRJ_PE,D,20220825,000000,12.9855,13.3647,12.7012,12.7012,0,0
CRJ_PE,D,20220826,000000,12.7012,12.796,12.5116,12.7012,0,0
CRJ_PE,D,20220829,000000,12.796,12.796,12.2272,12.796,0,0
CRJ_PE,D,20220830,000000,12.796,12.9855,12.0377,12.322,0,0
CRJ_PE,D,20220831,000000,12.322,12.5116,12.322,12.5116,0,0
CRJ_PE,D,20220901,000000,12.5116,12.796,12.5116,12.6064,0,0
CRJ_PE,D,20220902,000000,12.6064,13.4595,12.6064,13.2699,0,0
CRJ_PE,D,20220905,000000,13.2699,13.2699,12.9855,13.0803,0,0
CRJ_PE,D,20220906,000000,12.9855,13.5542,12.9855,13.5542,0,0
CRJ_PE,D,20220907,000000,13.3647,13.7438,13.3647,13.7438,0,0
CRJ_PE,D,20220908,000000,13.8386,13.8386,13.2699,13.5542,0,0
CRJ_PE,D,20220909,000000,13.5542,13.649,13.3647,13.3647,0,0
CRJ_PE,D,20220912,000000,13.1751,13.3647,12.8907,12.9855,0,0
CRJ_PE,D,20220913,000000,12.9855,12.9855,12.796,12.796,0,0
CRJ_PE,D,20220914,000000,12.6064,12.796,12.6064,12.796,0,0
CRJ_PE,D,20220915,000000,12.796,12.796,12.5116,12.5116,0,0
CRJ_PE,D,20220916,000000,12.796,12.796,12.5116,12.7012,0,0
CRJ_PE,D,20220919,000000,12.7012,12.7012,12.5116,12.6064,0,0
CRJ_PE,D,20220920,000000,12.6064,12.6064,11.7533,12.5116,0,0
CRJ_PE,D,20220921,000000,12.322,12.6064,11.8481,12.5116,0,0
CRJ_PE,D,20220922,000000,12.2272,12.5116,11.9429,12.4168,0,0
CRJ_PE,D,20220923,000000,12.4168,12.8907,12.322,12.8907,0,0
CRJ_PE,D,20220926,000000,12.7012,12.8907,12.0377,12.8907,0,0
CRJ_PE,D,20220927,000000,12.796,12.796,12.7012,12.796,0,0
CRJ_PE,D,20220928,000000,12.6064,12.7012,12.322,12.7012,0,0
CRJ_PE,D,20220929,000000,12.7012,13.2699,12.322,12.5116,0,0
CRJ_PE,D,20220930,000000,12.5116,12.8907,12.5116,12.7012,0,0
CRJ_PE,D,20221003,000000,12.6064,12.7012,12.322,12.7012,0,0
CRJ_PE,D,20221004,000000,12.7012,12.8907,12.4168,12.5116,0,0
CRJ_PE,D,20221005,000000,12.8907,12.9855,11.9429,12.5116,0,0
CRJ_PE,D,20221006,000000,12.5116,12.6064,10.8055,10.8055,0,0
CRJ_PE,D,20221007,000000,10.995,10.995,10.5211,10.995,0,0
CRJ_PE,D,20221010,000000,10.9003,11.1846,10.9003,10.995,0,0
CRJ_PE,D,20221011,000000,10.9003,10.995,10.6159,10.995,0,0
CRJ_PE,D,20221012,000000,11.0898,11.2794,10.9003,11.0898,0,0
CRJ_PE,D,20221013,000000,11.0898,11.1846,10.9003,10.995,0,0
CRJ_PE,D,20221014,000000,11.0898,11.1846,10.995,11.1846,0,0
CRJ_PE,D,20221017,000000,11.2794,11.3742,10.9003,10.995,0,0
CRJ_PE,D,20221018,000000,11.0898,11.469,11.0898,11.469,0,0
CRJ_PE,D,20221019,000000,11.2794,11.6585,11.0898,11.0898,0,0
CRJ_PE,D,20221020,000000,11.2794,11.2794,10.7107,10.995,0,0
CRJ_PE,D,20221021,000000,10.8055,10.995,10.8055,10.9003,0,0
CRJ_PE,D,20221024,000000,10.995,11.1846,10.7107,10.995,0,0
CRJ_PE,D,20221025,000000,10.995,11.0898,10.995,10.995,0,0
CRJ_PE,D,20221026,000000,10.9003,10.995,10.2368,10.7107,0,0
CRJ_PE,D,20221027,000000,10.7107,10.9003,10.7107,10.8055,0,0
CRJ_PE,D,20221028,000000,10.8055,10.995,10.8055,10.995,0,0
CRJ_PE,D,20221031,000000,10.995,10.995,10.7107,10.995,0,0
CRJ_PE,D,20221102,000000,10.8055,11.1846,10.8055,11.1846,0,0
CRJ_PE,D,20221103,000000,10.995,11.5638,10.9003,11.2794,0,0
CRJ_PE,D,20221104,000000,11.6585,11.7533,11.469,11.6585,0,0
CRJ_PE,D,20221107,000000,11.7533,11.7533,11.1846,11.469,0,0
CRJ_PE,D,20221108,000000,11.3742,11.469,11.0898,11.1846,0,0
CRJ_PE,D,20221109,000000,11.469,11.7533,11.3742,11.7533,0,0
CRJ_PE,D,20221110,000000,11.6585,11.6585,11.0898,11.6585,0,0
CRJ_PE,D,20221114,000000,11.8481,12.2272,11.7533,11.8481,0,0
CRJ_PE,D,20221115,000000,11.8481,11.9429,11.5638,11.8481,0,0
CRJ_PE,D,20221116,000000,11.8481,11.8481,11.469,11.5638,0,0
CRJ_PE,D,20221117,000000,11.3742,11.6585,11.3742,11.469,0,0
CRJ_PE,D,20221118,000000,11.469,11.7533,11.469,11.7533,0,0
CRJ_PE,D,20221121,000000,11.6585,11.9429,11.3742,11.9429,0,0
CRJ_PE,D,20221122,000000,11.7533,11.9429,11.7533,11.7533,0,0
CRJ_PE,D,20221123,000000,11.7533,12.0377,11.7533,11.9429,0,0
CRJ_PE,D,20221124,000000,11.9429,11.9429,11.2794,11.7533,0,0
CRJ_PE,D,20221125,000000,11.7533,11.8481,11.1846,11.1846,0,0
CRJ_PE,D,20221128,000000,11.2794,11.3742,11.0898,11.2794,0,0
CRJ_PE,D,20221129,000000,11.3742,11.3742,11.0898,11.2794,0,0
CRJ_PE,D,20221130,000000,11.2794,11.6585,11.1846,11.6585,0,0
CRJ_PE,D,20221201,000000,11.8481,12.2272,11.7533,12.2272,0,0
CRJ_PE,D,20221202,000000,12.2272,12.2272,12.0377,12.1325,0,0
CRJ_PE,D,20221205,000000,12.2272,12.6064,12.1325,12.322,0,0
CRJ_PE,D,20221206,000000,12.322,12.4168,12.0377,12.0377,0,0
CRJ_PE,D,20221207,000000,12.0377,12.0377,11.9429,12.0377,0,0
CRJ_PE,D,20221208,000000,12.0377,12.0377,11.9429,12.0377,0,0
CRJ_PE,D,20221209,000000,12.0377,12.1325,11.9429,12.1325,0,0
CRJ_PE,D,20221212,000000,12.1325,12.2272,12.0377,12.1325,0,0
CRJ_PE,D,20221213,000000,12.1325,12.6064,12.0377,12.4168,0,0
CRJ_PE,D,20221214,000000,12.5116,12.5116,12.4168,12.4168,0,0
CRJ_PE,D,20221215,000000,12.322,12.5116,12.0377,12.0377,0,0
CRJ_PE,D,20221216,000000,12.0377,12.0377,11.9429,12.0377,0,0
CRJ_PE,D,20221219,000000,12.0377,12.0377,11.8481,12.0377,0,0
CRJ_PE,D,20221220,000000,12.0377,12.4168,11.8481,12.4168,0,0
CRJ_PE,D,20221221,000000,12.1325,12.4168,12.1325,12.1325,0,0
CRJ_PE,D,20221222,000000,12.0377,12.1325,11.7533,11.8481,0,0
CRJ_PE,D,20221223,000000,11.8481,12.0377,11.8481,11.9429,0,0
CRJ_PE,D,20221227,000000,11.8481,11.9429,11.7533,11.8481,0,0
CRJ_PE,D,20221228,000000,11.8481,11.9429,11.7533,11.8481,0,0
CRJ_PE,D,20221229,000000,11.9429,11.9429,11.469,11.9429,0,0
CRJ_PE,D,20221230,000000,11.7533,12.1325,11.7533,12.0377,0,0
CRJ_PE,D,20230102,000000,11.9429,12.1325,11.5638,11.8481,0,0
CRJ_PE,D,20230103,000000,11.8481,12.0377,11.8481,12.0377,0,0
CRJ_PE,D,20230104,000000,12.0377,12.5116,11.9429,12.5116,0,0
CRJ_PE,D,20230105,000000,12.322,12.4168,12.2272,12.322,0,0
CRJ_PE,D,20230109,000000,12.4168,12.796,12.322,12.796,0,0
CRJ_PE,D,20230110,000000,12.796,13.649,12.5116,13.649,0,0
CRJ_PE,D,20230111,000000,13.7438,13.7438,13.3647,13.5542,0,0
CRJ_PE,D,20230112,000000,13.5542,13.8386,13.3647,13.4595,0,0
CRJ_PE,D,20230113,000000,13.649,13.7438,13.5542,13.7438,0,0
CRJ_PE,D,20230116,000000,13.7438,13.8386,13.649,13.7438,0,0
CRJ_PE,D,20230117,000000,13.649,13.649,13.1751,13.1751,0,0
CRJ_PE,D,20230118,000000,13.2699,13.3647,12.8907,13.3647,0,0
CRJ_PE,D,20230119,000000,13.2699,13.4595,13.0803,13.3647,0,0
CRJ_PE,D,20230120,000000,13.3647,13.9334,13.2699,13.8386,0,0
CRJ_PE,D,20230123,000000,13.9334,14.3125,13.649,14.1229,0,0
CRJ_PE,D,20230124,000000,13.8386,14.0282,13.5542,13.5542,0,0
CRJ_PE,D,20230125,000000,13.3647,14.1229,13.2699,14.0282,0,0
CRJ_PE,D,20230126,000000,14.0282,14.0282,13.649,13.8386,0,0
CRJ_PE,D,20230127,000000,13.8386,14.1229,13.8386,14.1229,0,0
CRJ_PE,D,20230130,000000,14.2177,14.5021,14.2177,14.4073,0,0
CRJ_PE,D,20230131,000000,14.4073,14.5969,13.8386,14.5969,0,0
CRJ_PE,D,20230201,000000,14.5021,14.5021,13.9334,14.0282,0,0
CRJ_PE,D,20230202,000000,14.1229,14.3125,13.8386,14.2177,0,0
CRJ_PE,D,20230203,000000,14.2177,14.3125,14.1229,14.3125,0,0
CRJ_PE,D,20230206,000000,14.2177,14.4073,14.0282,14.0282,0,0
CRJ_PE,D,20230207,000000,13.9334,14.0282,13.649,13.7438,0,0
CRJ_PE,D,20230208,000000,13.7438,13.8386,13.649,13.649,0,0
CRJ_PE,D,20230209,000000,13.7438,13.8386,13.649,13.8386,0,0
CRJ_PE,D,20230210,000000,13.7438,13.7438,13.4595,13.5542,0,0
CRJ_PE,D,20230213,000000,13.5542,13.7438,13.1751,13.1751,0,0
CRJ_PE,D,20230214,000000,13.3647,13.4595,13.2699,13.2699,0,0
CRJ_PE,D,20230215,000000,13.2699,13.5542,13.2699,13.5542,0,0
CRJ_PE,D,20230216,000000,13.649,13.7438,13.2699,13.7438,0,0
CRJ_PE,D,20230217,000000,13.8386,13.8386,13.649,13.7438,0,0
CRJ_PE,D,20230220,000000,13.5542,13.7438,13.5542,13.7438,0,0
CRJ_PE,D,20230221,000000,13.649,13.7438,13.4595,13.7438,0,0
CRJ_PE,D,20230222,000000,13.5542,13.7438,13.3647,13.7438,0,0
CRJ_PE,D,20230223,000000,13.649,13.7438,13.5542,13.7438,0,0
CRJ_PE,D,20230224,000000,13.7438,13.8386,13.7438,13.7438,0,0
CRJ_PE,D,20230227,000000,13.7438,13.9334,13.5542,13.9334,0,0
CRJ_PE,D,20230228,000000,13.9334,14.1229,13.7438,13.9334,0,0
CRJ_PE,D,20230301,000000,13.9334,14.0282,13.8386,13.9334,0,0
CRJ_PE,D,20230302,000000,13.9334,14.0282,13.7438,14.0282,0,0
CRJ_PE,D,20230303,000000,14.0282,14.1229,13.8386,13.9334,0,0
CRJ_PE,D,20230306,000000,13.649,13.9334,13.649,13.8386,0,0
CRJ_PE,D,20230307,000000,13.8386,14.1229,13.8386,13.9334,0,0
CRJ_PE,D,20230308,000000,13.9334,14.0282,13.8386,14.0282,0,0
CRJ_PE,D,20230309,000000,14.0282,14.5021,13.9334,14.4073,0,0
CRJ_PE,D,20230310,000000,14.4073,14.5021,14.3125,14.4073,0,0
CRJ_PE,D,20230313,000000,14.4073,14.5969,13.5542,13.8386,0,0
CRJ_PE,D,20230314,000000,14.1229,14.3125,14.1229,14.3125,0,0
CRJ_PE,D,20230315,000000,14.2177,14.5021,14.0282,14.3125,0,0
CRJ_PE,D,20230316,000000,14.2177,14.2177,13.9334,14.1229,0,0
CRJ_PE,D,20230317,000000,14.2177,14.2177,13.9334,14.2177,0,0
CRJ_PE,D,20230320,000000,14.5021,14.5021,13.8386,14.1229,0,0
CRJ_PE,D,20230321,000000,14.2177,14.7864,13.9334,14.6917,0,0
CRJ_PE,D,20230322,000000,14.7864,15.1656,14.5969,15.1656,0,0
CRJ_PE,D,20230323,000000,14.976,15.1656,14.6917,14.976,0,0
CRJ_PE,D,20230324,000000,14.976,14.976,14.5021,14.976,0,0
CRJ_PE,D,20230327,000000,14.6917,14.976,14.5021,14.5969,0,0
CRJ_PE,D,20230328,000000,14.5969,14.976,14.2177,14.5021,0,0
CRJ_PE,D,20230329,000000,14.3125,14.4073,14.2177,14.2177,0,0
CRJ_PE,D,20230330,000000,14.1229,14.4073,14.0282,14.3125,0,0
CRJ_PE,D,20230331,000000,14.2177,14.4073,14.2177,14.2177,0,0
CRJ_PE,D,20230403,000000,14.3125,14.976,14.3125,14.6917,0,0
CRJ_PE,D,20230404,000000,14.6917,14.976,14.5969,14.976,0,0
CRJ_PE,D,20230405,000000,14.7864,14.976,14.6917,14.6917,0,0
CRJ_PE,D,20230406,000000,14.6917,14.7864,14.5969,14.6917,0,0
CRJ_PE,D,20230411,000000,14.6917,14.6917,14.4073,14.6917,0,0
CRJ_PE,D,20230412,000000,14.5969,14.6917,14.4073,14.5021,0,0
CRJ_PE,D,20230413,000000,14.4073,14.6917,14.3125,14.6917,0,0
CRJ_PE,D,20230414,000000,14.6917,15.2604,14.5969,15.2604,0,0
CRJ_PE,D,20230417,000000,15.1656,15.1656,14.5969,14.8812,0,0
CRJ_PE,D,20230418,000000,14.976,15.1656,14.8812,15.1656,0,0
CRJ_PE,D,20230419,000000,15.1656,15.3551,14.5021,15.3551,0,0
CRJ_PE,D,20230420,000000,15.5447,16.1134,15.3551,15.8291,0,0
CRJ_PE,D,20230421,000000,15.6395,15.6395,14.976,15.2604,0,0
CRJ_PE,D,20230424,000000,15.2604,15.2604,14.976,15.0708,0,0
CRJ_PE,D,20230425,000000,15.2604,15.2604,14.5021,14.5969,0,0
CRJ_PE,D,20230426,000000,14.5969,14.976,14.3125,14.4073,0,0
CRJ_PE,D,20230427,000000,14.6917,14.6917,14.3125,14.5969,0,0
CRJ_PE,D,20230428,000000,14.7864,14.976,14.5021,14.6917,0,0
CRJ_PE,D,20230502,000000,14.5969,14.5969,14.0282,14.2177,0,0
CRJ_PE,D,20230504,000000,14.1229,14.1229,13.4595,13.8386,0,0
CRJ_PE,D,20230505,000000,13.8386,14.1229,13.4595,13.8386,0,0
CRJ_PE,D,20230508,000000,13.8386,14.1229,13.4595,14.0282,0,0
CRJ_PE,D,20230509,000000,14.1229,14.3125,14.1229,14.2177,0,0
CRJ_PE,D,20230510,000000,14.3125,14.3125,13.9334,13.9334,0,0
CRJ_PE,D,20230511,000000,13.9334,14.0282,13.7438,14.0282,0,0
CRJ_PE,D,20230512,000000,14.2177,14.4073,13.7438,14.0282,0,0
CRJ_PE,D,20230515,000000,14.1229,14.3125,13.9334,14.1229,0,0
CRJ_PE,D,20230516,000000,13.9334,14.2177,13.9334,14.2177,0,0
CRJ_PE,D,20230517,000000,14.2177,14.3125,14.1229,14.3125,0,0
CRJ_PE,D,20230518,000000,14.2177,14.3125,13.8386,14.1229,0,0
CRJ_PE,D,20230519,000000,14.2177,14.3125,13.9334,14.3125,0,0
CRJ_PE,D,20230522,000000,14.3125,14.3125,14.1229,14.3125,0,0
CRJ_PE,D,20230523,000000,14.3125,14.3125,14.1229,14.1229,0,0
CRJ_PE,D,20230524,000000,14.0282,14.1229,14.0282,14.1229,0,0
CRJ_PE,D,20230525,000000,14.1229,14.5021,14.0282,14.5021,0,0
CRJ_PE,D,20230526,000000,14.5021,14.7864,13.7438,13.7438,0,0
CRJ_PE,D,20230529,000000,13.7438,13.7438,13.2699,13.649,0,0
CRJ_PE,D,20230530,000000,13.4595,13.4595,12.9855,13.3647,0,0
CRJ_PE,D,20230531,000000,13.0803,13.3647,13.0803,13.3647,0,0
CRJ_PE,D,20230601,000000,13.1751,13.3647,13.1751,13.3647,0,0
CRJ_PE,D,20230602,000000,13.1751,13.5542,13.1751,13.4595,0,0
CRJ_PE,D,20230605,000000,13.4595,13.5542,13.2699,13.5542,0,0
CRJ_PE,D,20230606,000000,13.5542,13.7438,13.4595,13.7438,0,0
CRJ_PE,D,20230607,000000,13.8386,13.8386,13.5542,13.649,0,0
CRJ_PE,D,20230609,000000,13.4595,14.0282,13.4595,14.0282,0,0
CRJ_PE,D,20230612,000000,13.9334,13.9334,13.649,13.9334,0,0
CRJ_PE,D,20230613,000000,13.649,13.8386,13.2699,13.4595,0,0
CRJ_PE,D,20230614,000000,13.4595,13.4595,13.0803,13.4595,0,0
CRJ_PE,D,20230615,000000,13.5542,13.5542,13.3647,13.5542,0,0
CRJ_PE,D,20230616,000000,13.5542,13.649,13.2699,13.5542,0,0
CRJ_PE,D,20230619,000000,13.5542,13.5542,13.1751,13.3647,0,0
CRJ_PE,D,20230620,000000,13.3647,13.3647,12.9855,12.9855,0,0
CRJ_PE,D,20230621,000000,13.0803,13.0803,12.796,12.8907,0,0
CRJ_PE,D,20230622,000000,12.8907,13.1751,12.8907,13.1751,0,0
CRJ_PE,D,20230623,000000,13.0803,13.3647,12.9855,13.3647,0,0
CRJ_PE,D,20230626,000000,13.1751,13.7438,12.8907,13.7438,0,0
CRJ_PE,D,20230627,000000,13.649,13.9334,13.5542,13.9334,0,0
CRJ_PE,D,20230628,000000,13.9334,14.0282,13.4595,14.0282,0,0
CRJ_PE,D,20230629,000000,14.0282,14.3125,13.8386,14.2177,0,0
CRJ_PE,D,20230630,000000,14.2177,14.2177,14.1229,14.2177,0,0
CRJ_PE,D,20230703,000000,14.1229,14.1229,13.2699,13.4595,0,0
CRJ_PE,D,20230704,000000,13.2699,13.4595,13.2699,13.3647,0,0
CRJ_PE,D,20230705,000000,13.3647,13.3647,12.8907,12.9855,0,0
CRJ_PE,D,20230706,000000,12.9855,13.0803,12.796,12.9855,0,0
CRJ_PE,D,20230707,000000,12.8907,12.9855,12.8907,12.8907,0,0
CRJ_PE,D,20230710,000000,12.8907,12.9855,12.8907,12.8907,0,0
CRJ_PE,D,20230711,000000,12.8907,12.9855,12.6064,12.796,0,0
CRJ_PE,D,20230712,000000,12.796,12.9855,12.6064,12.9855,0,0
CRJ_PE,D,20230713,000000,12.9855,12.9855,12.6064,12.7012,0,0
CRJ_PE,D,20230714,000000,12.796,12.8907,12.7012,12.8907,0,0
CRJ_PE,D,20230717,000000,12.796,12.8907,12.7012,12.7012,0,0
CRJ_PE,D,20230718,000000,12.7012,12.796,12.6064,12.6064,0,0
CRJ_PE,D,20230719,000000,12.5116,12.7012,12.5116,12.7012,0,0
CRJ_PE,D,20230720,000000,12.7012,12.8907,12.7012,12.796,0,0
CRJ_PE,D,20230721,000000,12.796,12.8907,12.322,12.796,0,0
CRJ_PE,D,20230724,000000,12.6064,12.796,12.5116,12.796,0,0
CRJ_PE,D,20230725,000000,12.796,12.796,12.6064,12.6064,0,0
CRJ_PE,D,20230726,000000,12.6064,12.6064,12.4168,12.5116,0,0
CRJ_PE,D,20230727,000000,12.4168,12.796,12.4168,12.796,0,0
CRJ_PE,D,20230728,000000,12.7012,12.796,12.6064,12.7012,0,0
CRJ_PE,D,20230731,000000,12.6064,12.7012,12.5116,12.7012,0,0
CRJ_PE,D,20230801,000000,12.796,12.8907,12.7012,12.8907,0,0
CRJ_PE,D,20230802,000000,12.8907,12.8907,12.7012,12.796,0,0
CRJ_PE,D,20230803,000000,12.7012,12.7012,12.4168,12.6064,0,0
CRJ_PE,D,20230804,000000,12.6064,12.6064,12.5116,12.6064,0,0
CRJ_PE,D,20230807,000000,12.522,12.5562,12.3363,12.4168,0,0
CRJ_PE,D,20230808,000000,12.5685,12.6064,12.3495,12.6064,0,0
CRJ_PE,D,20230809,000000,12.5723,12.796,12.3694,12.796,0,0
CRJ_PE,D,20230810,000000,12.796,12.9855,12.5088,12.9855,0,0
CRJ_PE,D,20230811,000000,12.9855,12.9855,12.7827,12.9855,0,0
CRJ_PE,D,20230814,000000,12.9855,12.9855,12.7315,12.8907,0,0
CRJ_PE,D,20230816,000000,12.8737,12.8737,12.6197,12.7012,0,0
CRJ_PE,D,20230817,000000,12.2642,12.6064,12.0282,12.6064,0,0
CRJ_PE,D,20230818,000000,12.4879,12.4879,12.3031,12.4168,0,0
CRJ_PE,D,20230821,000000,12.4671,12.796,12.1808,12.796,0,0
CRJ_PE,D,20230822,000000,12.7789,12.8301,12.5097,12.5116,0,0
CRJ_PE,D,20230823,000000,12.5287,12.613,12.3097,12.5116,0,0
CRJ_PE,D,20230824,000000,12.596,12.7656,12.3931,12.7012,0,0
CRJ_PE,D,20230825,000000,12.6509,12.9031,12.5334,12.8907,0,0
CRJ_PE,D,20230828,000000,13.104,13.104,12.855,13,0,0
CRJ_PE,D,20230829,000000,13.753,13.809,12.8,12.8,0,0
CRJ_PE,D,20230830,000000,12.782,12.782,12.552,12.7,0,0
CRJ_PE,D,20230831,000000,12.647,12.7,12.416,12.7,0,0
CRJ_PE,D,20230901,000000,12.504,12.914,12.45,12.9,0,0
CRJ_PE,D,20230904,000000,12.651,12.9,12.651,12.9,0,0
CRJ_PE,D,20230905,000000,12.9,12.9,12.74,12.8,0,0
CRJ_PE,D,20230906,000000,12.782,12.8,12.284,12.8,0,0
CRJ_PE,D,20230907,000000,12.586,12.729,12.532,12.7,0,0
CRJ_PE,D,20230908,000000,12.593,12.664,12.343,12.5,0,0
CRJ_PE,D,20230911,000000,12.375,12.607,12.339,12.5,0,0
CRJ_PE,D,20230912,000000,12.482,12.5,12.145,12.5,0,0
CRJ_PE,D,20230913,000000,12.482,12.482,12.25,12.4,0,0
CRJ_PE,D,20230914,000000,12.382,12.4,12.2,12.2,0,0
CRJ_PE,D,20230915,000000,12.342,12.413,12.129,12.4,0,0
CRJ_PE,D,20230918,000000,12.152,12.311,12.081,12.3,0,0
CRJ_PE,D,20230919,000000,12.104,12.122,11.801,12.1,0,0
CRJ_PE,D,20230920,000000,12.118,12.118,11.833,11.9,0,0
CRJ_PE,D,20230921,000000,11.829,11.829,11.65,11.7,0,0
CRJ_PE,D,20230922,000000,11.664,15.5,11.629,15.5,0,0
CRJ_PE,D,20230925,000000,15.682,15.8,15.5,15.8,0,0
CRJ_PE,D,20230926,000000,15.754,15.8,15.206,15.7,0,0
CRJ_PE,D,20230927,000000,15.814,15.814,15.426,15.8,0,0
CRJ_PE,D,20230928,000000,15.777,15.8,15.298,15.8,0,0
CRJ_PE,D,20230929,000000,15.754,15.8,15.526,15.8,0,0
CRJ_PE,D,20231002,000000,15.777,15.8,15.3,15.3,0,0
CRJ_PE,D,20231003,000000,15.3,15.3,14.913,15.3,0,0
CRJ_PE,D,20231004,000000,15.254,15.414,14.913,15.3,0,0
