<TICKER>,<PER>,<DATE>,<TIME>,<OPEN>,<HIGH>,<LOW>,<CLOSE>,<VOL>,<OPENINT>
CRJ_MV,D,20180806,000000,60.8639,60.8639,60.8639,60.8639,0,0
CRJ_MV,D,20180807,000000,60.8185,62.5417,57.3087,57.4266,0,0
CRJ_MV,D,20180808,000000,58.4152,60.9364,56.0209,60.0748,0,0
CRJ_MV,D,20180809,000000,60.9455,60.9455,56.6921,56.6921,0,0
CRJ_MV,D,20180810,000000,56.7556,56.7556,51.7583,54.1617,0,0
CRJ_MV,D,20180813,000000,51.7583,58.5422,51.7583,56.6921,0,0
CRJ_MV,D,20180814,000000,57.3087,59.7756,56.7556,57.9255,0,0
CRJ_MV,D,20180816,000000,60.6916,67.4755,60.6916,65.9336,0,0
CRJ_MV,D,20180817,000000,67.7838,73.9418,65.9336,72.4,0,0
CRJ_MV,D,20180820,000000,73.3251,75.792,70.8673,70.8673,0,0
CRJ_MV,D,20180821,000000,70.559,71.1666,65.9971,69.0172,0,0
CRJ_MV,D,20180822,000000,67.7838,69.0172,65.3169,68.4005,0,0
CRJ_MV,D,20180823,000000,66.5504,69.6339,65.3169,67.167,0,0
CRJ_MV,D,20180824,000000,65.3169,67.1036,64.4553,67.1036,0,0
CRJ_MV,D,20180827,000000,68.337,68.337,61.6166,63.4668,0,0
CRJ_MV,D,20180828,000000,65.3169,65.3169,61.6166,62.8501,0,0
CRJ_MV,D,20180829,000000,61.6166,72.7083,59.1588,60.3833,0,0
CRJ_MV,D,20180830,000000,59.6486,59.6486,51.45,52.4386,0,0
CRJ_MV,D,20180831,000000,53.4906,57.0004,46.9516,54.2252,0,0
CRJ_MV,D,20180903,000000,64.7003,77.6421,64.7003,73.3251,0,0
CRJ_MV,D,20180904,000000,74.5585,96.1251,73.3251,86.8837,0,0
CRJ_MV,D,20180905,000000,86.2034,93.0417,83.8001,86.2669,0,0
CRJ_MV,D,20180906,000000,86.276,90.5839,80.109,84.4168,0,0
CRJ_MV,D,20180907,000000,85.0335,89.3505,81.95,89.3505,0,0
CRJ_MV,D,20180910,000000,94.892,95.6986,91.2007,95.6986,0,0
CRJ_MV,D,20180911,000000,97.9753,114.246,93.6585,111.407,0,0
CRJ_MV,D,20180912,000000,107.834,109.621,102.909,104.751,0,0
CRJ_MV,D,20180913,000000,103.526,107.834,94.2751,102.293,0,0
CRJ_MV,D,20180914,000000,102.293,104.134,97.3583,103.825,0,0
CRJ_MV,D,20180917,000000,99.8255,102.909,97.6673,99.8255,0,0
CRJ_MV,D,20180918,000000,101.676,101.676,95.6986,100.134,0,0
CRJ_MV,D,20180919,000000,100.443,117.692,100.443,114.001,0,0
CRJ_MV,D,20180920,000000,114.001,120.149,111.534,112.767,0,0
CRJ_MV,D,20180921,000000,110.981,114.001,107.834,109.684,0,0
CRJ_MV,D,20180924,000000,110.917,113.385,109.684,110.917,0,0
CRJ_MV,D,20180925,000000,110.917,120.149,110.917,118.926,0,0
CRJ_MV,D,20180926,000000,117.075,120.149,114.001,120.123,0,0
CRJ_MV,D,20180927,000000,120.159,120.159,114.618,118.926,0,0
CRJ_MV,D,20180928,000000,114.618,114.618,111.543,114.001,0,0
CRJ_MV,D,20181001,000000,110.917,110.917,101.676,101.676,0,0
CRJ_MV,D,20181002,000000,103.526,109.684,103.526,105.676,0,0
CRJ_MV,D,20181003,000000,104.751,107.217,101.676,105.984,0,0
CRJ_MV,D,20181004,000000,104.751,105.984,101.676,105.984,0,0
CRJ_MV,D,20181005,000000,101.676,105.059,101.059,101.676,0,0
CRJ_MV,D,20181008,000000,105.367,105.367,97.6673,101.658,0,0
CRJ_MV,D,20181009,000000,99.5175,100.443,93.7854,100.443,0,0
CRJ_MV,D,20181010,000000,98.5924,111.225,98.5924,108.886,0,0
CRJ_MV,D,20181011,000000,110.917,110.917,101.676,103.526,0,0
CRJ_MV,D,20181012,000000,97.9753,107.834,97.9753,107.834,0,0
CRJ_MV,D,20181015,000000,107.834,107.834,103.526,104.751,0,0
CRJ_MV,D,20181016,000000,104.751,104.751,96.7422,98.5924,0,0
CRJ_MV,D,20181017,000000,99.2085,101.676,95.5716,95.5716,0,0
CRJ_MV,D,20181018,000000,101.304,106.6,95.6351,105.984,0,0
CRJ_MV,D,20181019,000000,105.984,106.6,99.8255,104.696,0,0
CRJ_MV,D,20181022,000000,99.5175,104.016,95.5716,98.7194,0,0
CRJ_MV,D,20181023,000000,100.443,101.676,95.8891,95.8891,0,0
CRJ_MV,D,20181024,000000,95.2,97.9753,93.0417,94.5835,0,0
CRJ_MV,D,20181025,000000,92.8603,92.8603,88.7338,89.414,0,0
CRJ_MV,D,20181026,000000,91.8174,91.8174,83.9906,86.3304,0,0
CRJ_MV,D,20181029,000000,83.8001,87.4369,82.5848,84.7252,0,0
CRJ_MV,D,20181030,000000,83.8001,84.4168,80.2903,81.95,0,0
CRJ_MV,D,20181031,000000,81.95,86.2669,81.95,86.2669,0,0
CRJ_MV,D,20181102,000000,81.3605,92.434,81.3605,92.434,0,0
CRJ_MV,D,20181105,000000,93.0417,98.2199,90.593,90.8923,0,0
CRJ_MV,D,20181106,000000,89.9672,98.5924,89.9037,96.3251,0,0
CRJ_MV,D,20181107,000000,102.909,104.751,95.5081,95.5081,0,0
CRJ_MV,D,20181108,000000,95.5081,98.5924,93.0417,93.0417,0,0
CRJ_MV,D,20181109,000000,93.0417,94.892,78.2588,89.3505,0,0
CRJ_MV,D,20181113,000000,83.1834,99.6985,83.1834,86.276,0,0
CRJ_MV,D,20181114,000000,85.0335,95.2635,85.0335,89.9672,0,0
CRJ_MV,D,20181115,000000,89.9672,89.9672,86.8837,86.8837,0,0
CRJ_MV,D,20181116,000000,87.2555,87.2555,81.95,86.2669,0,0
CRJ_MV,D,20181119,000000,85.6503,86.8837,83.4917,86.8837,0,0
CRJ_MV,D,20181120,000000,86.8837,87.0106,83.2015,83.2197,0,0
CRJ_MV,D,20181121,000000,85.0335,85.6503,83.1834,83.8636,0,0
CRJ_MV,D,20181122,000000,83.2469,86.2669,82.5667,85.6503,0,0
CRJ_MV,D,20181123,000000,85.4053,89.3505,84.4803,85.6503,0,0
CRJ_MV,D,20181126,000000,86.8837,96.4332,86.8837,91.8174,0,0
CRJ_MV,D,20181127,000000,91.2007,95.5081,89.9672,89.9672,0,0
CRJ_MV,D,20181128,000000,89.7223,92.434,89.7223,91.2007,0,0
CRJ_MV,D,20181129,000000,93.6585,97.3583,93.6585,97.3583,0,0
CRJ_MV,D,20181130,000000,97.9753,97.9753,93.6585,93.6585,0,0
CRJ_MV,D,20181203,000000,97.2948,97.2948,91.2007,94.9555,0,0
CRJ_MV,D,20181204,000000,94.6833,94.6833,90.8923,90.8923,0,0
CRJ_MV,D,20181205,000000,90.8923,92.434,89.9672,91.1372,0,0
CRJ_MV,D,20181206,000000,92.434,92.434,88.117,88.117,0,0
CRJ_MV,D,20181207,000000,88.7338,88.7338,86.2669,88.117,0,0
CRJ_MV,D,20181210,000000,88.117,89.3505,84.4803,88.7338,0,0
CRJ_MV,D,20181211,000000,88.117,92.434,88.117,88.1261,0,0
CRJ_MV,D,20181212,000000,88.1261,89.9672,87.5004,89.9672,0,0
CRJ_MV,D,20181213,000000,86.8837,92.0441,86.8837,92.0441,0,0
CRJ_MV,D,20181214,000000,91.9897,93.0417,90.5839,90.5839,0,0
CRJ_MV,D,20181217,000000,90.5839,91.8174,87.5004,91.8174,0,0
CRJ_MV,D,20181219,000000,88.117,90.5839,88.117,90.5839,0,0
CRJ_MV,D,20181220,000000,87.5004,91.2007,87.5004,87.5004,0,0
CRJ_MV,D,20181221,000000,87.5004,90.5839,82.0135,86.8837,0,0
CRJ_MV,D,20181227,000000,86.2669,86.8837,81.95,81.95,0,0
CRJ_MV,D,20181228,000000,86.7023,86.8837,86.7023,86.8837,0,0
CRJ_MV,D,20190102,000000,87.4913,93.0417,87.4913,91.7992,0,0
CRJ_MV,D,20190103,000000,91.8174,91.8174,91.2007,91.2007,0,0
CRJ_MV,D,20190104,000000,91.2551,91.2551,91.2007,91.2007,0,0
CRJ_MV,D,20190107,000000,91.509,91.509,90.5839,91.509,0,0
CRJ_MV,D,20190108,000000,91.509,92.434,89.3505,91.2007,0,0
CRJ_MV,D,20190109,000000,91.2007,91.2007,88.7338,88.7338,0,0
CRJ_MV,D,20190110,000000,88.1806,91.1734,88.117,91.1734,0,0
CRJ_MV,D,20190111,000000,91.1734,96.4967,91.1734,93.6585,0,0
CRJ_MV,D,20190114,000000,91.3185,91.3185,89.9672,91.3185,0,0
CRJ_MV,D,20190115,000000,90.0307,91.8174,88.117,91.8174,0,0
CRJ_MV,D,20190116,000000,92.1257,92.1257,89.9672,89.9672,0,0
CRJ_MV,D,20190117,000000,90.5839,92.2436,89.9672,90.5839,0,0
CRJ_MV,D,20190118,000000,90.0307,91.8174,88.7338,89.9672,0,0
CRJ_MV,D,20190121,000000,88.117,91.2007,88.117,91.2007,0,0
CRJ_MV,D,20190122,000000,91.2007,96.7422,90.5839,94.2751,0,0
CRJ_MV,D,20190123,000000,94.2207,99.5175,91.8174,97.1137,0,0
CRJ_MV,D,20190124,000000,97.2948,105.676,97.2948,104.741,0,0
CRJ_MV,D,20190125,000000,104.741,115.225,98.5924,110.3,0,0
CRJ_MV,D,20190128,000000,110.854,110.854,106.6,106.6,0,0
CRJ_MV,D,20190129,000000,105.367,106.6,101.984,101.984,0,0
CRJ_MV,D,20190130,000000,104.134,110.3,102.655,105.984,0,0
CRJ_MV,D,20190131,000000,105.984,107.834,102.909,103.218,0,0
CRJ_MV,D,20190201,000000,105.984,107.834,104.751,104.769,0,0
CRJ_MV,D,20190204,000000,105.367,113.657,105.367,113.657,0,0
CRJ_MV,D,20190205,000000,114.001,114.001,110.917,111.96,0,0
CRJ_MV,D,20190206,000000,112.15,113.385,109.684,110.917,0,0
CRJ_MV,D,20190207,000000,107.834,107.834,104.134,104.134,0,0
CRJ_MV,D,20190208,000000,104.197,110.173,104.197,104.197,0,0
CRJ_MV,D,20190211,000000,100.443,113.973,100.443,110.917,0,0
CRJ_MV,D,20190212,000000,112.949,114.618,108.577,108.577,0,0
CRJ_MV,D,20190213,000000,105.122,112.15,105.122,110.917,0,0
CRJ_MV,D,20190214,000000,109.684,111.842,109.684,110.917,0,0
CRJ_MV,D,20190215,000000,107.834,107.834,107.217,107.77,0,0
CRJ_MV,D,20190218,000000,108.45,108.45,104.134,108.45,0,0
CRJ_MV,D,20190219,000000,108.45,112.767,107.834,107.834,0,0
CRJ_MV,D,20190220,000000,107.834,109.067,107.834,107.834,0,0
CRJ_MV,D,20190221,000000,106.909,110.917,106.6,110.917,0,0
CRJ_MV,D,20190222,000000,108.45,112.15,107.834,109.067,0,0
CRJ_MV,D,20190225,000000,110.917,110.917,107.834,107.834,0,0
CRJ_MV,D,20190226,000000,109.684,112.15,109.684,112.15,0,0
CRJ_MV,D,20190227,000000,108.142,110.917,108.142,110.917,0,0
CRJ_MV,D,20190228,000000,110.917,112.15,110.917,111.534,0,0
CRJ_MV,D,20190301,000000,111.035,111.534,108.45,108.45,0,0
CRJ_MV,D,20190304,000000,110.854,110.917,108.759,108.759,0,0
CRJ_MV,D,20190305,000000,109.684,116.767,107.217,110.3,0,0
CRJ_MV,D,20190306,000000,111.534,114.364,108.205,110.3,0,0
CRJ_MV,D,20190307,000000,110.854,114.735,110.3,110.917,0,0
CRJ_MV,D,20190308,000000,111.225,111.225,106.6,107.834,0,0
CRJ_MV,D,20190311,000000,107.217,110.673,107.217,107.834,0,0
CRJ_MV,D,20190312,000000,110.264,110.917,97.3583,100.451,0,0
CRJ_MV,D,20190313,000000,99.2085,100.443,99.2085,99.2085,0,0
CRJ_MV,D,20190314,000000,100.379,101.984,100.379,101.676,0,0
CRJ_MV,D,20190315,000000,101.368,109.684,101.368,109.684,0,0
CRJ_MV,D,20190318,000000,109.675,109.675,105.367,107.834,0,0
CRJ_MV,D,20190319,000000,109.548,109.557,105.494,105.494,0,0
CRJ_MV,D,20190320,000000,105.676,109.621,105.676,109.621,0,0
CRJ_MV,D,20190321,000000,106.111,106.111,104.751,104.751,0,0
CRJ_MV,D,20190322,000000,104.777,104.777,104.777,104.777,0,0
CRJ_MV,D,20190325,000000,104.751,107.217,103.526,103.77,0,0
CRJ_MV,D,20190326,000000,103.916,107.834,103.916,104.751,0,0
CRJ_MV,D,20190327,000000,105.984,107.217,104.777,107.036,0,0
CRJ_MV,D,20190328,000000,104.751,104.751,103.526,104.751,0,0
CRJ_MV,D,20190329,000000,104.751,104.751,102.293,104.134,0,0
CRJ_MV,D,20190401,000000,102.293,106.6,102.293,105.984,0,0
CRJ_MV,D,20190402,000000,105.984,109.684,104.751,105.367,0,0
CRJ_MV,D,20190403,000000,106.6,107.217,105.367,105.367,0,0
CRJ_MV,D,20190404,000000,104.751,106.972,101.676,106.972,0,0
CRJ_MV,D,20190405,000000,106.845,118.926,106.845,116.957,0,0
CRJ_MV,D,20190408,000000,112.767,114.001,108.45,110.917,0,0
CRJ_MV,D,20190409,000000,113.258,113.258,112.767,112.767,0,0
CRJ_MV,D,20190410,000000,111.652,111.652,111.534,111.534,0,0
CRJ_MV,D,20190411,000000,111.534,111.534,107.834,110.917,0,0
CRJ_MV,D,20190412,000000,109.067,109.067,104.751,109.067,0,0
CRJ_MV,D,20190415,000000,106.6,106.6,102.909,104.134,0,0
CRJ_MV,D,20190416,000000,104.134,104.751,102.909,104.751,0,0
CRJ_MV,D,20190417,000000,103.526,103.526,103.526,103.526,0,0
CRJ_MV,D,20190418,000000,104.134,104.134,101.676,102.039,0,0
CRJ_MV,D,20190423,000000,102.537,104.751,102.293,104.751,0,0
CRJ_MV,D,20190424,000000,103.889,104.632,101.676,104.632,0,0
CRJ_MV,D,20190425,000000,101.793,101.793,99.3355,101.676,0,0
CRJ_MV,D,20190426,000000,102.909,102.909,101.676,102.293,0,0
CRJ_MV,D,20190429,000000,100.443,102.909,100.443,102.293,0,0
CRJ_MV,D,20190430,000000,101.304,102.293,100.443,101.676,0,0
CRJ_MV,D,20190502,000000,101.059,102.293,101.059,102.293,0,0
CRJ_MV,D,20190506,000000,103.526,106.6,102.537,106.6,0,0
CRJ_MV,D,20190507,000000,108.94,109.194,103.526,103.526,0,0
CRJ_MV,D,20190508,000000,107.344,107.588,104.134,104.751,0,0
CRJ_MV,D,20190509,000000,104.751,104.751,102.909,102.909,0,0
CRJ_MV,D,20190510,000000,104.751,106.482,102.909,102.909,0,0
CRJ_MV,D,20190513,000000,103.526,104.388,103.526,104.388,0,0
CRJ_MV,D,20190514,000000,104.388,104.388,101.431,104.134,0,0
CRJ_MV,D,20190515,000000,104.632,104.632,101.92,101.92,0,0
CRJ_MV,D,20190516,000000,104.016,104.632,103.027,103.154,0,0
CRJ_MV,D,20190517,000000,104.134,104.632,103.526,104.016,0,0
CRJ_MV,D,20190520,000000,104.632,104.751,102.293,103.526,0,0
CRJ_MV,D,20190521,000000,103.526,103.526,100.07,100.07,0,0
CRJ_MV,D,20190522,000000,100.07,101.676,100.07,101.676,0,0
CRJ_MV,D,20190523,000000,101.676,101.676,99.8255,101.676,0,0
CRJ_MV,D,20190524,000000,101.676,102.909,98.5924,100.07,0,0
CRJ_MV,D,20190527,000000,100.316,100.316,96.7422,98.5924,0,0
CRJ_MV,D,20190528,000000,98.5924,99.9431,98.5924,98.5924,0,0
CRJ_MV,D,20190529,000000,97.9753,98.9639,95.5081,97.8483,0,0
CRJ_MV,D,20190530,000000,98.4654,98.5924,95.6351,97.9753,0,0
CRJ_MV,D,20190531,000000,96.7422,98.5924,91.2007,96.7422,0,0
CRJ_MV,D,20190603,000000,98.5924,99.8255,98.5924,98.5924,0,0
CRJ_MV,D,20190604,000000,98.5924,98.5924,94.2751,96.7422,0,0
CRJ_MV,D,20190605,000000,98.5924,98.5924,95.5081,95.5081,0,0
CRJ_MV,D,20190606,000000,94.2751,98.5924,94.2751,98.5924,0,0
CRJ_MV,D,20190607,000000,98.5924,100.814,94.2751,95.5081,0,0
CRJ_MV,D,20190610,000000,94.892,94.892,86.2669,93.4135,0,0
CRJ_MV,D,20190611,000000,92.1801,95.2635,92.1801,93.6585,0,0
CRJ_MV,D,20190612,000000,95.2635,99.2085,92.6789,96.7422,0,0
CRJ_MV,D,20190613,000000,98.2199,98.5924,95.5081,95.5081,0,0
CRJ_MV,D,20190614,000000,97.3583,97.3583,93.6585,95.2635,0,0
CRJ_MV,D,20190617,000000,93.6585,96.1251,93.6585,96.1251,0,0
CRJ_MV,D,20190618,000000,93.6585,103.526,93.6585,101.059,0,0
CRJ_MV,D,20190619,000000,100.443,100.443,95.8806,98.5924,0,0
CRJ_MV,D,20190621,000000,98.5924,99.8255,98.5924,99.8255,0,0
CRJ_MV,D,20190624,000000,94.5291,100.443,94.5291,99.2085,0,0
CRJ_MV,D,20190625,000000,99.2085,99.2085,96.7422,97.3583,0,0
CRJ_MV,D,20190626,000000,96.7422,97.3583,96.7422,97.3583,0,0
CRJ_MV,D,20190627,000000,97.3583,97.3583,97.3583,97.3583,0,0
CRJ_MV,D,20190628,000000,98.5924,98.5924,98.5924,98.5924,0,0
CRJ_MV,D,20190701,000000,98.5924,115.842,98.5924,108.45,0,0
CRJ_MV,D,20190702,000000,110.79,112.64,110.546,110.917,0,0
CRJ_MV,D,20190703,000000,109.684,112.767,109.684,112.15,0,0
CRJ_MV,D,20190704,000000,112.15,112.767,112.15,112.767,0,0
CRJ_MV,D,20190705,000000,112.767,112.767,112.64,112.64,0,0
CRJ_MV,D,20190708,000000,112.64,112.64,110.917,112.023,0,0
CRJ_MV,D,20190709,000000,110.173,111.534,109.684,111.534,0,0
CRJ_MV,D,20190710,000000,110.917,110.917,110.3,110.3,0,0
CRJ_MV,D,20190711,000000,110.3,110.3,109.684,109.811,0,0
CRJ_MV,D,20190712,000000,109.929,110.173,107.834,110.173,0,0
CRJ_MV,D,20190715,000000,110.3,110.3,108.45,110.3,0,0
CRJ_MV,D,20190716,000000,110.79,110.79,107.217,107.217,0,0
CRJ_MV,D,20190717,000000,110.3,111.407,105.984,109.929,0,0
CRJ_MV,D,20190718,000000,109.929,110.3,107.834,107.834,0,0
CRJ_MV,D,20190719,000000,110.79,110.917,109.067,110.79,0,0
CRJ_MV,D,20190722,000000,110.917,110.917,107.961,107.961,0,0
CRJ_MV,D,20190723,000000,108.078,110.3,108.078,110.3,0,0
CRJ_MV,D,20190724,000000,110.79,112.767,110.79,112.767,0,0
CRJ_MV,D,20190725,000000,110.546,131.559,110.546,129.092,0,0
CRJ_MV,D,20190726,000000,124.784,130.017,123.242,123.242,0,0
CRJ_MV,D,20190729,000000,123.242,130.633,123.242,128.783,0,0
CRJ_MV,D,20190730,000000,127.55,129.4,123.242,123.242,0,0
CRJ_MV,D,20190731,000000,126.317,128.783,126.317,128.783,0,0
CRJ_MV,D,20190801,000000,128.167,128.167,124.476,126.317,0,0
CRJ_MV,D,20190802,000000,126.317,126.317,126.317,126.317,0,0
CRJ_MV,D,20190805,000000,123.242,125.092,120.159,123.242,0,0
CRJ_MV,D,20190806,000000,123.115,125.7,123.115,125.7,0,0
CRJ_MV,D,20190807,000000,126.934,129.4,117.075,125.092,0,0
CRJ_MV,D,20190808,000000,123.242,126.625,123.242,123.859,0,0
CRJ_MV,D,20190809,000000,125.7,134.334,125.7,134.334,0,0
CRJ_MV,D,20190812,000000,134.643,149.117,134.334,143.575,0,0
CRJ_MV,D,20190813,000000,144.192,147.883,141.725,141.725,0,0
CRJ_MV,D,20190814,000000,142.959,146.043,142.959,143.575,0,0
CRJ_MV,D,20190816,000000,143.575,149.117,143.575,149.117,0,0
CRJ_MV,D,20190819,000000,148.5,148.5,143.575,146.043,0,0
CRJ_MV,D,20190820,000000,146.043,147.883,138.642,141.109,0,0
CRJ_MV,D,20190821,000000,138.642,145.426,138.642,143.575,0,0
CRJ_MV,D,20190822,000000,144.809,151.584,143.575,151.584,0,0
CRJ_MV,D,20190823,000000,150.967,152.817,141.109,146.66,0,0
CRJ_MV,D,20190826,000000,141.417,141.417,120.776,125.092,0,0
CRJ_MV,D,20190827,000000,123.242,131.559,123.242,126.317,0,0
CRJ_MV,D,20190828,000000,126.934,128.167,122.626,126.934,0,0
CRJ_MV,D,20190829,000000,126.009,128.167,122.009,128.167,0,0
CRJ_MV,D,20190830,000000,128.783,136.792,128.783,134.951,0,0
CRJ_MV,D,20190902,000000,134.951,137.409,125.7,129.092,0,0
CRJ_MV,D,20190903,000000,125.7,134.334,125.092,126.625,0,0
CRJ_MV,D,20190904,000000,126.934,133.718,126.625,130.633,0,0
CRJ_MV,D,20190905,000000,131.251,141.417,129.4,138.026,0,0
CRJ_MV,D,20190906,000000,133.101,135.568,129.4,133.101,0,0
CRJ_MV,D,20190909,000000,141.725,144.809,139.875,142.959,0,0
CRJ_MV,D,20190910,000000,144.192,144.192,127.242,130.942,0,0
CRJ_MV,D,20190911,000000,129.4,130.017,124.167,127.55,0,0
CRJ_MV,D,20190912,000000,125.092,125.092,110.917,113.258,0,0
CRJ_MV,D,20190913,000000,115.842,121.882,114.001,120.159,0,0
CRJ_MV,D,20190916,000000,121.392,122.626,115.108,118.309,0,0
CRJ_MV,D,20190917,000000,115.225,119.542,114.618,117.075,0,0
CRJ_MV,D,20190918,000000,115.225,118.926,110.3,118.553,0,0
CRJ_MV,D,20190919,000000,118.309,119.914,115.225,116.458,0,0
CRJ_MV,D,20190920,000000,118.309,118.309,112.767,116.458,0,0
CRJ_MV,D,20190923,000000,118.309,118.309,116.458,117.075,0,0
CRJ_MV,D,20190924,000000,116.957,117.075,114.001,115.842,0,0
CRJ_MV,D,20190925,000000,115.225,115.225,110.3,113.874,0,0
CRJ_MV,D,20190926,000000,110.917,116.458,110.917,115.842,0,0
CRJ_MV,D,20190927,000000,115.842,117.075,112.15,116.341,0,0
CRJ_MV,D,20190930,000000,115.842,118.926,112.767,114.618,0,0
CRJ_MV,D,20191001,000000,115.225,116.341,112.767,115.479,0,0
CRJ_MV,D,20191002,000000,112.767,114.981,108.577,110.546,0,0
CRJ_MV,D,20191003,000000,109.557,115.225,108.45,114.618,0,0
CRJ_MV,D,20191004,000000,115.225,116.585,114.618,114.618,0,0
CRJ_MV,D,20191007,000000,115.842,117.075,114.735,114.735,0,0
CRJ_MV,D,20191008,000000,116.957,120.776,115.969,119.914,0,0
CRJ_MV,D,20191009,000000,120.159,125.7,120.159,122.871,0,0
CRJ_MV,D,20191010,000000,122.871,126.009,122.871,125.092,0,0
CRJ_MV,D,20191011,000000,126.317,127.55,126.317,127.242,0,0
CRJ_MV,D,20191014,000000,130.633,130.633,127.859,128.783,0,0
CRJ_MV,D,20191015,000000,129.4,130.633,124.784,128.167,0,0
CRJ_MV,D,20191016,000000,125.7,128.475,125.7,127.859,0,0
CRJ_MV,D,20191017,000000,126.317,126.317,122.009,125.401,0,0
CRJ_MV,D,20191018,000000,123.242,123.242,120.776,123.242,0,0
CRJ_MV,D,20191021,000000,120.776,125.092,120.776,125.092,0,0
CRJ_MV,D,20191022,000000,125.092,129.708,124.476,126.317,0,0
CRJ_MV,D,20191023,000000,126.317,126.317,119.053,119.053,0,0
CRJ_MV,D,20191024,000000,121.392,122.626,117.32,122.626,0,0
CRJ_MV,D,20191025,000000,123.242,128.167,123.242,126.934,0,0
CRJ_MV,D,20191028,000000,126.317,127.55,120.776,125.401,0,0
CRJ_MV,D,20191029,000000,124.784,124.784,118.926,118.926,0,0
CRJ_MV,D,20191030,000000,117.075,117.075,114.001,114.001,0,0
CRJ_MV,D,20191031,000000,115.225,115.225,110.917,114.618,0,0
CRJ_MV,D,20191104,000000,115.225,115.225,112.15,114.618,0,0
CRJ_MV,D,20191105,000000,114.618,114.618,107.217,107.834,0,0
CRJ_MV,D,20191106,000000,106.228,114.618,106.228,112.15,0,0
CRJ_MV,D,20191107,000000,116.095,116.095,106.6,113.258,0,0
CRJ_MV,D,20191108,000000,113.258,113.385,111.035,113.385,0,0
CRJ_MV,D,20191112,000000,113.258,113.258,110.917,112.15,0,0
CRJ_MV,D,20191113,000000,111.534,111.534,109.684,110.173,0,0
CRJ_MV,D,20191114,000000,108.577,110.917,106.727,109.067,0,0
CRJ_MV,D,20191115,000000,110.79,110.79,104.751,107.217,0,0
CRJ_MV,D,20191118,000000,104.751,107.217,98.5924,103.526,0,0
CRJ_MV,D,20191119,000000,102.293,108.94,102.293,103.526,0,0
CRJ_MV,D,20191120,000000,103.526,105.984,98.5924,99.9431,0,0
CRJ_MV,D,20191121,000000,101.059,105.984,101.059,105.984,0,0
CRJ_MV,D,20191122,000000,107.099,112.64,107.099,112.64,0,0
CRJ_MV,D,20191125,000000,113.258,113.747,110.917,113.747,0,0
CRJ_MV,D,20191126,000000,112.885,113.012,105.004,111.534,0,0
CRJ_MV,D,20191127,000000,108.45,111.407,107.834,107.834,0,0
CRJ_MV,D,20191128,000000,107.834,109.684,104.751,109.684,0,0
CRJ_MV,D,20191129,000000,109.557,109.557,101.92,104.751,0,0
CRJ_MV,D,20191202,000000,105.367,107.217,104.751,104.751,0,0
CRJ_MV,D,20191203,000000,103.889,107.217,103.889,104.751,0,0
CRJ_MV,D,20191204,000000,107.217,109.684,104.751,105.984,0,0
CRJ_MV,D,20191205,000000,105.984,107.834,104.134,107.834,0,0
CRJ_MV,D,20191206,000000,107.834,110.917,107.834,110.917,0,0
CRJ_MV,D,20191209,000000,110.917,110.917,107.834,110.79,0,0
CRJ_MV,D,20191210,000000,107.834,110.3,107.834,110.3,0,0
CRJ_MV,D,20191211,000000,109.684,109.684,105.984,109.067,0,0
CRJ_MV,D,20191212,000000,109.067,110.917,104.751,110.056,0,0
CRJ_MV,D,20191213,000000,107.834,110.056,107.217,110.056,0,0
CRJ_MV,D,20191216,000000,107.834,108.45,107.217,108.45,0,0
CRJ_MV,D,20191217,000000,110.917,112.15,107.217,112.15,0,0
CRJ_MV,D,20191218,000000,110.917,110.917,105.494,110.673,0,0
CRJ_MV,D,20191219,000000,109.929,109.929,105.984,109.067,0,0
CRJ_MV,D,20191220,000000,107.834,108.45,103.643,105.367,0,0
CRJ_MV,D,20191223,000000,104.751,107.217,101.431,106.972,0,0
CRJ_MV,D,20191227,000000,107.715,113.258,107.715,112.64,0,0
CRJ_MV,D,20191230,000000,113.13,115.842,109.194,110.917,0,0
CRJ_MV,D,20200102,000000,110.917,115.225,107.961,115.225,0,0
CRJ_MV,D,20200103,000000,111.162,112.767,108.45,110.917,0,0
CRJ_MV,D,20200107,000000,111.534,119.542,111.534,117.075,0,0
CRJ_MV,D,20200108,000000,114.001,115.225,112.767,113.629,0,0
CRJ_MV,D,20200109,000000,114.001,120.032,114.001,119.542,0,0
CRJ_MV,D,20200110,000000,119.669,126.625,119.669,123.242,0,0
CRJ_MV,D,20200113,000000,125.7,126.934,123.551,125.7,0,0
CRJ_MV,D,20200114,000000,123.859,123.859,120.159,121.392,0,0
CRJ_MV,D,20200115,000000,121.392,133.101,121.392,127.55,0,0
CRJ_MV,D,20200116,000000,130.633,130.942,121.51,125.092,0,0
CRJ_MV,D,20200117,000000,123.242,126.009,122.499,126.009,0,0
CRJ_MV,D,20200120,000000,125.7,125.7,123.242,124.476,0,0
CRJ_MV,D,20200121,000000,123.115,127.242,122.009,127.242,0,0
CRJ_MV,D,20200122,000000,127.242,128.167,123.242,128.167,0,0
CRJ_MV,D,20200123,000000,129.708,129.708,126.317,127.242,0,0
CRJ_MV,D,20200124,000000,129.092,129.092,126.317,128.475,0,0
CRJ_MV,D,20200127,000000,127.55,127.55,120.159,120.159,0,0
CRJ_MV,D,20200128,000000,120.776,125.7,120.159,123.242,0,0
CRJ_MV,D,20200129,000000,121.147,126.317,121.147,123.242,0,0
CRJ_MV,D,20200130,000000,126.317,126.317,117.692,117.692,0,0
CRJ_MV,D,20200131,000000,117.075,122.626,117.075,122.009,0,0
CRJ_MV,D,20200203,000000,122.009,124.784,119.914,124.784,0,0
CRJ_MV,D,20200204,000000,124.784,128.783,123.242,128.783,0,0
CRJ_MV,D,20200205,000000,128.783,134.334,128.783,130.017,0,0
CRJ_MV,D,20200206,000000,130.017,132.484,126.317,130.325,0,0
CRJ_MV,D,20200207,000000,130.017,130.017,126.317,128.783,0,0
CRJ_MV,D,20200210,000000,128.167,128.167,126.317,126.317,0,0
CRJ_MV,D,20200211,000000,128.167,129.4,128.167,129.4,0,0
CRJ_MV,D,20200212,000000,130.633,130.942,126.317,126.317,0,0
CRJ_MV,D,20200213,000000,126.317,130.942,126.317,130.633,0,0
CRJ_MV,D,20200214,000000,126.317,129.4,126.317,129.4,0,0
CRJ_MV,D,20200217,000000,128.167,130.325,125.092,128.167,0,0
CRJ_MV,D,20200218,000000,126.317,129.4,126.317,129.4,0,0
CRJ_MV,D,20200219,000000,129.4,136.792,129.4,135.568,0,0
CRJ_MV,D,20200220,000000,135.568,135.568,132.484,132.484,0,0
CRJ_MV,D,20200221,000000,133.718,140.492,133.718,139.875,0,0
CRJ_MV,D,20200224,000000,139.875,141.725,132.484,136.493,0,0
CRJ_MV,D,20200225,000000,134.951,134.951,122.009,126.317,0,0
CRJ_MV,D,20200226,000000,123.242,126.625,114.618,126.317,0,0
CRJ_MV,D,20200227,000000,126.009,126.009,117.075,122.499,0,0
CRJ_MV,D,20200228,000000,115.842,115.842,98.9639,105.984,0,0
CRJ_MV,D,20200302,000000,111.534,116.83,102.909,110.917,0,0
CRJ_MV,D,20200303,000000,117.075,126.934,117.075,123.242,0,0
CRJ_MV,D,20200304,000000,123.242,125.7,122.009,123.242,0,0
CRJ_MV,D,20200305,000000,123.242,126.317,120.649,120.649,0,0
CRJ_MV,D,20200306,000000,118.064,121.392,117.075,117.692,0,0
CRJ_MV,D,20200309,000000,106.6,110.056,103.526,105.367,0,0
CRJ_MV,D,20200310,000000,110.917,114.001,107.961,107.961,0,0
CRJ_MV,D,20200311,000000,110.917,110.917,92.434,92.434,0,0
CRJ_MV,D,20200312,000000,80.7256,83.8001,68.4005,68.4005,0,0
CRJ_MV,D,20200313,000000,80.109,96.1251,80.109,83.1834,0,0
CRJ_MV,D,20200316,000000,81.832,97.3583,77.0253,96.7422,0,0
CRJ_MV,D,20200317,000000,105.984,113.385,94.2751,105.367,0,0
CRJ_MV,D,20200318,000000,109.684,110.917,101.059,101.793,0,0
CRJ_MV,D,20200319,000000,104.751,110.3,102.909,110.3,0,0
CRJ_MV,D,20200320,000000,110.917,114.001,105.984,105.984,0,0
CRJ_MV,D,20200323,000000,104.016,107.217,99.2085,104.134,0,0
CRJ_MV,D,20200324,000000,108.45,110.173,100.443,106.845,0,0
CRJ_MV,D,20200325,000000,107.217,120.032,102.293,108.45,0,0
CRJ_MV,D,20200326,000000,108.45,109.067,106.972,108.94,0,0
CRJ_MV,D,20200327,000000,108.94,108.94,105.367,106.355,0,0
CRJ_MV,D,20200330,000000,106.355,106.355,101.676,102.909,0,0
CRJ_MV,D,20200331,000000,105.122,109.684,103.526,103.526,0,0
CRJ_MV,D,20200401,000000,109.067,114.618,105.367,112.15,0,0
CRJ_MV,D,20200402,000000,114.001,127.55,109.067,126.317,0,0
CRJ_MV,D,20200403,000000,129.4,136.184,128.783,132.484,0,0
CRJ_MV,D,20200406,000000,138.026,146.66,133.718,138.642,0,0
CRJ_MV,D,20200407,000000,136.184,144.192,133.718,141.109,0,0
CRJ_MV,D,20200408,000000,155.284,215.668,150.967,215.668,0,0
CRJ_MV,D,20200409,000000,255.727,255.727,211.976,226.76,0,0
CRJ_MV,D,20200414,000000,261.884,261.884,209.51,237.234,0,0
CRJ_MV,D,20200415,000000,236.001,236.001,195.334,195.951,0,0
CRJ_MV,D,20200416,000000,197.801,211.976,197.184,211.976,0,0
CRJ_MV,D,20200417,000000,215.668,219.367,189.792,197.184,0,0
CRJ_MV,D,20200420,000000,215.051,257.567,215.051,252.642,0,0
CRJ_MV,D,20200421,000000,252.642,255.727,231.076,252.026,0,0
CRJ_MV,D,20200422,000000,250.792,292.693,250.792,288.385,0,0
CRJ_MV,D,20200423,000000,302.551,302.551,272.976,284.067,0,0
CRJ_MV,D,20200424,000000,277.293,282.218,269.276,271.743,0,0
CRJ_MV,D,20200427,000000,280.984,314.259,280.984,303.785,0,0
CRJ_MV,D,20200428,000000,321.66,329.051,311.793,320.427,0,0
CRJ_MV,D,20200429,000000,345.068,345.068,316.727,320.427,0,0
CRJ_MV,D,20200430,000000,326.585,332.752,319.193,332.752,0,0
CRJ_MV,D,20200504,000000,338.91,363.56,338.91,356.16,0,0
CRJ_MV,D,20200505,000000,363.56,363.56,345.068,350.002,0,0
CRJ_MV,D,20200506,000000,350.002,357.393,338.91,343.844,0,0
CRJ_MV,D,20200507,000000,343.844,347.534,332.752,342.61,0,0
CRJ_MV,D,20200508,000000,347.534,347.534,332.752,343.844,0,0
CRJ_MV,D,20200511,000000,348.769,368.485,348.769,363.56,0,0
CRJ_MV,D,20200512,000000,363.56,363.56,342.61,346.301,0,0
CRJ_MV,D,20200513,000000,338.91,347.534,327.818,330.285,0,0
CRJ_MV,D,20200514,000000,330.285,330.285,299.477,314.259,0,0
CRJ_MV,D,20200515,000000,322.885,325.351,316.727,324.118,0,0
CRJ_MV,D,20200518,000000,326.585,347.534,326.585,342.61,0,0
CRJ_MV,D,20200519,000000,343.844,346.301,336.443,342.61,0,0
CRJ_MV,D,20200520,000000,342.61,354.935,337.677,354.935,0,0
CRJ_MV,D,20200521,000000,356.16,356.16,343.844,348.769,0,0
CRJ_MV,D,20200522,000000,348.769,354.935,346.301,354.935,0,0
CRJ_MV,D,20200525,000000,361.093,405.46,354.935,405.46,0,0
CRJ_MV,D,20200526,000000,420.252,464.61,409.161,455.985,0,0
CRJ_MV,D,20200527,000000,449.827,454.751,419.018,419.018,0,0
CRJ_MV,D,20200528,000000,426.41,454.751,425.177,447.36,0,0
CRJ_MV,D,20200529,000000,448.593,455.985,446.127,448.593,0,0
CRJ_MV,D,20200601,000000,442.436,460.919,442.436,460.919,0,0
CRJ_MV,D,20200602,000000,460.919,460.919,443.66,447.36,0,0
CRJ_MV,D,20200603,000000,448.593,448.593,428.877,430.11,0,0
CRJ_MV,D,20200604,000000,430.11,441.202,426.41,431.344,0,0
CRJ_MV,D,20200605,000000,437.501,437.501,428.877,430.11,0,0
CRJ_MV,D,20200608,000000,433.802,438.735,415.318,433.802,0,0
CRJ_MV,D,20200609,000000,431.344,441.202,426.41,441.202,0,0
CRJ_MV,D,20200610,000000,441.202,485.569,437.501,481.868,0,0
CRJ_MV,D,20200612,000000,453.518,472.011,449.827,469.543,0,0
CRJ_MV,D,20200615,000000,467.077,485.569,453.518,481.868,0,0
CRJ_MV,D,20200616,000000,488.026,495.427,469.543,479.402,0,0
CRJ_MV,D,20200617,000000,473.244,547.186,473.244,542.252,0,0
CRJ_MV,D,20200618,000000,531.16,602.644,531.16,602.644,0,0
CRJ_MV,D,20200619,000000,602.644,616.203,579.228,598.944,0,0
CRJ_MV,D,20200622,000000,597.711,597.711,561.978,570.602,0,0
CRJ_MV,D,20200623,000000,563.202,576.76,554.577,560.744,0,0
CRJ_MV,D,20200624,000000,563.202,650.086,563.202,622.361,0,0
CRJ_MV,D,20200625,000000,637.77,677.82,637.77,665.494,0,0
CRJ_MV,D,20200626,000000,659.336,782.57,659.336,714.795,0,0
CRJ_MV,D,20200629,000000,733.279,751.762,680.903,714.795,0,0
CRJ_MV,D,20200630,000000,727.111,727.111,677.82,683.977,0,0
CRJ_MV,D,20200701,000000,696.303,711.711,665.494,708.628,0,0
CRJ_MV,D,20200702,000000,708.628,742.52,708.628,714.795,0,0
CRJ_MV,D,20200703,000000,714.795,714.795,671.662,690.145,0,0
CRJ_MV,D,20200706,000000,733.279,745.603,690.145,720.953,0,0
CRJ_MV,D,20200707,000000,708.628,727.111,677.82,690.145,0,0
CRJ_MV,D,20200708,000000,696.303,711.711,690.145,690.145,0,0
CRJ_MV,D,20200709,000000,699.386,699.386,647.011,647.011,0,0
CRJ_MV,D,20200710,000000,647.011,720.953,647.011,717.869,0,0
CRJ_MV,D,20200713,000000,720.953,770.253,720.953,764.086,0,0
CRJ_MV,D,20200714,000000,770.253,847.27,751.762,816.462,0,0
CRJ_MV,D,20200715,000000,816.462,825.703,782.57,797.979,0,0
CRJ_MV,D,20200716,000000,801.062,804.137,757.928,804.137,0,0
CRJ_MV,D,20200717,000000,804.137,844.196,794.894,841.112,0,0
CRJ_MV,D,20200720,000000,856.521,856.521,801.062,834.953,0,0
CRJ_MV,D,20200721,000000,834.953,834.953,801.062,801.062,0,0
CRJ_MV,D,20200722,000000,794.894,794.894,757.928,776.411,0,0
CRJ_MV,D,20200723,000000,757.928,770.253,745.603,754.845,0,0
CRJ_MV,D,20200724,000000,739.436,739.436,702.47,724.037,0,0
CRJ_MV,D,20200727,000000,724.037,724.037,696.303,699.386,0,0
CRJ_MV,D,20200728,000000,699.386,724.037,680.903,683.977,0,0
CRJ_MV,D,20200729,000000,647.011,745.603,634.686,699.386,0,0
CRJ_MV,D,20200730,000000,708.628,711.711,619.277,619.277,0,0
CRJ_MV,D,20200731,000000,647.011,690.145,643.928,662.411,0,0
CRJ_MV,D,20200803,000000,656.253,705.544,656.253,696.303,0,0
CRJ_MV,D,20200804,000000,708.628,711.711,668.578,677.82,0,0
CRJ_MV,D,20200805,000000,683.977,696.303,671.662,687.061,0,0
CRJ_MV,D,20200806,000000,690.145,708.628,677.82,690.145,0,0
CRJ_MV,D,20200807,000000,690.145,705.544,671.662,702.47,0,0
CRJ_MV,D,20200810,000000,705.544,708.628,693.228,699.386,0,0
CRJ_MV,D,20200811,000000,699.386,699.386,680.903,687.061,0,0
CRJ_MV,D,20200812,000000,680.903,687.061,659.336,674.736,0,0
CRJ_MV,D,20200813,000000,677.82,739.436,665.494,739.436,0,0
CRJ_MV,D,20200814,000000,733.279,733.279,693.228,727.111,0,0
CRJ_MV,D,20200817,000000,717.869,791.821,708.628,785.653,0,0
CRJ_MV,D,20200818,000000,782.57,804.137,770.253,794.894,0,0
CRJ_MV,D,20200819,000000,797.979,797.979,761.003,770.253,0,0
CRJ_MV,D,20200820,000000,748.678,757.928,736.362,757.928,0,0
CRJ_MV,D,20200821,000000,736.362,767.17,711.711,711.711,0,0
CRJ_MV,D,20200824,000000,720.953,724.037,705.544,708.628,0,0
CRJ_MV,D,20200825,000000,714.795,717.869,699.386,708.628,0,0
CRJ_MV,D,20200826,000000,708.628,708.628,696.303,708.628,0,0
CRJ_MV,D,20200827,000000,711.711,757.928,711.711,757.928,0,0
CRJ_MV,D,20200828,000000,764.086,776.411,757.928,773.328,0,0
CRJ_MV,D,20200831,000000,782.57,782.57,733.279,733.279,0,0
CRJ_MV,D,20200901,000000,727.111,733.279,680.903,702.47,0,0
CRJ_MV,D,20200902,000000,705.544,705.544,674.736,680.903,0,0
CRJ_MV,D,20200903,000000,687.061,714.795,674.736,674.736,0,0
CRJ_MV,D,20200904,000000,662.411,677.82,653.169,659.336,0,0
CRJ_MV,D,20200907,000000,659.336,702.47,659.336,671.662,0,0
CRJ_MV,D,20200908,000000,665.494,665.494,606.345,640.844,0,0
CRJ_MV,D,20200909,000000,628.519,659.336,625.445,647.011,0,0
CRJ_MV,D,20200910,000000,647.011,653.169,622.361,622.361,0,0
CRJ_MV,D,20200911,000000,631.603,665.494,619.277,643.928,0,0
CRJ_MV,D,20200914,000000,653.169,677.82,653.169,677.82,0,0
CRJ_MV,D,20200915,000000,677.82,690.145,647.011,647.011,0,0
CRJ_MV,D,20200916,000000,647.011,671.662,643.928,671.662,0,0
CRJ_MV,D,20200917,000000,671.662,671.662,637.77,640.844,0,0
CRJ_MV,D,20200918,000000,637.77,647.011,634.686,640.844,0,0
CRJ_MV,D,20200921,000000,640.844,640.844,610.035,616.203,0,0
CRJ_MV,D,20200922,000000,614.969,625.445,610.035,610.035,0,0
CRJ_MV,D,20200923,000000,613.736,616.203,590.319,590.319,0,0
CRJ_MV,D,20200924,000000,570.602,573.069,558.277,566.903,0,0
CRJ_MV,D,20200925,000000,579.228,619.277,577.994,610.035,0,0
CRJ_MV,D,20200928,000000,625.445,634.686,619.277,634.686,0,0
CRJ_MV,D,20200929,000000,634.686,647.011,616.203,625.445,0,0
CRJ_MV,D,20200930,000000,619.277,628.519,608.802,628.519,0,0
CRJ_MV,D,20201001,000000,628.519,650.086,611.27,613.736,0,0
CRJ_MV,D,20201002,000000,611.27,631.603,611.27,631.603,0,0
CRJ_MV,D,20201005,000000,647.011,671.662,647.011,662.411,0,0
CRJ_MV,D,20201006,000000,662.411,671.662,628.519,628.519,0,0
CRJ_MV,D,20201007,000000,628.519,647.011,625.445,634.686,0,0
CRJ_MV,D,20201008,000000,640.844,647.011,631.603,634.686,0,0
CRJ_MV,D,20201009,000000,622.361,625.445,607.569,625.445,0,0
CRJ_MV,D,20201012,000000,640.844,640.844,625.445,631.603,0,0
CRJ_MV,D,20201013,000000,634.686,634.686,622.361,634.686,0,0
CRJ_MV,D,20201014,000000,622.361,625.445,610.035,625.445,0,0
CRJ_MV,D,20201015,000000,614.969,622.361,596.477,603.877,0,0
CRJ_MV,D,20201016,000000,585.386,616.203,585.386,614.969,0,0
CRJ_MV,D,20201019,000000,612.503,717.869,603.877,714.795,0,0
CRJ_MV,D,20201020,000000,705.544,705.544,665.494,683.977,0,0
CRJ_MV,D,20201021,000000,671.662,677.82,653.169,653.169,0,0
CRJ_MV,D,20201022,000000,647.011,659.336,634.686,656.253,0,0
CRJ_MV,D,20201023,000000,650.086,662.411,628.519,637.77,0,0
CRJ_MV,D,20201026,000000,619.277,637.77,619.277,625.445,0,0
CRJ_MV,D,20201027,000000,622.361,622.361,611.27,622.361,0,0
CRJ_MV,D,20201028,000000,616.203,616.203,570.602,591.552,0,0
CRJ_MV,D,20201029,000000,590.319,614.969,573.069,613.736,0,0
CRJ_MV,D,20201030,000000,602.644,602.644,581.694,597.711,0,0
CRJ_MV,D,20201102,000000,603.877,611.27,600.178,610.035,0,0
CRJ_MV,D,20201103,000000,607.569,619.277,595.253,610.035,0,0
CRJ_MV,D,20201104,000000,614.969,614.969,605.111,612.503,0,0
CRJ_MV,D,20201105,000000,612.503,656.253,612.503,650.086,0,0
CRJ_MV,D,20201106,000000,647.011,650.086,622.361,643.928,0,0
CRJ_MV,D,20201109,000000,650.086,659.336,622.361,634.686,0,0
CRJ_MV,D,20201110,000000,637.77,637.77,594.02,634.686,0,0
CRJ_MV,D,20201112,000000,625.445,668.578,625.445,659.336,0,0
CRJ_MV,D,20201113,000000,662.411,662.411,640.844,650.086,0,0
CRJ_MV,D,20201116,000000,656.253,662.411,640.844,643.928,0,0
CRJ_MV,D,20201117,000000,591.552,619.277,591.552,606.345,0,0
CRJ_MV,D,20201118,000000,595.253,606.345,595.253,598.944,0,0
CRJ_MV,D,20201119,000000,602.644,608.802,601.411,606.345,0,0
CRJ_MV,D,20201120,000000,610.035,610.035,597.711,600.178,0,0
CRJ_MV,D,20201123,000000,603.877,603.877,591.552,600.178,0,0
CRJ_MV,D,20201124,000000,600.178,600.178,590.319,597.711,0,0
CRJ_MV,D,20201125,000000,594.02,596.477,585.386,585.386,0,0
CRJ_MV,D,20201126,000000,591.552,596.477,579.228,579.228,0,0
CRJ_MV,D,20201127,000000,584.161,584.161,566.903,577.994,0,0
CRJ_MV,D,20201130,000000,573.069,576.76,554.577,559.51,0,0
CRJ_MV,D,20201201,000000,566.903,582.928,548.419,581.694,0,0
CRJ_MV,D,20201202,000000,584.161,589.086,565.669,570.602,0,0
CRJ_MV,D,20201203,000000,570.602,579.228,564.435,566.903,0,0
CRJ_MV,D,20201204,000000,565.669,575.527,564.435,570.602,0,0
CRJ_MV,D,20201207,000000,596.477,647.011,585.386,643.928,0,0
CRJ_MV,D,20201208,000000,628.519,634.686,625.445,628.519,0,0
CRJ_MV,D,20201209,000000,647.011,647.011,597.711,597.711,0,0
CRJ_MV,D,20201210,000000,603.877,625.445,603.877,616.203,0,0
CRJ_MV,D,20201211,000000,616.203,616.203,592.786,600.178,0,0
CRJ_MV,D,20201214,000000,600.178,600.178,573.069,579.228,0,0
CRJ_MV,D,20201215,000000,595.253,631.603,595.253,614.969,0,0
CRJ_MV,D,20201216,000000,610.035,612.503,601.411,610.035,0,0
CRJ_MV,D,20201217,000000,610.035,610.035,603.877,608.802,0,0
CRJ_MV,D,20201218,000000,611.27,611.27,589.086,597.711,0,0
CRJ_MV,D,20201221,000000,587.852,596.477,579.228,591.552,0,0
CRJ_MV,D,20201222,000000,592.786,592.786,581.694,586.619,0,0
CRJ_MV,D,20201223,000000,584.161,591.552,579.228,587.852,0,0
CRJ_MV,D,20201228,000000,579.228,596.477,579.228,596.477,0,0
CRJ_MV,D,20201229,000000,596.477,665.494,596.477,656.253,0,0
CRJ_MV,D,20201230,000000,659.336,677.82,643.928,677.82,0,0
CRJ_MV,D,20210104,000000,677.82,711.711,677.82,693.228,0,0
CRJ_MV,D,20210105,000000,693.228,733.279,693.228,714.795,0,0
CRJ_MV,D,20210107,000000,714.795,714.795,696.303,708.628,0,0
CRJ_MV,D,20210108,000000,708.628,708.628,687.061,687.061,0,0
CRJ_MV,D,20210111,000000,690.145,720.953,677.82,680.903,0,0
CRJ_MV,D,20210112,000000,683.977,702.47,647.011,671.662,0,0
CRJ_MV,D,20210113,000000,671.662,683.977,665.494,677.82,0,0
CRJ_MV,D,20210114,000000,683.977,699.386,665.494,699.386,0,0
CRJ_MV,D,20210115,000000,677.82,693.228,662.411,677.82,0,0
CRJ_MV,D,20210118,000000,662.411,702.47,662.411,687.061,0,0
CRJ_MV,D,20210119,000000,690.145,696.303,668.578,696.303,0,0
CRJ_MV,D,20210120,000000,699.386,745.603,699.386,727.111,0,0
CRJ_MV,D,20210121,000000,748.678,748.678,730.194,736.362,0,0
CRJ_MV,D,20210122,000000,736.362,736.362,702.47,727.111,0,0
CRJ_MV,D,20210125,000000,733.279,736.362,705.544,705.544,0,0
CRJ_MV,D,20210126,000000,696.303,714.795,696.303,708.628,0,0
CRJ_MV,D,20210127,000000,714.795,727.111,677.82,677.82,0,0
CRJ_MV,D,20210128,000000,677.82,702.47,659.336,690.145,0,0
CRJ_MV,D,20210129,000000,699.386,730.194,699.386,730.194,0,0
CRJ_MV,D,20210201,000000,730.194,730.194,699.386,699.386,0,0
CRJ_MV,D,20210202,000000,702.47,708.628,690.145,696.303,0,0
CRJ_MV,D,20210203,000000,690.145,690.145,665.494,671.662,0,0
CRJ_MV,D,20210204,000000,674.736,674.736,643.928,643.928,0,0
CRJ_MV,D,20210205,000000,643.928,665.494,643.928,653.169,0,0
CRJ_MV,D,20210208,000000,650.086,671.662,637.77,647.011,0,0
CRJ_MV,D,20210209,000000,647.011,647.011,625.445,637.77,0,0
CRJ_MV,D,20210210,000000,628.519,665.494,625.445,653.169,0,0
CRJ_MV,D,20210211,000000,656.253,659.336,643.928,656.253,0,0
CRJ_MV,D,20210212,000000,656.253,662.411,625.445,631.603,0,0
CRJ_MV,D,20210215,000000,625.445,640.844,625.445,634.686,0,0
CRJ_MV,D,20210216,000000,616.203,634.686,613.736,634.686,0,0
CRJ_MV,D,20210217,000000,634.686,634.686,622.361,628.519,0,0
CRJ_MV,D,20210218,000000,631.603,634.686,616.203,616.203,0,0
CRJ_MV,D,20210219,000000,616.203,634.686,616.203,628.519,0,0
CRJ_MV,D,20210222,000000,634.686,634.686,611.27,616.203,0,0
CRJ_MV,D,20210223,000000,610.035,613.736,597.711,613.736,0,0
CRJ_MV,D,20210224,000000,610.035,634.686,610.035,631.603,0,0
CRJ_MV,D,20210225,000000,634.686,634.686,616.203,619.277,0,0
CRJ_MV,D,20210226,000000,610.035,612.503,601.411,610.035,0,0
CRJ_MV,D,20210301,000000,605.111,619.277,605.111,614.969,0,0
CRJ_MV,D,20210302,000000,614.969,614.969,607.569,610.035,0,0
CRJ_MV,D,20210303,000000,610.035,613.736,586.619,586.619,0,0
CRJ_MV,D,20210304,000000,586.619,597.711,577.994,597.711,0,0
CRJ_MV,D,20210305,000000,592.786,607.569,585.386,605.111,0,0
CRJ_MV,D,20210308,000000,607.569,614.969,591.552,614.969,0,0
CRJ_MV,D,20210309,000000,616.203,616.203,606.345,612.503,0,0
CRJ_MV,D,20210310,000000,614.969,616.203,598.944,601.411,0,0
CRJ_MV,D,20210311,000000,603.877,611.27,603.877,607.569,0,0
CRJ_MV,D,20210312,000000,603.877,607.569,592.786,603.877,0,0
CRJ_MV,D,20210315,000000,602.644,607.569,596.477,596.477,0,0
CRJ_MV,D,20210316,000000,596.477,610.035,596.477,606.345,0,0
CRJ_MV,D,20210317,000000,603.877,611.27,585.386,598.944,0,0
CRJ_MV,D,20210318,000000,602.644,625.445,602.644,614.969,0,0
CRJ_MV,D,20210319,000000,614.969,625.445,610.035,622.361,0,0
CRJ_MV,D,20210322,000000,628.519,628.519,607.569,614.969,0,0
CRJ_MV,D,20210323,000000,614.969,614.969,600.178,608.802,0,0
CRJ_MV,D,20210324,000000,610.035,611.27,602.644,611.27,0,0
CRJ_MV,D,20210325,000000,608.802,619.277,603.877,613.736,0,0
CRJ_MV,D,20210326,000000,603.877,610.035,597.711,607.569,0,0
CRJ_MV,D,20210329,000000,608.802,611.27,597.711,606.345,0,0
CRJ_MV,D,20210330,000000,601.411,608.802,597.711,602.644,0,0
CRJ_MV,D,20210331,000000,597.711,597.711,591.552,596.477,0,0
CRJ_MV,D,20210401,000000,591.552,591.552,587.236,587.852,0,0
CRJ_MV,D,20210406,000000,591.552,603.877,591.552,597.711,0,0
CRJ_MV,D,20210407,000000,605.111,605.111,591.552,600.178,0,0
CRJ_MV,D,20210408,000000,600.178,600.178,579.228,579.228,0,0
CRJ_MV,D,20210409,000000,560.744,578.61,560.744,577.377,0,0
CRJ_MV,D,20210412,000000,580.461,580.461,554.577,554.577,0,0
CRJ_MV,D,20210413,000000,553.961,563.818,553.961,562.595,0,0
CRJ_MV,D,20210414,000000,561.361,568.136,560.744,568.136,0,0
CRJ_MV,D,20210415,000000,568.136,573.069,560.744,567.519,0,0
CRJ_MV,D,20210416,000000,569.986,573.069,560.744,569.369,0,0
CRJ_MV,D,20210419,000000,569.986,579.228,549.036,579.228,0,0
CRJ_MV,D,20210420,000000,579.228,581.694,563.818,579.228,0,0
CRJ_MV,D,20210421,000000,568.753,573.069,555.194,566.903,0,0
CRJ_MV,D,20210422,000000,566.286,566.286,539.177,554.577,0,0
CRJ_MV,D,20210423,000000,554.577,554.577,526.235,554.577,0,0
CRJ_MV,D,20210426,000000,548.419,548.419,529.927,529.927,0,0
CRJ_MV,D,20210427,000000,523.769,526.235,504.052,517.611,0,0
CRJ_MV,D,20210428,000000,510.21,533.627,486.793,532.393,0,0
CRJ_MV,D,20210429,000000,534.861,534.861,517.611,517.611,0,0
CRJ_MV,D,20210430,000000,538.561,538.561,517.611,523.769,0,0
CRJ_MV,D,20210504,000000,529.927,529.927,499.118,499.118,0,0
CRJ_MV,D,20210505,000000,496.044,517.611,492.344,513.91,0,0
CRJ_MV,D,20210506,000000,516.378,516.378,497.885,499.735,0,0
CRJ_MV,D,20210507,000000,499.118,507.752,491.727,507.752,0,0
CRJ_MV,D,20210510,000000,507.752,517.611,499.118,499.118,0,0
CRJ_MV,D,20210511,000000,496.044,511.444,489.877,492.344,0,0
CRJ_MV,D,20210512,000000,492.344,500.968,478.785,492.96,0,0
CRJ_MV,D,20210513,000000,491.727,491.727,464.61,468.31,0,0
CRJ_MV,D,20210514,000000,480.635,503.436,468.31,503.436,0,0
CRJ_MV,D,20210517,000000,514.527,537.944,514.527,525.002,0,0
CRJ_MV,D,20210518,000000,525.002,525.002,505.286,508.977,0,0
CRJ_MV,D,20210519,000000,501.585,503.436,483.719,497.268,0,0
CRJ_MV,D,20210520,000000,495.427,529.927,495.427,519.451,0,0
CRJ_MV,D,20210521,000000,520.069,541.019,520.069,536.094,0,0
CRJ_MV,D,20210524,000000,536.094,539.177,520.686,523.769,0,0
CRJ_MV,D,20210525,000000,529.927,529.927,507.136,507.136,0,0
CRJ_MV,D,20210526,000000,516.994,534.244,516.994,523.152,0,0
CRJ_MV,D,20210527,000000,533.01,576.144,521.919,576.144,0,0
CRJ_MV,D,20210528,000000,577.994,577.994,557.661,568.136,0,0
CRJ_MV,D,20210531,000000,574.294,582.311,570.602,582.311,0,0
CRJ_MV,D,20210601,000000,579.845,579.845,563.818,566.903,0,0
CRJ_MV,D,20210602,000000,569.986,572.452,557.661,568.753,0,0
CRJ_MV,D,20210604,000000,568.753,568.753,557.661,562.595,0,0
CRJ_MV,D,20210607,000000,607.569,607.569,571.219,571.219,0,0
CRJ_MV,D,20210608,000000,574.294,582.311,574.294,579.845,0,0
CRJ_MV,D,20210609,000000,580.461,588.469,580.461,587.236,0,0
CRJ_MV,D,20210610,000000,587.852,587.852,565.052,569.986,0,0
CRJ_MV,D,20210611,000000,569.986,569.986,529.927,552.111,0,0
CRJ_MV,D,20210614,000000,566.286,579.228,566.286,569.986,0,0
CRJ_MV,D,20210615,000000,577.377,581.694,569.986,575.527,0,0
CRJ_MV,D,20210616,000000,583.544,583.544,560.744,569.369,0,0
CRJ_MV,D,20210617,000000,572.452,572.452,555.811,558.277,0,0
CRJ_MV,D,20210618,000000,558.894,565.669,554.577,562.595,0,0
CRJ_MV,D,20210621,000000,554.577,554.577,533.627,544.102,0,0
CRJ_MV,D,20210622,000000,546.569,546.569,518.844,526.235,0,0
CRJ_MV,D,20210623,000000,523.769,523.769,497.268,504.669,0,0
CRJ_MV,D,20210624,000000,499.735,517.611,496.044,507.136,0,0
CRJ_MV,D,20210625,000000,505.286,508.977,497.885,501.585,0,0
CRJ_MV,D,20210628,000000,502.203,504.052,493.577,496.044,0,0
CRJ_MV,D,20210629,000000,494.194,496.66,476.319,491.111,0,0
CRJ_MV,D,20210630,000000,491.111,497.268,472.011,489.877,0,0
CRJ_MV,D,20210701,000000,489.877,508.977,488.026,502.203,0,0
CRJ_MV,D,20210702,000000,497.268,502.203,497.268,498.502,0,0
CRJ_MV,D,20210705,000000,499.118,519.451,491.111,519.451,0,0
CRJ_MV,D,20210706,000000,521.919,536.094,517.611,525.619,0,0
CRJ_MV,D,20210707,000000,523.769,525.619,518.844,522.536,0,0
CRJ_MV,D,20210708,000000,520.069,523.769,512.677,516.994,0,0
CRJ_MV,D,20210709,000000,511.444,523.769,508.36,523.769,0,0
CRJ_MV,D,20210712,000000,523.769,534.244,516.378,533.627,0,0
CRJ_MV,D,20210713,000000,534.244,543.485,533.627,541.019,0,0
CRJ_MV,D,20210714,000000,536.094,545.335,524.386,524.386,0,0
CRJ_MV,D,20210715,000000,524.386,524.386,505.286,512.06,0,0
CRJ_MV,D,20210716,000000,520.686,523.769,511.444,515.761,0,0
CRJ_MV,D,20210719,000000,508.977,512.06,494.81,496.66,0,0
CRJ_MV,D,20210720,000000,498.502,502.203,479.402,497.885,0,0
CRJ_MV,D,20210721,000000,497.268,497.885,480.635,483.102,0,0
CRJ_MV,D,20210722,000000,488.644,499.118,485.569,499.118,0,0
CRJ_MV,D,20210723,000000,499.118,499.118,476.935,476.935,0,0
CRJ_MV,D,20210726,000000,476.935,481.252,475.094,480.019,0,0
CRJ_MV,D,20210727,000000,483.102,489.877,474.477,477.552,0,0
CRJ_MV,D,20210728,000000,480.635,480.635,469.543,472.011,0,0
CRJ_MV,D,20210729,000000,483.719,483.719,438.735,438.735,0,0
CRJ_MV,D,20210730,000000,446.744,449.21,441.819,442.436,0,0
CRJ_MV,D,20210802,000000,434.418,480.635,434.418,480.635,0,0
CRJ_MV,D,20210803,000000,475.702,489.877,452.911,454.135,0,0
CRJ_MV,D,20210804,000000,457.219,457.219,446.744,452.911,0,0
CRJ_MV,D,20210805,000000,453.518,468.31,446.744,468.31,0,0
CRJ_MV,D,20210806,000000,468.927,473.244,456.601,466.46,0,0
CRJ_MV,D,20210809,000000,458.452,474.477,458.452,470.16,0,0
CRJ_MV,D,20210810,000000,470.777,473.861,462.152,468.31,0,0
CRJ_MV,D,20210811,000000,462.769,465.843,462.152,465.843,0,0
CRJ_MV,D,20210812,000000,464.002,492.344,464.002,474.477,0,0
CRJ_MV,D,20210813,000000,468.31,477.552,467.693,477.552,0,0
CRJ_MV,D,20210816,000000,483.102,486.793,473.244,486.793,0,0
CRJ_MV,D,20210817,000000,480.635,480.635,463.385,474.477,0,0
CRJ_MV,D,20210818,000000,475.702,475.702,462.769,467.077,0,0
CRJ_MV,D,20210819,000000,462.769,476.935,451.06,476.935,0,0
CRJ_MV,D,20210820,000000,469.543,474.477,468.927,473.861,0,0
CRJ_MV,D,20210823,000000,470.777,482.485,460.919,472.011,0,0
CRJ_MV,D,20210824,000000,480.635,483.719,472.627,477.552,0,0
CRJ_MV,D,20210825,000000,472.011,479.402,462.152,479.402,0,0
CRJ_MV,D,20210826,000000,480.635,480.635,462.152,479.402,0,0
CRJ_MV,D,20210827,000000,465.843,475.702,463.385,465.227,0,0
CRJ_MV,D,20210830,000000,468.31,473.244,458.452,473.244,0,0
CRJ_MV,D,20210831,000000,472.011,473.861,462.152,472.627,0,0
CRJ_MV,D,20210901,000000,465.843,466.46,453.518,459.685,0,0
CRJ_MV,D,20210902,000000,454.751,465.227,453.518,462.769,0,0
CRJ_MV,D,20210903,000000,462.769,462.769,455.985,457.219,0,0
CRJ_MV,D,20210906,000000,454.751,465.227,446.744,465.227,0,0
CRJ_MV,D,20210907,000000,462.152,464.61,455.368,459.685,0,0
CRJ_MV,D,20210908,000000,454.751,455.985,447.977,449.827,0,0
CRJ_MV,D,20210909,000000,450.443,455.368,449.827,455.368,0,0
CRJ_MV,D,20210910,000000,455.368,458.452,448.593,458.452,0,0
CRJ_MV,D,20210913,000000,455.368,456.601,447.36,453.518,0,0
CRJ_MV,D,20210914,000000,454.135,461.535,439.969,461.535,0,0
CRJ_MV,D,20210915,000000,462.152,462.152,451.677,457.219,0,0
CRJ_MV,D,20210916,000000,455.985,455.985,444.894,454.135,0,0
CRJ_MV,D,20210917,000000,447.977,454.135,443.66,453.518,0,0
CRJ_MV,D,20210920,000000,444.894,449.827,431.344,449.827,0,0
CRJ_MV,D,20210921,000000,444.277,444.277,424.56,431.344,0,0
CRJ_MV,D,20210922,000000,431.344,443.043,431.344,432.568,0,0
CRJ_MV,D,20210923,000000,436.268,460.919,434.418,460.919,0,0
CRJ_MV,D,20210924,000000,454.751,454.751,441.202,449.827,0,0
CRJ_MV,D,20210927,000000,455.985,455.985,441.202,452.911,0,0
CRJ_MV,D,20210928,000000,455.368,455.368,443.66,454.135,0,0
CRJ_MV,D,20210929,000000,454.751,454.751,443.66,449.21,0,0
CRJ_MV,D,20210930,000000,442.436,449.827,438.735,449.827,0,0
CRJ_MV,D,20211001,000000,442.436,459.069,434.418,455.368,0,0
CRJ_MV,D,20211004,000000,455.368,471.394,445.51,463.385,0,0
CRJ_MV,D,20211005,000000,467.077,467.077,435.035,454.751,0,0
CRJ_MV,D,20211006,000000,447.36,447.36,441.819,447.36,0,0
CRJ_MV,D,20211007,000000,443.66,448.593,439.969,443.66,0,0
CRJ_MV,D,20211008,000000,442.436,455.368,442.436,455.368,0,0
CRJ_MV,D,20211011,000000,455.368,455.368,441.819,443.66,0,0
CRJ_MV,D,20211012,000000,445.51,445.51,429.494,429.494,0,0
CRJ_MV,D,20211013,000000,429.494,436.268,427.644,431.344,0,0
CRJ_MV,D,20211014,000000,431.344,433.802,419.635,431.344,0,0
CRJ_MV,D,20211015,000000,430.727,430.727,420.252,427.644,0,0
CRJ_MV,D,20211018,000000,425.794,425.794,416.552,422.093,0,0
CRJ_MV,D,20211019,000000,420.252,420.86,413.469,420.86,0,0
CRJ_MV,D,20211020,000000,420.86,433.802,414.085,432.568,0,0
CRJ_MV,D,20211021,000000,432.568,449.827,432.568,448.593,0,0
CRJ_MV,D,20211022,000000,448.593,452.294,438.735,452.294,0,0
CRJ_MV,D,20211025,000000,452.294,452.294,440.586,449.827,0,0
CRJ_MV,D,20211026,000000,446.744,448.593,441.819,447.977,0,0
CRJ_MV,D,20211027,000000,449.21,449.21,428.26,441.819,0,0
CRJ_MV,D,20211028,000000,440.586,445.51,431.952,444.894,0,0
CRJ_MV,D,20211029,000000,439.969,449.827,431.952,449.827,0,0
CRJ_MV,D,20211102,000000,439.352,444.894,435.035,444.277,0,0
CRJ_MV,D,20211103,000000,439.352,443.66,433.802,443.66,0,0
CRJ_MV,D,20211104,000000,439.969,449.827,438.735,449.827,0,0
CRJ_MV,D,20211105,000000,446.744,460.919,445.51,460.919,0,0
CRJ_MV,D,20211108,000000,460.302,474.477,460.302,468.927,0,0
CRJ_MV,D,20211109,000000,468.927,469.543,460.919,465.843,0,0
CRJ_MV,D,20211110,000000,465.843,465.843,454.135,458.452,0,0
CRJ_MV,D,20211112,000000,450.443,462.152,450.443,462.152,0,0
CRJ_MV,D,20211115,000000,461.535,468.31,458.452,462.152,0,0
CRJ_MV,D,20211116,000000,463.385,489.261,463.385,473.861,0,0
CRJ_MV,D,20211117,000000,474.477,480.635,468.927,470.777,0,0
CRJ_MV,D,20211118,000000,471.394,504.669,456.601,504.669,0,0
CRJ_MV,D,20211119,000000,505.286,505.286,484.953,484.953,0,0
CRJ_MV,D,20211122,000000,484.953,498.502,475.702,488.026,0,0
CRJ_MV,D,20211123,000000,485.569,485.569,460.919,479.402,0,0
CRJ_MV,D,20211124,000000,479.402,486.793,464.61,486.793,0,0
CRJ_MV,D,20211125,000000,486.793,489.261,473.861,489.261,0,0
CRJ_MV,D,20211126,000000,480.019,480.019,464.61,477.552,0,0
CRJ_MV,D,20211129,000000,477.552,488.644,472.627,488.644,0,0
CRJ_MV,D,20211130,000000,483.719,483.719,477.552,479.402,0,0
CRJ_MV,D,20211201,000000,481.868,489.261,480.019,489.261,0,0
CRJ_MV,D,20211202,000000,489.261,494.81,483.719,492.344,0,0
CRJ_MV,D,20211203,000000,492.96,499.118,488.644,499.118,0,0
CRJ_MV,D,20211206,000000,499.118,502.203,493.577,499.118,0,0
CRJ_MV,D,20211207,000000,499.118,499.118,490.494,492.96,0,0
CRJ_MV,D,20211208,000000,491.111,494.81,488.644,489.877,0,0
CRJ_MV,D,20211209,000000,496.66,496.66,486.186,486.186,0,0
CRJ_MV,D,20211210,000000,486.186,486.186,468.927,472.627,0,0
CRJ_MV,D,20211213,000000,475.702,489.261,462.152,489.261,0,0
CRJ_MV,D,20211214,000000,486.793,486.793,472.627,484.953,0,0
CRJ_MV,D,20211215,000000,484.953,486.793,464.002,470.777,0,0
CRJ_MV,D,20211216,000000,462.152,476.935,462.152,468.31,0,0
CRJ_MV,D,20211217,000000,468.927,472.011,456.601,462.152,0,0
CRJ_MV,D,20211220,000000,455.985,467.077,449.827,467.077,0,0
CRJ_MV,D,20211221,000000,467.077,474.477,459.069,474.477,0,0
CRJ_MV,D,20211222,000000,474.477,474.477,464.61,467.077,0,0
CRJ_MV,D,20211223,000000,467.077,474.477,446.127,474.477,0,0
CRJ_MV,D,20211227,000000,474.477,474.477,459.685,462.152,0,0
CRJ_MV,D,20211228,000000,462.152,465.227,452.911,460.302,0,0
CRJ_MV,D,20211229,000000,459.069,474.477,455.368,474.477,0,0
CRJ_MV,D,20211230,000000,473.244,489.877,468.927,489.877,0,0
CRJ_MV,D,20220103,000000,489.877,500.352,489.877,492.344,0,0
CRJ_MV,D,20220104,000000,492.96,498.502,492.344,494.194,0,0
CRJ_MV,D,20220105,000000,492.96,492.96,485.569,488.644,0,0
CRJ_MV,D,20220107,000000,488.026,496.66,483.719,495.427,0,0
CRJ_MV,D,20220110,000000,497.885,519.451,497.885,511.444,0,0
CRJ_MV,D,20220111,000000,515.143,522.536,512.677,521.302,0,0
CRJ_MV,D,20220112,000000,523.769,526.852,515.143,519.451,0,0
CRJ_MV,D,20220113,000000,519.451,526.235,507.752,519.451,0,0
CRJ_MV,D,20220114,000000,519.451,525.002,518.228,520.686,0,0
CRJ_MV,D,20220117,000000,517.611,521.919,511.444,520.069,0,0
CRJ_MV,D,20220118,000000,520.069,537.327,511.444,529.32,0,0
CRJ_MV,D,20220119,000000,526.235,526.852,511.444,517.611,0,0
CRJ_MV,D,20220120,000000,511.444,517.611,505.902,505.902,0,0
CRJ_MV,D,20220121,000000,505.286,505.286,490.494,493.577,0,0
CRJ_MV,D,20220124,000000,492.96,494.81,462.769,469.543,0,0
CRJ_MV,D,20220125,000000,471.394,485.569,469.543,473.861,0,0
CRJ_MV,D,20220126,000000,472.011,482.485,471.394,474.477,0,0
CRJ_MV,D,20220127,000000,468.31,474.477,462.152,464.002,0,0
CRJ_MV,D,20220128,000000,462.152,464.61,457.836,462.152,0,0
CRJ_MV,D,20220131,000000,462.152,484.336,462.152,476.935,0,0
CRJ_MV,D,20220201,000000,483.719,499.118,479.402,486.793,0,0
CRJ_MV,D,20220202,000000,488.026,498.502,486.186,489.877,0,0
CRJ_MV,D,20220203,000000,493.577,514.527,486.793,499.118,0,0
CRJ_MV,D,20220204,000000,504.052,504.052,481.252,489.877,0,0
CRJ_MV,D,20220207,000000,489.877,491.111,480.019,486.186,0,0
CRJ_MV,D,20220208,000000,485.569,491.111,483.102,489.261,0,0
CRJ_MV,D,20220209,000000,480.635,500.968,480.635,497.268,0,0
CRJ_MV,D,20220210,000000,497.268,497.885,488.644,497.268,0,0
CRJ_MV,D,20220211,000000,496.66,503.436,492.96,498.502,0,0
CRJ_MV,D,20220214,000000,491.727,491.727,473.244,482.485,0,0
CRJ_MV,D,20220215,000000,480.635,501.585,478.785,497.885,0,0
CRJ_MV,D,20220216,000000,502.203,502.203,492.96,496.044,0,0
CRJ_MV,D,20220217,000000,496.66,498.502,478.785,478.785,0,0
CRJ_MV,D,20220218,000000,477.552,481.868,462.152,462.152,0,0
CRJ_MV,D,20220221,000000,463.385,464.002,447.977,455.368,0,0
CRJ_MV,D,20220222,000000,446.744,488.026,446.744,486.186,0,0
CRJ_MV,D,20220223,000000,490.494,498.502,475.702,475.702,0,0
CRJ_MV,D,20220224,000000,449.827,461.535,430.727,447.36,0,0
CRJ_MV,D,20220225,000000,447.36,467.077,442.436,464.61,0,0
CRJ_MV,D,20220228,000000,461.535,480.019,454.751,474.477,0,0
CRJ_MV,D,20220301,000000,477.552,477.552,455.985,459.069,0,0
CRJ_MV,D,20220302,000000,456.601,459.069,440.586,450.443,0,0
CRJ_MV,D,20220303,000000,450.443,452.294,443.66,448.593,0,0
CRJ_MV,D,20220304,000000,443.66,443.66,424.56,427.644,0,0
CRJ_MV,D,20220307,000000,419.018,425.177,394.369,411.618,0,0
CRJ_MV,D,20220308,000000,401.76,421.476,396.835,396.835,0,0
CRJ_MV,D,20220309,000000,412.852,427.027,411.618,425.177,0,0
CRJ_MV,D,20220310,000000,426.41,436.885,423.943,425.794,0,0
CRJ_MV,D,20220311,000000,425.794,431.344,425.794,430.11,0,0
CRJ_MV,D,20220314,000000,430.11,433.185,422.71,423.943,0,0
CRJ_MV,D,20220315,000000,428.26,431.344,413.469,431.344,0,0
CRJ_MV,D,20220316,000000,430.727,440.586,419.635,428.877,0,0
CRJ_MV,D,20220317,000000,431.344,439.969,421.476,439.969,0,0
CRJ_MV,D,20220318,000000,435.035,437.501,425.177,431.344,0,0
CRJ_MV,D,20220321,000000,427.027,438.735,423.326,438.735,0,0
CRJ_MV,D,20220322,000000,437.501,447.977,432.568,443.66,0,0
CRJ_MV,D,20220323,000000,444.894,453.518,437.501,437.501,0,0
CRJ_MV,D,20220324,000000,437.501,449.21,431.952,449.21,0,0
CRJ_MV,D,20220325,000000,444.277,454.751,444.277,454.751,0,0
CRJ_MV,D,20220328,000000,454.751,454.751,439.352,449.827,0,0
CRJ_MV,D,20220329,000000,449.21,452.911,441.202,441.202,0,0
CRJ_MV,D,20220330,000000,443.66,448.593,441.202,441.202,0,0
CRJ_MV,D,20220331,000000,440.586,440.586,431.952,435.652,0,0
CRJ_MV,D,20220401,000000,434.418,452.294,430.727,452.294,0,0
CRJ_MV,D,20220404,000000,451.677,451.677,440.586,449.827,0,0
CRJ_MV,D,20220405,000000,448.593,453.518,443.66,453.518,0,0
CRJ_MV,D,20220406,000000,454.135,454.135,435.035,445.51,0,0
CRJ_MV,D,20220407,000000,437.501,449.827,433.185,449.827,0,0
CRJ_MV,D,20220408,000000,444.894,461.535,437.501,461.535,0,0
CRJ_MV,D,20220411,000000,486.793,486.793,449.827,456.601,0,0
CRJ_MV,D,20220412,000000,456.601,456.601,437.501,446.127,0,0
CRJ_MV,D,20220413,000000,440.586,441.819,432.568,438.118,0,0
CRJ_MV,D,20220414,000000,437.501,439.969,430.727,439.969,0,0
CRJ_MV,D,20220419,000000,438.735,438.735,427.644,435.035,0,0
CRJ_MV,D,20220420,000000,431.344,431.344,420.252,425.177,0,0
CRJ_MV,D,20220421,000000,422.093,430.727,416.552,419.635,0,0
CRJ_MV,D,20220422,000000,419.635,431.344,414.085,431.344,0,0
CRJ_MV,D,20220425,000000,414.085,423.943,404.843,423.943,0,0
CRJ_MV,D,20220426,000000,416.552,423.326,404.226,411.618,0,0
CRJ_MV,D,20220427,000000,404.226,418.402,400.527,418.402,0,0
CRJ_MV,D,20220428,000000,412.235,417.168,401.76,401.76,0,0
CRJ_MV,D,20220429,000000,406.076,419.018,393.752,419.018,0,0
CRJ_MV,D,20220502,000000,405.46,419.018,398.685,417.168,0,0
CRJ_MV,D,20220504,000000,418.402,418.402,406.693,407.311,0,0
CRJ_MV,D,20220505,000000,410.384,417.168,401.76,412.852,0,0
CRJ_MV,D,20220506,000000,406.693,411.618,394.985,409.161,0,0
CRJ_MV,D,20220509,000000,401.143,406.693,393.135,399.91,0,0
CRJ_MV,D,20220510,000000,399.293,399.91,383.893,391.285,0,0
CRJ_MV,D,20220511,000000,393.752,393.752,383.893,385.743,0,0
CRJ_MV,D,20220512,000000,381.427,381.427,362.327,363.56,0,0
CRJ_MV,D,20220513,000000,364.794,369.102,355.543,367.252,0,0
CRJ_MV,D,20220516,000000,364.794,366.635,348.151,353.702,0,0
CRJ_MV,D,20220517,000000,352.468,365.41,348.151,358.01,0,0
CRJ_MV,D,20220518,000000,358.626,371.568,354.318,369.718,0,0
CRJ_MV,D,20220519,000000,363.56,363.56,354.935,358.626,0,0
CRJ_MV,D,20220520,000000,357.393,374.035,352.468,373.418,0,0
CRJ_MV,D,20220523,000000,372.801,388.818,372.801,378.343,0,0
CRJ_MV,D,20220524,000000,378.343,378.343,360.476,362.327,0,0
CRJ_MV,D,20220525,000000,361.093,361.093,345.068,357.393,0,0
CRJ_MV,D,20220526,000000,354.318,367.252,342.61,367.252,0,0
CRJ_MV,D,20220527,000000,360.476,372.801,356.16,364.794,0,0
CRJ_MV,D,20220530,000000,358.01,392.518,358.01,391.901,0,0
CRJ_MV,D,20220531,000000,379.576,404.843,379.576,400.527,0,0
CRJ_MV,D,20220601,000000,405.46,405.46,390.051,394.369,0,0
CRJ_MV,D,20220602,000000,396.219,398.685,374.035,374.035,0,0
CRJ_MV,D,20220603,000000,366.635,375.268,346.918,356.776,0,0
CRJ_MV,D,20220606,000000,352.468,360.476,346.918,360.476,0,0
CRJ_MV,D,20220607,000000,356.16,367.868,355.543,365.41,0,0
CRJ_MV,D,20220608,000000,366.635,366.635,351.235,355.543,0,0
CRJ_MV,D,20220609,000000,354.935,356.776,345.068,345.068,0,0
CRJ_MV,D,20220610,000000,341.993,344.451,330.902,332.752,0,0
CRJ_MV,D,20220613,000000,320.427,332.135,305.018,305.018,0,0
CRJ_MV,D,20220614,000000,308.101,313.643,305.018,313.643,0,0
CRJ_MV,D,20220615,000000,313.026,313.026,303.168,310.568,0,0
CRJ_MV,D,20220617,000000,302.551,310.568,301.934,306.868,0,0
CRJ_MV,D,20220620,000000,311.056,314.913,305.255,313.311,0,0
CRJ_MV,D,20220621,000000,314.269,319.425,313.634,318.136,0,0
CRJ_MV,D,20220622,000000,316.525,316.525,302.677,309.122,0,0
CRJ_MV,D,20220623,000000,302.677,318.136,302.677,318.136,0,0
CRJ_MV,D,20220624,000000,318.136,319.747,307.188,318.458,0,0
CRJ_MV,D,20220627,000000,320.714,327.15,315.558,319.747,0,0
CRJ_MV,D,20220628,000000,321.359,321.359,312.345,314.913,0,0
CRJ_MV,D,20220629,000000,312.989,313.956,309.122,313.311,0,0
CRJ_MV,D,20220630,000000,309.122,312.989,307.833,307.833,0,0
CRJ_MV,D,20220701,000000,302.677,307.188,298.819,302.677,0,0
CRJ_MV,D,20220704,000000,302.677,302.677,296.241,298.174,0,0
CRJ_MV,D,20220705,000000,302.041,302.041,285.615,288.193,0,0
CRJ_MV,D,20220706,000000,287.871,293.663,285.938,287.871,0,0
CRJ_MV,D,20220707,000000,285.293,291.094,285.293,289.482,0,0
CRJ_MV,D,20220708,000000,291.094,314.913,291.094,314.913,0,0
CRJ_MV,D,20220711,000000,314.913,344.543,314.913,334.884,0,0
CRJ_MV,D,20220712,000000,334.884,334.884,309.122,331.017,0,0
CRJ_MV,D,20220713,000000,330.373,346.477,329.728,346.477,0,0
CRJ_MV,D,20220714,000000,347.121,347.766,339.387,343.898,0,0
CRJ_MV,D,20220715,000000,347.766,374.808,347.766,369.016,0,0
CRJ_MV,D,20220718,000000,372.23,376.097,367.083,369.661,0,0
CRJ_MV,D,20220719,000000,372.874,378.675,367.083,371.585,0,0
CRJ_MV,D,20220720,000000,377.386,377.386,365.794,369.661,0,0
CRJ_MV,D,20220721,000000,367.083,378.675,367.083,378.675,0,0
CRJ_MV,D,20220722,000000,381.253,408.94,381.253,402.504,0,0
CRJ_MV,D,20220725,000000,402.504,405.082,396.059,396.059,0,0
CRJ_MV,D,20220726,000000,400.57,400.57,361.282,362.571,0,0
CRJ_MV,D,20220727,000000,367.083,376.741,367.083,375.452,0,0
CRJ_MV,D,20220728,000000,379.32,380.609,374.808,374.808,0,0
CRJ_MV,D,20220729,000000,382.533,396.059,374.808,396.059,0,0
CRJ_MV,D,20220801,000000,396.059,396.059,387.689,394.77,0,0
CRJ_MV,D,20220802,000000,395.414,416.674,395.414,416.674,0,0
CRJ_MV,D,20220803,000000,416.674,457.242,416.674,444.361,0,0
CRJ_MV,D,20220804,000000,449.517,449.517,427.622,434.702,0,0
CRJ_MV,D,20220805,000000,434.702,437.925,431.48,437.281,0,0
CRJ_MV,D,20220808,000000,436.636,436.636,412.163,412.163,0,0
CRJ_MV,D,20220809,000000,418.598,425.044,407.006,414.741,0,0
CRJ_MV,D,20220810,000000,416.674,416.674,395.414,405.082,0,0
CRJ_MV,D,20220811,000000,396.703,433.413,396.703,425.044,0,0
CRJ_MV,D,20220812,000000,430.191,430.191,413.452,414.741,0,0
CRJ_MV,D,20220816,000000,415.385,417.954,405.717,408.295,0,0
CRJ_MV,D,20220817,000000,418.598,432.769,418.598,423.755,0,0
CRJ_MV,D,20220818,000000,423.11,434.058,423.11,425.044,0,0
CRJ_MV,D,20220819,000000,434.702,434.702,425.044,425.044,0,0
CRJ_MV,D,20220822,000000,426.333,430.191,400.57,400.57,0,0
CRJ_MV,D,20220823,000000,402.504,410.229,400.57,407.006,0,0
CRJ_MV,D,20220824,000000,399.926,407.651,389.623,399.281,0,0
CRJ_MV,D,20220825,000000,399.281,410.229,391.556,391.556,0,0
CRJ_MV,D,20220826,000000,390.912,395.414,387.045,392.201,0,0
CRJ_MV,D,20220829,000000,394.125,394.125,378.031,392.845,0,0
CRJ_MV,D,20220830,000000,392.845,398.637,369.016,379.964,0,0
CRJ_MV,D,20220831,000000,379.964,385.111,379.964,385.111,0,0
CRJ_MV,D,20220901,000000,386.4,393.49,386.4,388.978,0,0
CRJ_MV,D,20220902,000000,388.978,415.385,388.978,407.006,0,0
CRJ_MV,D,20220905,000000,405.717,407.006,399.281,403.149,0,0
CRJ_MV,D,20220906,000000,401.215,417.954,401.215,417.954,0,0
CRJ_MV,D,20220907,000000,411.518,421.821,411.518,421.821,0,0
CRJ_MV,D,20220908,000000,423.755,423.755,407.651,416.03,0,0
CRJ_MV,D,20220909,000000,416.674,418.598,412.163,412.163,0,0
CRJ_MV,D,20220912,000000,406.362,412.163,396.703,399.281,0,0
CRJ_MV,D,20220913,000000,399.926,400.57,392.201,394.125,0,0
CRJ_MV,D,20220914,000000,387.045,393.49,387.045,392.845,0,0
CRJ_MV,D,20220915,000000,392.201,392.845,383.822,383.822,0,0
CRJ_MV,D,20220916,000000,392.201,392.201,385.111,390.912,0,0
CRJ_MV,D,20220919,000000,390.912,390.912,385.111,388.978,0,0
CRJ_MV,D,20220920,000000,388.334,389.623,363.86,383.822,0,0
CRJ_MV,D,20220921,000000,378.675,386.4,364.505,386.4,0,0
CRJ_MV,D,20220922,000000,377.386,385.755,367.727,383.177,0,0
CRJ_MV,D,20220923,000000,384.466,398.637,379.964,398.637,0,0
CRJ_MV,D,20220926,000000,392.845,397.348,370.306,397.348,0,0
CRJ_MV,D,20220927,000000,394.77,394.77,392.845,394.77,0,0
CRJ_MV,D,20220928,000000,389.623,393.49,380.609,393.49,0,0
CRJ_MV,D,20220929,000000,393.49,408.94,381.253,385.111,0,0
CRJ_MV,D,20220930,000000,386.4,397.348,386.4,391.556,0,0
CRJ_MV,D,20221003,000000,389.623,391.556,379.964,391.556,0,0
CRJ_MV,D,20221004,000000,391.556,397.348,382.533,387.689,0,0
CRJ_MV,D,20221005,000000,396.703,401.215,368.372,386.4,0,0
CRJ_MV,D,20221006,000000,386.4,388.334,380.609,386.4,0,0
CRJ_MV,D,20221007,000000,391.556,391.556,374.808,390.267,0,0
CRJ_MV,D,20221010,000000,387.689,396.059,387.045,392.845,0,0
CRJ_MV,D,20221011,000000,388.978,392.845,380.609,392.845,0,0
CRJ_MV,D,20221012,000000,394.77,402.504,389.623,396.703,0,0
CRJ_MV,D,20221013,000000,397.992,398.637,390.267,392.845,0,0
CRJ_MV,D,20221014,000000,397.348,399.926,392.845,397.348,0,0
CRJ_MV,D,20221017,000000,399.926,402.504,386.4,391.556,0,0
CRJ_MV,D,20221018,000000,395.414,408.94,394.77,407.006,0,0
CRJ_MV,D,20221019,000000,401.215,415.385,392.201,394.77,0,0
CRJ_MV,D,20221020,000000,400.57,400.57,381.898,390.912,0,0
CRJ_MV,D,20221021,000000,383.177,390.267,383.177,389.623,0,0
CRJ_MV,D,20221024,000000,391.556,399.281,382.533,390.267,0,0
CRJ_MV,D,20221025,000000,390.267,392.845,388.978,392.845,0,0
CRJ_MV,D,20221026,000000,388.334,392.845,367.083,379.964,0,0
CRJ_MV,D,20221027,000000,380.609,386.4,378.675,385.111,0,0
CRJ_MV,D,20221028,000000,386.4,392.845,385.755,392.201,0,0
CRJ_MV,D,20221031,000000,390.912,392.201,383.177,392.201,0,0
CRJ_MV,D,20221102,000000,386.4,399.281,386.4,399.281,0,0
CRJ_MV,D,20221103,000000,392.845,412.807,388.978,401.215,0,0
CRJ_MV,D,20221104,000000,414.741,418.598,406.362,415.385,0,0
CRJ_MV,D,20221107,000000,418.598,418.598,399.926,408.94,0,0
CRJ_MV,D,20221108,000000,405.082,408.94,394.77,397.348,0,0
CRJ_MV,D,20221109,000000,407.651,417.954,403.793,417.954,0,0
CRJ_MV,D,20221110,000000,415.385,415.385,394.77,414.096,0,0
CRJ_MV,D,20221114,000000,420.532,434.058,416.03,423.755,0,0
CRJ_MV,D,20221115,000000,425.044,426.333,413.452,421.821,0,0
CRJ_MV,D,20221116,000000,421.821,422.466,407.006,411.518,0,0
CRJ_MV,D,20221117,000000,404.438,415.385,403.149,409.584,0,0
CRJ_MV,D,20221118,000000,409.584,419.888,409.584,419.888,0,0
CRJ_MV,D,20221121,000000,417.954,425.044,407.651,425.044,0,0
CRJ_MV,D,20221122,000000,418.598,426.333,416.674,418.598,0,0
CRJ_MV,D,20221123,000000,417.309,427.622,417.309,425.044,0,0
CRJ_MV,D,20221124,000000,425.044,425.044,401.859,417.954,0,0
CRJ_MV,D,20221125,000000,418.598,421.821,414.741,418.598,0,0
CRJ_MV,D,20221128,000000,422.466,424.399,415.385,421.821,0,0
CRJ_MV,D,20221129,000000,423.755,423.755,414.096,421.821,0,0
CRJ_MV,D,20221130,000000,421.821,436.636,418.598,436.636,0,0
CRJ_MV,D,20221201,000000,444.361,457.242,439.849,455.953,0,0
CRJ_MV,D,20221202,000000,455.953,457.242,447.584,454.02,0,0
CRJ_MV,D,20221205,000000,455.953,472.702,454.02,460.465,0,0
CRJ_MV,D,20221206,000000,461.109,463.678,450.806,450.806,0,0
CRJ_MV,D,20221207,000000,450.162,450.806,445.65,450.162,0,0
CRJ_MV,D,20221208,000000,450.162,450.806,446.295,449.517,0,0
CRJ_MV,D,20221209,000000,450.806,454.664,445.006,452.086,0,0
CRJ_MV,D,20221212,000000,453.375,454.02,447.584,452.086,0,0
CRJ_MV,D,20221213,000000,450.806,469.479,446.939,464.967,0,0
CRJ_MV,D,20221214,000000,469.479,470.124,463.678,464.967,0,0
CRJ_MV,D,20221215,000000,460.465,467.545,450.806,450.806,0,0
CRJ_MV,D,20221216,000000,450.806,450.806,445.65,450.162,0,0
CRJ_MV,D,20221219,000000,449.517,449.517,444.361,448.228,0,0
CRJ_MV,D,20221220,000000,448.228,463.034,441.783,463.034,0,0
CRJ_MV,D,20221221,000000,454.02,463.034,451.441,453.375,0,0
CRJ_MV,D,20221222,000000,451.441,454.664,438.57,441.138,0,0
CRJ_MV,D,20221223,000000,441.783,448.873,441.138,444.361,0,0
CRJ_MV,D,20221227,000000,439.849,444.361,437.281,441.783,0,0
CRJ_MV,D,20221228,000000,441.138,444.361,437.281,441.783,0,0
CRJ_MV,D,20221229,000000,444.361,446.939,428.902,444.361,0,0
CRJ_MV,D,20221230,000000,438.57,450.806,438.57,450.806,0,0
CRJ_MV,D,20230102,000000,446.939,455.953,432.769,441.783,0,0
CRJ_MV,D,20230103,000000,441.783,449.517,441.783,449.517,0,0
CRJ_MV,D,20230104,000000,450.162,465.612,447.584,465.612,0,0
CRJ_MV,D,20230105,000000,459.176,462.399,455.309,460.465,0,0
CRJ_MV,D,20230109,000000,463.034,479.138,461.754,479.138,0,0
CRJ_MV,D,20230110,000000,479.138,508.758,466.901,508.758,0,0
CRJ_MV,D,20230111,000000,511.981,513.27,496.531,505.545,0,0
CRJ_MV,D,20230112,000000,505.545,515.203,499.744,502.322,0,0
CRJ_MV,D,20230113,000000,508.123,513.914,505.545,513.914,0,0
CRJ_MV,D,20230116,000000,514.559,516.492,508.758,511.981,0,0
CRJ_MV,D,20230117,000000,508.758,508.758,490.73,490.73,0,0
CRJ_MV,D,20230118,000000,492.663,498.455,479.782,498.455,0,0
CRJ_MV,D,20230119,000000,495.241,501.677,489.441,499.744,0,0
CRJ_MV,D,20230120,000000,501.033,521.639,496.531,517.781,0,0
CRJ_MV,D,20230123,000000,519.705,537.099,509.402,526.151,0,0
CRJ_MV,D,20230124,000000,517.137,521.639,503.611,505.545,0,0
CRJ_MV,D,20230125,000000,499.744,526.795,495.886,524.217,0,0
CRJ_MV,D,20230126,000000,525.506,525.506,510.691,515.203,0,0
CRJ_MV,D,20230127,000000,513.914,527.44,513.914,527.44,0,0
CRJ_MV,D,20230130,000000,530.663,540.321,529.374,537.743,0,0
CRJ_MV,D,20230131,000000,537.743,546.113,515.848,546.113,0,0
CRJ_MV,D,20230201,000000,544.179,544.179,522.928,524.217,0,0
CRJ_MV,D,20230202,000000,528.084,533.231,518.426,531.298,0,0
CRJ_MV,D,20230203,000000,530.663,536.454,528.729,532.587,0,0
CRJ_MV,D,20230206,000000,530.018,534.52,521.639,524.862,0,0
CRJ_MV,D,20230207,000000,522.284,524.217,510.047,513.914,0,0
CRJ_MV,D,20230208,000000,515.203,518.426,510.691,510.691,0,0
CRJ_MV,D,20230209,000000,515.203,518.426,511.336,515.203,0,0
CRJ_MV,D,20230210,000000,511.981,511.981,502.322,505.545,0,0
CRJ_MV,D,20230213,000000,504.256,511.336,490.085,490.085,0,0
CRJ_MV,D,20230214,000000,495.886,501.677,493.952,495.886,0,0
CRJ_MV,D,20230215,000000,496.531,507.478,496.531,506.189,0,0
CRJ_MV,D,20230216,000000,511.336,511.981,495.886,511.981,0,0
CRJ_MV,D,20230217,000000,513.914,514.559,506.834,514.559,0,0
CRJ_MV,D,20230220,000000,508.758,513.914,508.758,513.914,0,0
CRJ_MV,D,20230221,000000,508.758,512.625,502.322,511.981,0,0
CRJ_MV,D,20230222,000000,506.189,511.336,496.531,511.336,0,0
CRJ_MV,D,20230223,000000,508.758,511.336,503.611,511.336,0,0
CRJ_MV,D,20230224,000000,512.625,515.203,510.047,513.27,0,0
CRJ_MV,D,20230227,000000,514.559,521.639,507.478,521.639,0,0
CRJ_MV,D,20230228,000000,520.995,527.44,515.203,520.995,0,0
CRJ_MV,D,20230301,000000,522.284,522.928,515.848,521.639,0,0
CRJ_MV,D,20230302,000000,521.639,523.573,515.848,523.573,0,0
CRJ_MV,D,20230303,000000,524.217,525.506,515.203,520.35,0,0
CRJ_MV,D,20230306,000000,511.336,520.35,511.336,516.492,0,0
CRJ_MV,D,20230307,000000,516.492,526.795,516.492,521.639,0,0
CRJ_MV,D,20230308,000000,521.639,524.862,517.137,524.862,0,0
CRJ_MV,D,20230309,000000,526.151,540.966,521.639,537.743,0,0
CRJ_MV,D,20230310,000000,537.743,540.966,533.876,537.743,0,0
CRJ_MV,D,20230313,000000,537.743,543.534,504.256,517.781,0,0
CRJ_MV,D,20230314,000000,526.151,535.165,525.506,535.165,0,0
CRJ_MV,D,20230315,000000,533.231,540.966,524.217,534.52,0,0
CRJ_MV,D,20230316,000000,531.298,531.298,519.07,526.151,0,0
CRJ_MV,D,20230317,000000,528.084,531.298,519.07,531.298,0,0
CRJ_MV,D,20230320,000000,540.321,540.321,518.426,528.084,0,0
CRJ_MV,D,20230321,000000,533.231,553.838,521.639,549.98,0,0
CRJ_MV,D,20230322,000000,551.913,566.074,546.757,566.074,0,0
CRJ_MV,D,20230323,000000,560.283,565.43,549.98,559.638,0,0
CRJ_MV,D,20230324,000000,560.283,560.283,542.255,558.349,0,0
CRJ_MV,D,20230327,000000,546.113,559.638,540.966,544.179,0,0
CRJ_MV,D,20230328,000000,544.179,558.994,531.298,540.321,0,0
CRJ_MV,D,20230329,000000,534.52,537.743,528.729,530.663,0,0
CRJ_MV,D,20230330,000000,528.729,536.454,522.928,535.165,0,0
CRJ_MV,D,20230331,000000,531.942,539.677,530.663,531.942,0,0
CRJ_MV,D,20230403,000000,537.099,560.283,537.099,548.046,0,0
CRJ_MV,D,20230404,000000,548.691,559.638,546.113,559.638,0,0
CRJ_MV,D,20230405,000000,553.838,560.927,547.402,547.402,0,0
CRJ_MV,D,20230406,000000,546.757,552.558,542.255,547.402,0,0
CRJ_MV,D,20230411,000000,547.402,547.402,538.388,547.402,0,0
CRJ_MV,D,20230412,000000,542.89,546.113,535.165,540.966,0,0
CRJ_MV,D,20230413,000000,538.388,548.691,534.52,547.402,0,0
CRJ_MV,D,20230414,000000,548.691,569.297,542.255,569.297,0,0
CRJ_MV,D,20230417,000000,566.719,566.719,546.113,556.416,0,0
CRJ_MV,D,20230418,000000,558.994,566.719,555.127,566.074,0,0
CRJ_MV,D,20230419,000000,566.074,571.875,540.966,571.875,0,0
CRJ_MV,D,20230420,000000,579.6,598.927,571.875,578.311,0,0
CRJ_MV,D,20230421,000000,569.941,569.941,547.402,557.06,0,0
CRJ_MV,D,20230424,000000,556.416,556.416,546.757,548.046,0,0
CRJ_MV,D,20230425,000000,553.838,553.838,528.084,531.942,0,0
CRJ_MV,D,20230426,000000,533.231,544.823,520.995,526.795,0,0
CRJ_MV,D,20230427,000000,537.099,537.099,521.639,531.942,0,0
CRJ_MV,D,20230428,000000,538.388,546.113,528.729,536.454,0,0
CRJ_MV,D,20230502,000000,531.298,531.298,513.914,519.07,0,0
CRJ_MV,D,20230504,000000,515.848,515.848,491.374,503.611,0,0
CRJ_MV,D,20230505,000000,503.611,512.625,490.73,503.611,0,0
CRJ_MV,D,20230508,000000,502.966,513.27,490.73,512.625,0,0
CRJ_MV,D,20230509,000000,514.559,522.928,514.559,517.781,0,0
CRJ_MV,D,20230510,000000,520.35,520.35,509.402,509.402,0,0
CRJ_MV,D,20230511,000000,509.402,512.625,503.611,512.625,0,0
CRJ_MV,D,20230512,000000,519.07,528.084,501.033,510.691,0,0
CRJ_MV,D,20230515,000000,513.914,520.995,508.758,515.203,0,0
CRJ_MV,D,20230516,000000,508.758,519.705,507.478,519.705,0,0
CRJ_MV,D,20230517,000000,520.35,521.639,516.492,521.639,0,0
CRJ_MV,D,20230518,000000,517.137,520.995,502.966,515.848,0,0
CRJ_MV,D,20230519,000000,518.426,521.639,508.758,521.639,0,0
CRJ_MV,D,20230522,000000,520.995,520.995,515.203,520.35,0,0
CRJ_MV,D,20230523,000000,520.35,520.35,511.981,515.203,0,0
CRJ_MV,D,20230524,000000,513.27,515.203,511.336,514.559,0,0
CRJ_MV,D,20230525,000000,515.203,528.729,512.625,528.729,0,0
CRJ_MV,D,20230526,000000,528.084,540.321,522.928,540.321,0,0
CRJ_MV,D,20230529,000000,539.677,539.677,522.928,537.099,0,0
CRJ_MV,D,20230530,000000,528.084,530.663,509.402,526.151,0,0
CRJ_MV,D,20230531,000000,515.203,526.795,515.203,523.573,0,0
CRJ_MV,D,20230601,000000,515.203,523.573,515.203,523.573,0,0
CRJ_MV,D,20230602,000000,517.781,530.663,515.203,528.084,0,0
CRJ_MV,D,20230605,000000,527.44,533.231,519.07,533.231,0,0
CRJ_MV,D,20230606,000000,533.231,540.966,531.298,540.966,0,0
CRJ_MV,D,20230607,000000,542.89,546.113,534.52,537.743,0,0
CRJ_MV,D,20230609,000000,530.663,552.558,530.663,552.558,0,0
CRJ_MV,D,20230612,000000,547.402,549.98,539.032,548.046,0,0
CRJ_MV,D,20230613,000000,538.388,544.179,520.995,528.084,0,0
CRJ_MV,D,20230614,000000,526.795,528.084,512.625,528.084,0,0
CRJ_MV,D,20230615,000000,530.663,531.942,522.928,531.942,0,0
CRJ_MV,D,20230616,000000,530.663,534.52,521.639,534.52,0,0
CRJ_MV,D,20230619,000000,534.52,534.52,520.35,526.151,0,0
CRJ_MV,D,20230620,000000,525.506,525.506,511.336,511.981,0,0
CRJ_MV,D,20230621,000000,515.848,515.848,505.545,505.545,0,0
CRJ_MV,D,20230622,000000,505.545,518.426,505.545,518.426,0,0
CRJ_MV,D,20230623,000000,515.203,524.217,511.336,524.217,0,0
CRJ_MV,D,20230626,000000,516.492,539.591,506.834,539.591,0,0
CRJ_MV,D,20230627,000000,536.937,547.544,530.312,547.544,0,0
CRJ_MV,D,20230628,000000,546.89,550.198,530.312,550.198,0,0
CRJ_MV,D,20230629,000000,550.198,560.141,542.909,560.141,0,0
CRJ_MV,D,20230630,000000,560.141,560.141,556.169,560.141,0,0
CRJ_MV,D,20230703,000000,556.169,556.169,523.023,529.648,0,0
CRJ_MV,D,20230704,000000,523.023,530.312,521.696,523.686,0,0
CRJ_MV,D,20230705,000000,523.023,523.023,506.445,510.426,0,0
CRJ_MV,D,20230706,000000,510.426,515.07,504.464,509.099,0,0
CRJ_MV,D,20230707,000000,507.109,509.099,503.801,505.128,0,0
CRJ_MV,D,20230710,000000,505.782,509.099,504.464,507.109,0,0
CRJ_MV,D,20230711,000000,507.109,509.099,497.166,502.474,0,0
CRJ_MV,D,20230712,000000,503.137,509.099,494.521,509.099,0,0
CRJ_MV,D,20230713,000000,509.099,509.099,494.521,499.82,0,0
CRJ_MV,D,20230714,000000,503.801,506.445,501.147,505.782,0,0
CRJ_MV,D,20230717,000000,501.81,505.782,499.156,499.156,0,0
CRJ_MV,D,20230718,000000,497.829,501.81,494.521,496.502,0,0
CRJ_MV,D,20230719,000000,494.521,499.82,491.867,499.82,0,0
CRJ_MV,D,20230720,000000,499.82,509.099,499.82,502.474,0,0
CRJ_MV,D,20230721,000000,501.81,507.109,483.915,502.474,0,0
CRJ_MV,D,20230724,000000,495.839,502.474,490.54,502.474,0,0
CRJ_MV,D,20230725,000000,502.474,502.474,494.521,497.166,0,0
CRJ_MV,D,20230726,000000,495.839,495.839,487.886,493.194,0,0
CRJ_MV,D,20230727,000000,490.54,501.81,490.54,501.81,0,0
CRJ_MV,D,20230728,000000,499.82,501.81,493.858,500.483,0,0
CRJ_MV,D,20230731,000000,497.166,501.81,494.521,499.82,0,0
CRJ_MV,D,20230801,000000,501.81,506.445,499.82,505.782,0,0
CRJ_MV,D,20230802,000000,505.782,505.782,496.502,503.801,0,0
CRJ_MV,D,20230803,000000,499.82,499.82,490.54,497.166,0,0
CRJ_MV,D,20230804,000000,497.166,497.166,493.858,495.175,0,0
CRJ_MV,D,20230807,000000,491.867,493.194,484.578,487.886,0,0
CRJ_MV,D,20230808,000000,493.858,495.175,485.232,494.521,0,0
CRJ_MV,D,20230809,000000,493.194,501.81,485.232,501.81,0,0
CRJ_MV,D,20230810,000000,501.81,509.099,490.54,509.099,0,0
CRJ_MV,D,20230811,000000,509.099,509.099,501.147,509.099,0,0
CRJ_MV,D,20230814,000000,509.099,509.099,499.156,505.128,0,0
CRJ_MV,D,20230816,000000,504.464,504.464,494.521,500.483,0,0
CRJ_MV,D,20230817,000000,483.251,496.502,473.972,495.175,0,0
CRJ_MV,D,20230818,000000,490.54,490.54,483.251,488.55,0,0
CRJ_MV,D,20230821,000000,490.54,503.137,479.27,503.137,0,0
CRJ_MV,D,20230822,000000,502.474,504.464,491.867,491.867,0,0
CRJ_MV,D,20230823,000000,492.531,495.839,483.915,490.54,0,0
CRJ_MV,D,20230824,000000,493.858,500.483,485.896,500.483,0,0
CRJ_MV,D,20230825,000000,498.493,508.436,493.858,508.436,0,0
CRJ_MV,D,20230828,000000,516.83,516.83,507.04,509.84,0,0
CRJ_MV,D,20230829,000000,511.24,513.33,504.94,504.94,0,0
CRJ_MV,D,20230830,000000,504.24,504.24,495.15,500.05,0,0
CRJ_MV,D,20230831,000000,497.95,497.95,488.86,497.95,0,0
CRJ_MV,D,20230901,000000,490.25,506.34,488.16,506.34,0,0
CRJ_MV,D,20230904,000000,496.55,506.34,496.55,506.34,0,0
CRJ_MV,D,20230905,000000,506.34,506.34,500.05,503.54,0,0
CRJ_MV,D,20230906,000000,502.84,502.84,483.26,501.44,0,0
CRJ_MV,D,20230907,000000,493.05,498.65,490.95,497.25,0,0
CRJ_MV,D,20230908,000000,493.05,495.85,483.26,489.55,0,0
CRJ_MV,D,20230911,000000,484.66,493.75,483.26,493.05,0,0
CRJ_MV,D,20230912,000000,492.35,492.35,479.06,489.55,0,0
CRJ_MV,D,20230913,000000,488.86,488.86,479.76,488.16,0,0
CRJ_MV,D,20230914,000000,487.46,488.16,480.46,480.46,0,0
CRJ_MV,D,20230915,000000,486.06,488.86,477.67,488.86,0,0
CRJ_MV,D,20230918,000000,479.06,485.36,476.27,482.56,0,0
CRJ_MV,D,20230919,000000,474.87,475.57,462.98,475.57,0,0
CRJ_MV,D,20230920,000000,476.27,476.27,465.08,466.48,0,0
CRJ_MV,D,20230921,000000,463.68,463.68,456.68,460.88,0,0
CRJ_MV,D,20230922,000000,459.48,492.35,458.08,475.57,0,0
CRJ_MV,D,20230925,000000,481.16,483.96,475.57,483.96,0,0
CRJ_MV,D,20230926,000000,482.56,483.96,465.78,480.46,0,0
CRJ_MV,D,20230927,000000,483.96,483.96,472.07,483.96,0,0
CRJ_MV,D,20230928,000000,483.26,483.96,468.57,483.96,0,0
CRJ_MV,D,20230929,000000,482.56,483.96,475.57,483.96,0,0
CRJ_MV,D,20231002,000000,483.26,483.96,469.97,469.97,0,0
CRJ_MV,D,20231003,000000,469.97,469.97,458.08,469.97,0,0
CRJ_MV,D,20231004,000000,468.57,473.47,458.08,468.57,0,0
