<TICKER>,<PER>,<DATE>,<TIME>,<OPEN>,<HIGH>,<LOW>,<CLOSE>,<VOL>,<OPENINT>
CRJ_PB,D,20180806,000000,14.5652,14.5652,14.5652,14.5652,0,0
CRJ_PB,D,20180807,000000,14.5471,14.9644,13.7127,13.7399,0,0
CRJ_PB,D,20180808,000000,13.9757,14.5743,13.4044,14.3748,0,0
CRJ_PB,D,20180809,000000,14.5834,14.5834,13.5586,13.5586,0,0
CRJ_PB,D,20180810,000000,13.5767,13.5767,12.3796,12.96,0,0
CRJ_PB,D,20180813,000000,12.3796,14.2116,12.3796,14.2116,0,0
CRJ_PB,D,20180814,000000,14.3657,14.9825,14.2207,14.5199,0,0
CRJ_PB,D,20180816,000000,15.2092,16.9142,15.2092,16.5242,0,0
CRJ_PB,D,20180817,000000,16.9868,18.5285,16.5242,18.1476,0,0
CRJ_PB,D,20180820,000000,18.3743,18.9911,17.7577,17.7577,0,0
CRJ_PB,D,20180821,000000,17.6851,17.8393,16.5423,17.2951,0,0
CRJ_PB,D,20180822,000000,16.9868,17.2951,16.37,17.1409,0,0
CRJ_PB,D,20180823,000000,16.6784,17.4493,16.37,16.8326,0,0
CRJ_PB,D,20180824,000000,16.37,16.8145,16.1524,16.8145,0,0
CRJ_PB,D,20180827,000000,17.1228,17.1228,15.445,15.9076,0,0
CRJ_PB,D,20180828,000000,16.37,16.37,15.445,15.7533,0,0
CRJ_PB,D,20180829,000000,15.445,18.2202,14.8282,15.1366,0,0
CRJ_PB,D,20180830,000000,14.9462,14.9462,12.8965,13.1414,0,0
CRJ_PB,D,20180831,000000,13.4044,14.2841,11.7629,13.5858,0,0
CRJ_PB,D,20180903,000000,16.2159,19.4627,16.2159,18.3743,0,0
CRJ_PB,D,20180904,000000,18.6827,24.088,18.3743,21.7753,0,0
CRJ_PB,D,20180905,000000,21.603,23.3171,21.0044,21.6212,0,0
CRJ_PB,D,20180906,000000,21.6212,22.7004,20.0794,21.1586,0,0
CRJ_PB,D,20180907,000000,21.3128,22.3921,20.5419,22.3921,0,0
CRJ_PB,D,20180910,000000,23.7796,23.9883,22.8545,23.9883,0,0
CRJ_PB,D,20180911,000000,24.5596,28.6317,23.4713,27.9243,0,0
CRJ_PB,D,20180912,000000,27.0265,27.4708,25.7931,26.2556,0,0
CRJ_PB,D,20180913,000000,25.9472,27.0265,23.6255,25.6388,0,0
CRJ_PB,D,20180914,000000,25.6388,26.1014,24.3964,26.0198,0,0
CRJ_PB,D,20180917,000000,25.0222,25.7931,24.478,25.0222,0,0
CRJ_PB,D,20180918,000000,25.4846,25.4846,23.9883,25.0947,0,0
CRJ_PB,D,20180919,000000,25.1763,29.4933,25.1763,28.5683,0,0
CRJ_PB,D,20180920,000000,28.5683,30.11,27.9515,28.2598,0,0
CRJ_PB,D,20180921,000000,27.8155,28.5683,27.0265,27.4889,0,0
CRJ_PB,D,20180924,000000,27.7974,28.414,27.4889,27.7974,0,0
CRJ_PB,D,20180925,000000,27.7974,30.11,27.7974,29.8016,0,0
CRJ_PB,D,20180926,000000,29.3391,30.11,28.5683,30.11,0,0
CRJ_PB,D,20180927,000000,30.119,30.119,28.7224,29.8016,0,0
CRJ_PB,D,20180928,000000,28.7224,28.7224,27.9515,28.5683,0,0
CRJ_PB,D,20181001,000000,27.7974,27.7974,25.4846,25.4846,0,0
CRJ_PB,D,20181002,000000,25.9472,27.4889,25.9472,26.4823,0,0
CRJ_PB,D,20181003,000000,26.2556,26.8723,25.4846,26.5639,0,0
CRJ_PB,D,20181004,000000,26.2556,26.5639,25.4846,26.5639,0,0
CRJ_PB,D,20181005,000000,25.4846,26.3281,25.3305,25.4846,0,0
CRJ_PB,D,20181008,000000,26.4097,26.4097,24.478,25.4756,0,0
CRJ_PB,D,20181009,000000,24.9406,25.1763,23.5076,25.1763,0,0
CRJ_PB,D,20181010,000000,24.7137,27.879,24.7137,27.2894,0,0
CRJ_PB,D,20181011,000000,27.7974,27.7974,25.4846,25.9472,0,0
CRJ_PB,D,20181012,000000,24.5596,27.0265,24.5596,27.0265,0,0
CRJ_PB,D,20181015,000000,27.0265,27.0265,25.9472,26.2556,0,0
CRJ_PB,D,20181016,000000,26.2556,26.2556,24.2422,24.7137,0,0
CRJ_PB,D,20181017,000000,24.8679,25.4846,23.9519,23.9519,0,0
CRJ_PB,D,20181018,000000,25.3849,26.7181,23.9701,26.5639,0,0
CRJ_PB,D,20181019,000000,26.5639,26.7181,25.0222,26.2374,0,0
CRJ_PB,D,20181022,000000,24.9406,26.0651,23.9519,24.7409,0,0
CRJ_PB,D,20181023,000000,25.1763,25.4846,24.0336,24.0336,0,0
CRJ_PB,D,20181024,000000,23.8612,24.5596,23.3171,23.7071,0,0
CRJ_PB,D,20181025,000000,23.2718,23.2718,22.2379,22.4102,0,0
CRJ_PB,D,20181026,000000,23.0087,23.0087,21.0498,21.6393,0,0
CRJ_PB,D,20181029,000000,21.0044,21.9113,20.6961,21.2311,0,0
CRJ_PB,D,20181030,000000,21.0044,21.1586,20.1247,20.5419,0,0
CRJ_PB,D,20181031,000000,20.5419,21.6212,20.5419,21.6212,0,0
CRJ_PB,D,20181102,000000,20.3878,23.163,20.3878,23.163,0,0
CRJ_PB,D,20181105,000000,23.3171,24.614,22.7095,22.782,0,0
CRJ_PB,D,20181106,000000,22.5462,24.7137,22.5281,24.1424,0,0
CRJ_PB,D,20181107,000000,25.7931,26.2556,16.8145,16.8145,0,0
CRJ_PB,D,20181108,000000,16.8145,17.3586,16.3791,16.3791,0,0
CRJ_PB,D,20181109,000000,16.3791,16.7056,13.7762,15.7352,0,0
CRJ_PB,D,20181113,000000,14.6469,17.549,14.6469,15.1911,0,0
CRJ_PB,D,20181114,000000,14.9734,16.7691,14.9734,15.835,0,0
CRJ_PB,D,20181115,000000,15.835,15.835,15.2999,15.2999,0,0
CRJ_PB,D,20181116,000000,15.3634,15.3634,14.4292,15.1911,0,0
CRJ_PB,D,20181119,000000,15.0822,15.2999,14.7013,15.2999,0,0
CRJ_PB,D,20181120,000000,15.2999,15.318,14.6469,14.6469,0,0
CRJ_PB,D,20181121,000000,14.9734,15.0822,14.6469,14.7647,0,0
CRJ_PB,D,20181122,000000,14.6559,15.1911,14.538,15.0822,0,0
CRJ_PB,D,20181123,000000,15.0369,15.7352,14.8736,15.0822,0,0
CRJ_PB,D,20181126,000000,15.2999,16.9777,15.2999,16.1615,0,0
CRJ_PB,D,20181127,000000,16.0526,16.8145,15.835,15.835,0,0
CRJ_PB,D,20181128,000000,15.7986,16.2703,15.7986,16.0526,0,0
CRJ_PB,D,20181129,000000,16.4879,17.1409,16.4879,17.1409,0,0
CRJ_PB,D,20181130,000000,17.2498,17.2498,16.4879,16.4879,0,0
CRJ_PB,D,20181203,000000,17.1319,17.1319,16.0526,16.7146,0,0
CRJ_PB,D,20181204,000000,16.6693,16.6693,15.9982,15.9982,0,0
CRJ_PB,D,20181205,000000,15.9982,16.2703,15.835,16.0436,0,0
CRJ_PB,D,20181206,000000,16.2703,16.2703,15.5175,15.5175,0,0
CRJ_PB,D,20181207,000000,15.6263,15.6263,15.1911,15.5175,0,0
CRJ_PB,D,20181210,000000,15.5175,15.7352,14.8736,15.6263,0,0
CRJ_PB,D,20181211,000000,15.5175,16.2703,15.5175,15.5175,0,0
CRJ_PB,D,20181212,000000,15.5175,15.835,15.4087,15.835,0,0
CRJ_PB,D,20181213,000000,15.2999,16.2068,15.2999,16.2068,0,0
CRJ_PB,D,20181214,000000,16.1977,16.3791,15.9438,15.9438,0,0
CRJ_PB,D,20181217,000000,15.9438,16.1615,15.4087,16.1615,0,0
CRJ_PB,D,20181219,000000,15.5175,15.9438,15.5175,15.9438,0,0
CRJ_PB,D,20181220,000000,15.4087,16.0526,15.4087,15.4087,0,0
CRJ_PB,D,20181221,000000,15.4087,15.9438,14.4383,15.2999,0,0
CRJ_PB,D,20181227,000000,15.1911,15.2999,14.4292,14.4292,0,0
CRJ_PB,D,20181228,000000,15.2636,15.2999,15.2636,15.2999,0,0
CRJ_PB,D,20190102,000000,15.3996,16.3791,15.3996,16.1615,0,0
CRJ_PB,D,20190103,000000,16.1615,16.1615,16.0526,16.0526,0,0
CRJ_PB,D,20190104,000000,16.0617,16.0617,16.0526,16.0526,0,0
CRJ_PB,D,20190107,000000,16.1071,16.1071,15.9438,16.1071,0,0
CRJ_PB,D,20190108,000000,16.1071,16.2703,15.7352,16.0526,0,0
CRJ_PB,D,20190109,000000,16.0526,16.0526,15.6263,15.6263,0,0
CRJ_PB,D,20190110,000000,15.5266,16.0526,15.5175,16.0526,0,0
CRJ_PB,D,20190111,000000,16.0526,16.9868,16.0526,16.4879,0,0
CRJ_PB,D,20190114,000000,16.0798,16.0798,15.835,16.0798,0,0
CRJ_PB,D,20190115,000000,15.8531,16.1615,15.5175,16.1615,0,0
CRJ_PB,D,20190116,000000,16.2159,16.2159,15.835,15.835,0,0
CRJ_PB,D,20190117,000000,15.9438,16.2431,15.835,15.9438,0,0
CRJ_PB,D,20190118,000000,15.8531,16.1615,15.6263,15.835,0,0
CRJ_PB,D,20190121,000000,15.5175,16.0526,15.5175,16.0526,0,0
CRJ_PB,D,20190122,000000,16.0526,17.0321,15.9438,16.5967,0,0
CRJ_PB,D,20190123,000000,16.5877,17.5218,16.1615,17.0956,0,0
CRJ_PB,D,20190124,000000,17.1319,18.6011,17.1319,18.4378,0,0
CRJ_PB,D,20190125,000000,18.4378,20.2879,17.3586,19.4173,0,0
CRJ_PB,D,20190128,000000,19.5171,19.5171,18.7644,18.7644,0,0
CRJ_PB,D,20190129,000000,18.5467,18.7644,17.9572,17.9572,0,0
CRJ_PB,D,20190130,000000,18.329,19.4173,18.0751,18.6555,0,0
CRJ_PB,D,20190131,000000,18.6555,18.982,18.1204,18.1748,0,0
CRJ_PB,D,20190201,000000,18.6555,18.982,18.4378,18.4469,0,0
CRJ_PB,D,20190204,000000,18.5467,20.0068,18.5467,20.0068,0,0
CRJ_PB,D,20190205,000000,20.0703,20.0703,19.5262,19.7076,0,0
CRJ_PB,D,20190206,000000,19.7438,19.9615,19.3085,19.5262,0,0
CRJ_PB,D,20190207,000000,18.982,18.982,18.329,18.329,0,0
CRJ_PB,D,20190208,000000,18.3471,19.3991,18.3471,18.3471,0,0
CRJ_PB,D,20190211,000000,17.6851,20.0703,16.4335,16.4335,0,0
CRJ_PB,D,20190212,000000,16.7328,16.9777,16.0889,16.0889,0,0
CRJ_PB,D,20190213,000000,15.5719,16.6149,15.5719,16.4335,0,0
CRJ_PB,D,20190214,000000,16.2521,16.5695,16.2521,16.4335,0,0
CRJ_PB,D,20190215,000000,15.971,15.971,15.8803,15.962,0,0
CRJ_PB,D,20190218,000000,16.0708,16.0708,15.4268,16.0708,0,0
CRJ_PB,D,20190219,000000,16.0708,16.7056,15.971,15.971,0,0
CRJ_PB,D,20190220,000000,15.971,16.1615,15.971,15.971,0,0
CRJ_PB,D,20190221,000000,15.835,16.4335,15.7896,16.4335,0,0
CRJ_PB,D,20190222,000000,16.0708,16.6149,15.971,16.1615,0,0
CRJ_PB,D,20190225,000000,16.4335,16.4335,15.971,15.971,0,0
CRJ_PB,D,20190226,000000,16.2521,16.6149,16.2521,16.6149,0,0
CRJ_PB,D,20190227,000000,16.0254,16.4335,16.0254,16.4335,0,0
CRJ_PB,D,20190228,000000,16.4335,16.6149,16.4335,16.5242,0,0
CRJ_PB,D,20190301,000000,16.4516,16.5242,16.0708,16.0708,0,0
CRJ_PB,D,20190304,000000,16.4244,16.4335,16.1161,16.1161,0,0
CRJ_PB,D,20190305,000000,16.2521,17.2951,15.8803,16.3428,0,0
CRJ_PB,D,20190306,000000,16.5242,16.9414,16.0345,16.3428,0,0
CRJ_PB,D,20190307,000000,16.4244,16.9958,16.3428,16.4335,0,0
CRJ_PB,D,20190308,000000,16.4789,16.4789,15.7896,15.971,0,0
CRJ_PB,D,20190311,000000,15.8803,16.3972,15.8803,15.971,0,0
CRJ_PB,D,20190312,000000,16.3338,16.4335,14.4202,14.8826,0,0
CRJ_PB,D,20190313,000000,14.7013,14.8826,14.7013,14.7013,0,0
CRJ_PB,D,20190314,000000,14.8736,15.1094,14.8736,15.0641,0,0
CRJ_PB,D,20190315,000000,15.0188,16.2521,15.0188,16.2521,0,0
CRJ_PB,D,20190318,000000,16.2521,16.2521,15.6082,15.971,0,0
CRJ_PB,D,20190319,000000,16.2249,16.234,15.6263,15.6263,0,0
CRJ_PB,D,20190320,000000,15.6535,16.2431,15.6535,16.2431,0,0
CRJ_PB,D,20190321,000000,15.717,15.717,15.5175,15.5175,0,0
CRJ_PB,D,20190322,000000,15.5266,15.5266,15.5266,15.5266,0,0
CRJ_PB,D,20190325,000000,15.5175,15.8803,15.3361,15.3724,0,0
CRJ_PB,D,20190326,000000,15.3906,15.971,15.3906,15.5175,0,0
CRJ_PB,D,20190327,000000,15.6989,15.8803,15.5266,15.8531,0,0
CRJ_PB,D,20190328,000000,15.5175,15.5175,15.3361,15.5175,0,0
CRJ_PB,D,20190329,000000,15.5175,15.5175,15.1548,15.4268,0,0
CRJ_PB,D,20190401,000000,15.1548,15.7896,15.1548,15.6989,0,0
CRJ_PB,D,20190402,000000,15.6989,16.2521,15.5175,15.6082,0,0
CRJ_PB,D,20190403,000000,15.7896,15.8803,15.6082,15.6082,0,0
CRJ_PB,D,20190404,000000,15.5175,15.8441,15.0641,15.8441,0,0
CRJ_PB,D,20190405,000000,15.8259,17.6216,15.8259,17.3314,0,0
CRJ_PB,D,20190408,000000,16.7056,16.887,16.0708,16.4335,0,0
CRJ_PB,D,20190409,000000,16.7782,16.7782,16.7056,16.7056,0,0
CRJ_PB,D,20190410,000000,16.5423,16.5423,16.5242,16.5242,0,0
CRJ_PB,D,20190411,000000,16.5242,16.5242,15.971,16.4335,0,0
CRJ_PB,D,20190412,000000,16.1615,16.1615,15.5175,16.1615,0,0
CRJ_PB,D,20190415,000000,15.7896,15.7896,15.2455,15.4268,0,0
CRJ_PB,D,20190416,000000,15.4268,15.5175,15.2455,15.5175,0,0
CRJ_PB,D,20190417,000000,15.3361,15.3361,15.3361,15.3361,0,0
CRJ_PB,D,20190418,000000,15.4268,15.4268,15.0641,15.1185,0,0
CRJ_PB,D,20190423,000000,15.1911,15.5175,15.1548,15.5175,0,0
CRJ_PB,D,20190424,000000,15.3906,15.4994,15.0641,15.4994,0,0
CRJ_PB,D,20190425,000000,15.0822,15.0822,14.7194,15.0641,0,0
CRJ_PB,D,20190426,000000,15.2455,15.2455,15.0641,15.1548,0,0
CRJ_PB,D,20190429,000000,14.8826,15.2455,14.8826,15.1548,0,0
CRJ_PB,D,20190430,000000,15.0097,15.1548,14.8826,15.0641,0,0
CRJ_PB,D,20190502,000000,14.9734,15.1548,14.9734,15.1548,0,0
CRJ_PB,D,20190506,000000,15.3361,15.7896,15.1911,15.7896,0,0
CRJ_PB,D,20190507,000000,16.1433,16.1796,15.3361,15.3361,0,0
CRJ_PB,D,20190508,000000,15.8985,15.9348,15.4268,15.5175,0,0
CRJ_PB,D,20190509,000000,15.5175,15.5175,15.2455,15.2455,0,0
CRJ_PB,D,20190510,000000,15.5175,15.7714,15.2455,15.2455,0,0
CRJ_PB,D,20190513,000000,15.3361,15.4631,15.3361,15.4631,0,0
CRJ_PB,D,20190514,000000,15.4631,15.4631,15.0278,15.4268,0,0
CRJ_PB,D,20190515,000000,15.4994,15.4994,14.4202,14.4202,0,0
CRJ_PB,D,20190516,000000,14.7103,14.801,14.5743,14.5925,0,0
CRJ_PB,D,20190517,000000,14.7285,14.801,14.6469,14.7103,0,0
CRJ_PB,D,20190520,000000,14.801,14.8192,14.4655,14.6469,0,0
CRJ_PB,D,20190521,000000,14.6469,14.6469,14.1572,14.1572,0,0
CRJ_PB,D,20190522,000000,14.1572,14.3839,14.1572,14.3839,0,0
CRJ_PB,D,20190523,000000,14.3839,14.3839,14.1209,14.3839,0,0
CRJ_PB,D,20190524,000000,14.3839,14.5562,13.9485,14.1572,0,0
CRJ_PB,D,20190527,000000,14.1844,14.1844,13.6855,13.9485,0,0
CRJ_PB,D,20190528,000000,13.9485,14.139,13.9485,13.9485,0,0
CRJ_PB,D,20190529,000000,13.8578,13.9938,13.5132,13.8397,0,0
CRJ_PB,D,20190530,000000,13.9304,13.9485,13.5314,13.8578,0,0
CRJ_PB,D,20190531,000000,13.6855,13.9485,12.8965,13.6855,0,0
CRJ_PB,D,20190603,000000,13.9485,14.1209,13.9485,13.9485,0,0
CRJ_PB,D,20190604,000000,13.9485,13.9485,13.3319,13.6855,0,0
CRJ_PB,D,20190605,000000,13.9485,13.9485,13.5132,13.5132,0,0
CRJ_PB,D,20190606,000000,13.3319,13.9485,13.3319,13.9485,0,0
CRJ_PB,D,20190607,000000,13.9485,14.2569,13.3319,13.5132,0,0
CRJ_PB,D,20190610,000000,13.4225,13.4225,12.1982,13.214,0,0
CRJ_PB,D,20190611,000000,13.0416,13.477,13.0416,13.2502,0,0
CRJ_PB,D,20190612,000000,13.477,14.0302,13.1051,13.6855,0,0
CRJ_PB,D,20190613,000000,13.8941,13.9485,13.5132,13.5132,0,0
CRJ_PB,D,20190614,000000,13.7671,13.7671,13.2502,13.477,0,0
CRJ_PB,D,20190617,000000,13.2502,13.5948,13.2502,13.5948,0,0
CRJ_PB,D,20190618,000000,13.2502,14.6469,13.2502,14.2932,0,0
CRJ_PB,D,20190619,000000,14.2025,14.2025,13.5586,13.9485,0,0
CRJ_PB,D,20190621,000000,13.9485,14.1209,13.9485,14.1209,0,0
CRJ_PB,D,20190624,000000,13.3681,14.2025,13.3681,14.0302,0,0
CRJ_PB,D,20190625,000000,14.0302,14.0302,13.6855,13.7671,0,0
CRJ_PB,D,20190626,000000,13.6855,13.7671,13.6855,13.7671,0,0
CRJ_PB,D,20190627,000000,13.7671,13.7671,13.7671,13.7671,0,0
CRJ_PB,D,20190628,000000,13.9485,13.9485,13.9485,13.9485,0,0
CRJ_PB,D,20190701,000000,13.9485,16.3882,13.9485,15.3361,0,0
CRJ_PB,D,20190702,000000,15.6717,15.9348,15.6354,15.6898,0,0
CRJ_PB,D,20190703,000000,15.5175,15.9529,15.5175,15.8622,0,0
CRJ_PB,D,20190704,000000,15.8622,15.9529,15.8622,15.9529,0,0
CRJ_PB,D,20190705,000000,15.9529,15.9529,15.9348,15.9348,0,0
CRJ_PB,D,20190708,000000,15.9348,15.9348,15.6898,15.8441,0,0
CRJ_PB,D,20190709,000000,15.581,15.7714,15.5175,15.7714,0,0
CRJ_PB,D,20190710,000000,15.6898,15.6898,15.5991,15.5991,0,0
CRJ_PB,D,20190711,000000,15.5991,15.5991,15.5175,15.5357,0,0
CRJ_PB,D,20190712,000000,15.5447,15.581,15.2545,15.581,0,0
CRJ_PB,D,20190715,000000,15.5991,15.5991,15.3361,15.5991,0,0
CRJ_PB,D,20190716,000000,15.6717,15.6717,15.1639,15.1639,0,0
CRJ_PB,D,20190717,000000,15.5991,15.7533,14.9916,15.5447,0,0
CRJ_PB,D,20190718,000000,15.5447,15.5991,15.2545,15.2545,0,0
CRJ_PB,D,20190719,000000,15.6717,15.6898,15.4268,15.6717,0,0
CRJ_PB,D,20190722,000000,15.6898,15.6898,15.2727,15.2727,0,0
CRJ_PB,D,20190723,000000,15.2908,15.5991,15.2908,15.5991,0,0
CRJ_PB,D,20190724,000000,15.6717,15.9529,15.6717,15.9529,0,0
CRJ_PB,D,20190725,000000,15.6354,18.6102,15.6354,18.2564,0,0
CRJ_PB,D,20190726,000000,17.6488,18.3925,17.4311,17.4311,0,0
CRJ_PB,D,20190729,000000,17.4311,18.4741,17.4311,18.2111,0,0
CRJ_PB,D,20190730,000000,18.0388,18.3018,17.4311,17.4311,0,0
CRJ_PB,D,20190731,000000,17.8665,18.2111,17.8665,18.2111,0,0
CRJ_PB,D,20190801,000000,18.1295,18.1295,17.6034,17.8665,0,0
CRJ_PB,D,20190802,000000,17.8665,17.8665,17.8665,17.8665,0,0
CRJ_PB,D,20190805,000000,17.4311,17.6942,16.9958,17.4311,0,0
CRJ_PB,D,20190806,000000,17.413,17.7758,17.413,17.7758,0,0
CRJ_PB,D,20190807,000000,17.9572,18.3018,16.5605,17.1591,0,0
CRJ_PB,D,20190808,000000,16.9052,17.3676,16.9052,16.9868,0,0
CRJ_PB,D,20190809,000000,17.2407,18.4287,17.2407,18.4287,0,0
CRJ_PB,D,20190812,000000,18.465,20.4513,18.4287,19.6985,0,0
CRJ_PB,D,20190813,000000,19.7801,20.2879,19.4445,19.4445,0,0
CRJ_PB,D,20190814,000000,19.6078,20.034,19.6078,19.6985,0,0
CRJ_PB,D,20190816,000000,19.6985,20.4513,19.6985,20.4513,0,0
CRJ_PB,D,20190819,000000,20.3696,20.3696,19.6985,20.034,0,0
CRJ_PB,D,20190820,000000,20.034,20.2879,19.0183,19.3538,0,0
CRJ_PB,D,20190821,000000,19.0183,19.9524,19.0183,19.6985,0,0
CRJ_PB,D,20190822,000000,19.8617,20.7959,19.6985,20.7959,0,0
CRJ_PB,D,20190823,000000,20.7052,20.9591,19.3538,20.1156,0,0
CRJ_PB,D,20190826,000000,19.3991,19.3991,16.5695,17.1591,0,0
CRJ_PB,D,20190827,000000,16.9052,18.0479,16.9052,17.3314,0,0
CRJ_PB,D,20190828,000000,17.413,17.5853,16.8235,17.413,0,0
CRJ_PB,D,20190829,000000,17.286,17.5853,16.7328,17.5853,0,0
CRJ_PB,D,20190830,000000,17.667,18.7644,17.667,18.5103,0,0
CRJ_PB,D,20190902,000000,18.5103,18.846,17.2407,17.7123,0,0
CRJ_PB,D,20190903,000000,17.2407,18.4287,17.1591,17.3676,0,0
CRJ_PB,D,20190904,000000,17.413,18.338,17.3676,17.9209,0,0
CRJ_PB,D,20190905,000000,18.0025,19.3991,17.7486,18.9367,0,0
CRJ_PB,D,20190906,000000,18.2564,18.5921,17.7486,18.2564,0,0
CRJ_PB,D,20190909,000000,19.4445,19.8617,19.1906,19.6078,0,0
CRJ_PB,D,20190910,000000,19.7801,19.7801,17.4583,17.9662,0,0
CRJ_PB,D,20190911,000000,17.7486,17.8393,17.0321,17.4946,0,0
CRJ_PB,D,20190912,000000,17.1591,17.1591,15.2183,15.5357,0,0
CRJ_PB,D,20190913,000000,15.8894,16.7146,15.6354,16.4789,0,0
CRJ_PB,D,20190916,000000,16.6511,16.8235,15.7896,16.2249,0,0
CRJ_PB,D,20190917,000000,15.8077,16.3972,15.7261,16.0617,0,0
CRJ_PB,D,20190918,000000,15.8077,16.3156,15.1276,16.2612,0,0
CRJ_PB,D,20190919,000000,16.2249,16.4516,15.8077,15.971,0,0
CRJ_PB,D,20190920,000000,16.2249,16.2249,15.4722,15.971,0,0
CRJ_PB,D,20190923,000000,16.2249,16.2249,15.971,16.0617,0,0
CRJ_PB,D,20190924,000000,16.0436,16.0617,15.6354,15.8894,0,0
CRJ_PB,D,20190925,000000,15.8077,15.8077,15.1276,15.6173,0,0
CRJ_PB,D,20190926,000000,15.2183,15.971,15.2183,15.8894,0,0
CRJ_PB,D,20190927,000000,15.8894,16.0617,15.3815,15.962,0,0
CRJ_PB,D,20190930,000000,15.8894,16.3156,15.4722,15.7261,0,0
CRJ_PB,D,20191001,000000,15.8077,15.962,15.4722,15.8441,0,0
CRJ_PB,D,20191002,000000,15.4722,15.7714,14.8917,15.1639,0,0
CRJ_PB,D,20191003,000000,15.0278,15.8077,14.8736,15.7261,0,0
CRJ_PB,D,20191004,000000,15.8077,15.9892,15.7261,15.7261,0,0
CRJ_PB,D,20191007,000000,15.8894,16.0617,15.7352,15.7352,0,0
CRJ_PB,D,20191008,000000,16.0436,16.5695,15.9076,16.4516,0,0
CRJ_PB,D,20191009,000000,16.4789,17.2407,16.4789,16.8508,0,0
CRJ_PB,D,20191010,000000,16.8508,17.286,16.8508,17.1591,0,0
CRJ_PB,D,20191011,000000,17.3314,17.4946,17.3314,17.4583,0,0
CRJ_PB,D,20191014,000000,17.9209,17.9209,17.5399,17.667,0,0
CRJ_PB,D,20191015,000000,17.7486,17.9209,17.1137,17.5853,0,0
CRJ_PB,D,20191016,000000,17.2407,17.6216,17.2407,17.5399,0,0
CRJ_PB,D,20191017,000000,17.3314,17.3314,16.7328,17.2044,0,0
CRJ_PB,D,20191018,000000,16.9052,16.9052,16.5695,16.9052,0,0
CRJ_PB,D,20191021,000000,16.5695,17.1591,16.5695,17.1591,0,0
CRJ_PB,D,20191022,000000,17.1591,17.794,17.0775,17.3314,0,0
CRJ_PB,D,20191023,000000,17.3314,17.3314,16.3338,16.3338,0,0
CRJ_PB,D,20191024,000000,16.6511,16.8235,16.0889,16.8235,0,0
CRJ_PB,D,20191025,000000,16.9052,17.5853,16.9052,17.413,0,0
CRJ_PB,D,20191028,000000,17.3314,17.4946,16.5695,17.2044,0,0
CRJ_PB,D,20191029,000000,17.1137,17.1137,16.3156,16.3156,0,0
CRJ_PB,D,20191030,000000,16.0617,16.0617,15.6354,15.6354,0,0
CRJ_PB,D,20191031,000000,15.8077,15.8077,15.2183,15.7261,0,0
CRJ_PB,D,20191104,000000,15.8077,15.8077,15.3815,15.7261,0,0
CRJ_PB,D,20191105,000000,15.7261,15.7261,14.7103,14.792,0,0
CRJ_PB,D,20191106,000000,14.5743,15.7261,14.5743,15.3815,0,0
CRJ_PB,D,20191107,000000,15.9257,15.9257,14.6197,15.3271,0,0
CRJ_PB,D,20191108,000000,15.3271,15.3452,15.0278,15.3452,0,0
CRJ_PB,D,20191112,000000,15.3271,15.3271,15.0097,15.1729,0,0
CRJ_PB,D,20191113,000000,15.0913,15.0913,14.8464,14.9099,0,0
CRJ_PB,D,20191114,000000,14.6922,15.0097,14.4383,14.7557,0,0
CRJ_PB,D,20191115,000000,14.9916,14.9916,14.1753,14.5108,0,0
CRJ_PB,D,20191118,000000,14.1753,14.5108,13.3409,14.012,0,0
CRJ_PB,D,20191119,000000,13.8397,14.7375,13.8397,14.012,0,0
CRJ_PB,D,20191120,000000,14.012,14.3385,13.3409,13.5223,0,0
CRJ_PB,D,20191121,000000,13.6765,14.3385,13.6765,14.3385,0,0
CRJ_PB,D,20191122,000000,14.4927,15.2455,14.4927,15.2455,0,0
CRJ_PB,D,20191125,000000,15.3271,15.3906,15.0097,15.3906,0,0
CRJ_PB,D,20191126,000000,15.2727,15.2908,14.2116,15.0913,0,0
CRJ_PB,D,20191127,000000,14.6741,15.0732,14.5925,14.5925,0,0
CRJ_PB,D,20191128,000000,14.5925,14.8464,14.1753,14.8464,0,0
CRJ_PB,D,20191129,000000,14.8282,14.8282,13.7943,14.1753,0,0
CRJ_PB,D,20191202,000000,14.2569,14.5108,14.1753,14.1753,0,0
CRJ_PB,D,20191203,000000,14.0574,14.5108,14.0574,14.1753,0,0
CRJ_PB,D,20191204,000000,14.5108,14.8464,14.1753,14.3385,0,0
CRJ_PB,D,20191205,000000,14.3385,14.5925,14.0937,14.5925,0,0
CRJ_PB,D,20191206,000000,14.5925,15.0097,14.5925,15.0097,0,0
CRJ_PB,D,20191209,000000,15.0097,15.0097,14.5925,14.9916,0,0
CRJ_PB,D,20191210,000000,14.5925,14.928,14.5925,14.928,0,0
CRJ_PB,D,20191211,000000,14.8464,14.8464,14.3385,14.7557,0,0
CRJ_PB,D,20191212,000000,14.7557,15.0097,14.1753,14.8917,0,0
CRJ_PB,D,20191213,000000,14.5925,14.8917,14.5108,14.8917,0,0
CRJ_PB,D,20191216,000000,14.5925,14.6741,14.5108,14.6741,0,0
CRJ_PB,D,20191217,000000,15.0097,15.1729,14.5108,15.1729,0,0
CRJ_PB,D,20191218,000000,15.0097,15.0097,14.2751,14.9734,0,0
CRJ_PB,D,20191219,000000,14.8736,14.8736,14.3385,14.7557,0,0
CRJ_PB,D,20191220,000000,14.5925,14.6741,14.0211,14.2569,0,0
CRJ_PB,D,20191223,000000,14.1753,14.5108,13.7218,14.4746,0,0
CRJ_PB,D,20191227,000000,14.5743,15.3271,14.5743,15.2455,0,0
CRJ_PB,D,20191230,000000,15.3089,15.6717,14.7738,15.0097,0,0
CRJ_PB,D,20200102,000000,15.0097,15.5901,14.6106,15.5901,0,0
CRJ_PB,D,20200103,000000,15.046,15.2636,14.6741,15.0097,0,0
CRJ_PB,D,20200107,000000,15.0913,16.1796,15.0913,15.8441,0,0
CRJ_PB,D,20200108,000000,15.4268,15.5901,15.2636,15.3724,0,0
CRJ_PB,D,20200109,000000,15.4268,16.2431,15.4268,16.1796,0,0
CRJ_PB,D,20200110,000000,16.1977,17.1319,16.1977,16.6784,0,0
CRJ_PB,D,20200113,000000,17.014,17.1772,16.7146,17.014,0,0
CRJ_PB,D,20200114,000000,16.7601,16.7601,16.2612,16.4244,0,0
CRJ_PB,D,20200115,000000,16.4244,18.0116,16.4244,17.2588,0,0
CRJ_PB,D,20200116,000000,17.6761,17.7214,16.4426,16.9233,0,0
CRJ_PB,D,20200117,000000,16.6784,17.0503,16.5786,17.0503,0,0
CRJ_PB,D,20200120,000000,17.014,17.014,16.6784,16.8417,0,0
CRJ_PB,D,20200121,000000,16.6602,17.2226,16.5061,17.2226,0,0
CRJ_PB,D,20200122,000000,17.2226,17.3404,16.6784,17.3404,0,0
CRJ_PB,D,20200123,000000,17.549,17.549,17.0956,17.2226,0,0
CRJ_PB,D,20200124,000000,17.4674,17.4674,17.0956,17.3858,0,0
CRJ_PB,D,20200127,000000,17.2588,17.2588,16.2612,16.2612,0,0
CRJ_PB,D,20200128,000000,16.3428,17.014,16.2612,16.6784,0,0
CRJ_PB,D,20200129,000000,16.3972,17.0956,16.3972,16.6784,0,0
CRJ_PB,D,20200130,000000,17.0956,17.0956,15.9257,15.9257,0,0
CRJ_PB,D,20200131,000000,15.8441,16.5967,15.8441,16.5061,0,0
CRJ_PB,D,20200203,000000,16.5061,16.887,16.2249,16.887,0,0
CRJ_PB,D,20200204,000000,16.887,17.4311,16.6784,17.4311,0,0
CRJ_PB,D,20200205,000000,17.4311,18.1748,17.4311,17.5943,0,0
CRJ_PB,D,20200206,000000,17.5943,17.93,17.0956,17.6397,0,0
CRJ_PB,D,20200207,000000,17.5943,17.5943,17.0956,17.4311,0,0
CRJ_PB,D,20200210,000000,17.3404,17.3404,17.0956,17.0956,0,0
CRJ_PB,D,20200211,000000,17.3404,17.5127,17.3404,17.5127,0,0
CRJ_PB,D,20200212,000000,17.6761,17.7214,17.0956,17.0956,0,0
CRJ_PB,D,20200213,000000,17.0956,17.7214,17.0956,17.6761,0,0
CRJ_PB,D,20200214,000000,17.0956,17.5127,17.0956,17.3495,0,0
CRJ_PB,D,20200217,000000,17.1772,17.4674,16.7691,17.1772,0,0
CRJ_PB,D,20200218,000000,16.9324,17.3495,16.9324,17.3495,0,0
CRJ_PB,D,20200219,000000,17.3495,18.338,17.3495,18.1748,0,0
CRJ_PB,D,20200220,000000,18.1748,18.1748,17.7577,17.7577,0,0
CRJ_PB,D,20200221,000000,17.9209,18.8369,17.9209,18.7462,0,0
CRJ_PB,D,20200224,000000,18.7462,19.0001,17.7577,18.2927,0,0
CRJ_PB,D,20200225,000000,18.0932,18.0932,16.3519,16.9324,0,0
CRJ_PB,D,20200226,000000,16.5242,16.9777,15.3634,16.9324,0,0
CRJ_PB,D,20200227,000000,16.887,16.887,15.6898,16.4244,0,0
CRJ_PB,D,20200228,000000,15.5266,15.5266,13.2684,14.2025,0,0
CRJ_PB,D,20200302,000000,14.9553,15.6626,13.7943,14.8645,0,0
CRJ_PB,D,20200303,000000,15.6898,17.014,15.6898,16.5242,0,0
CRJ_PB,D,20200304,000000,16.5242,16.8508,16.3519,16.5242,0,0
CRJ_PB,D,20200305,000000,16.5242,16.9324,16.1705,16.1705,0,0
CRJ_PB,D,20200306,000000,15.8259,16.2703,15.6898,15.7805,0,0
CRJ_PB,D,20200309,000000,14.2932,14.7557,13.876,14.1209,0,0
CRJ_PB,D,20200310,000000,14.8645,15.2817,14.4746,14.4746,0,0
CRJ_PB,D,20200311,000000,14.8645,14.8645,12.3887,12.3887,0,0
CRJ_PB,D,20200312,000000,10.8196,11.2368,9.16903,9.16903,0,0
CRJ_PB,D,20200313,000000,10.738,12.8874,10.738,11.1461,0,0
CRJ_PB,D,20200316,000000,10.9738,13.0506,10.3208,12.969,0,0
CRJ_PB,D,20200317,000000,14.2025,15.2001,12.6335,14.1209,0,0
CRJ_PB,D,20200318,000000,14.7013,14.8645,13.5495,13.6493,0,0
CRJ_PB,D,20200319,000000,14.0393,14.7829,13.7943,14.7829,0,0
CRJ_PB,D,20200320,000000,14.8645,15.2817,14.2025,14.2025,0,0
CRJ_PB,D,20200323,000000,13.9394,14.3748,13.2956,13.9576,0,0
CRJ_PB,D,20200324,000000,14.538,14.7647,13.4679,14.3204,0,0
CRJ_PB,D,20200325,000000,14.3748,16.0889,13.7127,14.538,0,0
CRJ_PB,D,20200326,000000,14.538,14.6197,14.3385,14.6015,0,0
CRJ_PB,D,20200327,000000,14.6015,14.6015,14.1209,14.2569,0,0
CRJ_PB,D,20200330,000000,14.2569,14.2569,13.6311,13.7943,0,0
CRJ_PB,D,20200331,000000,14.0937,14.7013,13.876,13.876,0,0
CRJ_PB,D,20200401,000000,14.6197,15.3634,14.1209,15.0369,0,0
CRJ_PB,D,20200402,000000,15.2817,17.0956,14.6197,16.9324,0,0
CRJ_PB,D,20200403,000000,17.3495,18.2564,17.2588,17.7577,0,0
CRJ_PB,D,20200406,000000,18.5013,19.6622,17.9209,18.583,0,0
CRJ_PB,D,20200407,000000,18.2564,19.3266,17.9209,18.9185,0,0
CRJ_PB,D,20200408,000000,20.814,28.9129,20.2335,28.9129,0,0
CRJ_PB,D,20200409,000000,34.2819,34.2819,28.414,30.4003,0,0
CRJ_PB,D,20200414,000000,35.1072,35.1072,28.0875,31.7969,0,0
CRJ_PB,D,20200415,000000,31.6336,31.6336,26.183,26.2646,0,0
CRJ_PB,D,20200416,000000,26.5185,28.414,26.4278,28.414,0,0
CRJ_PB,D,20200417,000000,28.9129,29.4026,25.4393,26.4278,0,0
CRJ_PB,D,20200420,000000,28.8312,34.5267,28.8312,33.8646,0,0
CRJ_PB,D,20200421,000000,33.8646,34.2819,30.9716,33.783,0,0
CRJ_PB,D,20200422,000000,33.6198,39.2336,33.6198,38.6533,0,0
CRJ_PB,D,20200423,000000,40.5578,40.5578,36.5945,38.0819,0,0
CRJ_PB,D,20200424,000000,37.175,37.828,36.0957,36.4222,0,0
CRJ_PB,D,20200427,000000,37.6647,42.1268,37.6647,40.721,0,0
CRJ_PB,D,20200428,000000,43.1154,44.113,41.7912,42.9521,0,0
CRJ_PB,D,20200429,000000,46.2533,46.2533,42.4533,42.9521,0,0
CRJ_PB,D,20200430,000000,43.7774,44.6027,42.7888,44.6027,0,0
CRJ_PB,D,20200504,000000,45.428,48.7383,45.428,47.7407,0,0
CRJ_PB,D,20200505,000000,48.7383,48.7383,46.2533,46.9154,0,0
CRJ_PB,D,20200506,000000,46.9154,47.9039,45.428,46.0901,0,0
CRJ_PB,D,20200507,000000,46.0901,46.5889,44.6027,45.9268,0,0
CRJ_PB,D,20200508,000000,46.5889,46.5889,44.6027,46.0901,0,0
CRJ_PB,D,20200511,000000,46.7521,49.3913,46.7521,48.7383,0,0
CRJ_PB,D,20200512,000000,48.7383,48.7383,45.9268,46.4165,0,0
CRJ_PB,D,20200513,000000,45.428,46.5889,43.9407,44.2762,0,0
CRJ_PB,D,20200514,000000,44.2762,44.2762,40.1406,42.1268,0,0
CRJ_PB,D,20200515,000000,43.2786,43.6141,42.4533,43.4509,0,0
CRJ_PB,D,20200518,000000,43.7774,46.5889,41.4738,41.4738,0,0
CRJ_PB,D,20200519,000000,41.628,41.9272,40.7301,41.4738,0,0
CRJ_PB,D,20200520,000000,41.4738,42.9702,40.8843,42.9702,0,0
CRJ_PB,D,20200521,000000,43.1154,43.1154,41.628,42.2266,0,0
CRJ_PB,D,20200522,000000,42.2266,42.9702,41.9272,42.9702,0,0
CRJ_PB,D,20200525,000000,43.7139,49.0829,42.9702,49.0829,0,0
CRJ_PB,D,20200526,000000,50.8786,56.2476,49.5364,55.2047,0,0
CRJ_PB,D,20200527,000000,54.461,55.0505,50.7245,50.7245,0,0
CRJ_PB,D,20200528,000000,51.6223,55.0505,51.4772,54.1617,0,0
CRJ_PB,D,20200529,000000,54.3068,55.2047,54.0076,54.3068,0,0
CRJ_PB,D,20200601,000000,53.5631,55.8033,53.5631,55.8033,0,0
CRJ_PB,D,20200602,000000,55.8033,55.8033,53.7082,54.1617,0,0
CRJ_PB,D,20200603,000000,54.3068,54.3068,51.9216,52.0758,0,0
CRJ_PB,D,20200604,000000,52.0758,53.418,51.6223,52.2209,0,0
CRJ_PB,D,20200605,000000,52.9646,52.9646,51.9216,52.0758,0,0
CRJ_PB,D,20200608,000000,52.5202,53.1188,50.2801,52.5202,0,0
CRJ_PB,D,20200609,000000,52.2209,53.418,51.6223,53.418,0,0
CRJ_PB,D,20200610,000000,53.418,58.787,52.9646,58.3336,0,0
CRJ_PB,D,20200612,000000,54.9054,57.1455,54.461,56.8462,0,0
CRJ_PB,D,20200615,000000,56.547,58.787,54.9054,58.3336,0,0
CRJ_PB,D,20200616,000000,59.0863,59.9751,56.8462,58.0433,0,0
CRJ_PB,D,20200617,000000,57.2906,66.242,57.2906,65.6435,0,0
CRJ_PB,D,20200618,000000,64.3012,72.9624,64.3012,72.9624,0,0
CRJ_PB,D,20200619,000000,72.9624,74.6038,70.1237,72.5088,0,0
CRJ_PB,D,20200622,000000,72.3638,72.3638,68.0377,69.0806,0,0
CRJ_PB,D,20200623,000000,68.1828,69.8243,67.1398,67.8835,0,0
CRJ_PB,D,20200624,000000,68.1828,78.7032,68.1828,75.3475,0,0
CRJ_PB,D,20200625,000000,77.2158,82.0588,77.2158,80.5714,0,0
CRJ_PB,D,20200626,000000,79.8187,94.7377,79.8187,86.5391,0,0
CRJ_PB,D,20200629,000000,88.7701,91.0102,82.4306,86.5391,0,0
CRJ_PB,D,20200630,000000,88.0264,88.0264,82.0588,86.802,0,0
CRJ_PB,D,20200701,000000,88.362,90.3209,84.4531,89.9309,0,0
CRJ_PB,D,20200702,000000,89.9309,94.2298,89.9309,90.7109,0,0
CRJ_PB,D,20200703,000000,90.7109,90.7109,85.233,87.582,0,0
CRJ_PB,D,20200706,000000,93.0599,94.6198,87.582,91.4908,0,0
CRJ_PB,D,20200707,000000,89.9309,92.2708,86.0221,87.582,0,0
CRJ_PB,D,20200708,000000,88.362,90.3209,87.582,87.582,0,0
CRJ_PB,D,20200709,000000,88.7519,88.7519,82.1042,82.1042,0,0
CRJ_PB,D,20200710,000000,82.1042,91.4908,82.1042,91.1009,0,0
CRJ_PB,D,20200713,000000,91.4908,97.7488,91.4908,96.9687,0,0
CRJ_PB,D,20200714,000000,97.7488,107.525,95.4,103.607,0,0
CRJ_PB,D,20200715,000000,103.607,104.787,99.309,101.267,0,0
CRJ_PB,D,20200716,000000,101.658,102.047,96.1801,102.047,0,0
CRJ_PB,D,20200717,000000,102.047,107.135,100.878,106.736,0,0
CRJ_PB,D,20200720,000000,108.696,108.696,101.658,105.956,0,0
CRJ_PB,D,20200721,000000,105.956,105.956,101.658,101.658,0,0
CRJ_PB,D,20200722,000000,100.878,100.878,96.1801,98.5289,0,0
CRJ_PB,D,20200723,000000,96.1801,97.7488,94.6198,95.7896,0,0
CRJ_PB,D,20200724,000000,93.8398,93.8398,89.142,91.8809,0,0
CRJ_PB,D,20200727,000000,91.8809,91.8809,88.362,88.7519,0,0
CRJ_PB,D,20200728,000000,88.7519,91.8809,86.4121,86.802,0,0
CRJ_PB,D,20200729,000000,82.1042,94.6198,80.5442,88.7519,0,0
CRJ_PB,D,20200730,000000,89.9309,90.3209,78.5853,78.5853,0,0
CRJ_PB,D,20200731,000000,82.1042,87.582,81.7141,84.0631,0,0
CRJ_PB,D,20200803,000000,83.2832,89.5319,83.2832,88.362,0,0
CRJ_PB,D,20200804,000000,89.9309,90.3209,84.8431,86.0221,0,0
CRJ_PB,D,20200805,000000,86.802,88.362,85.233,87.192,0,0
CRJ_PB,D,20200806,000000,87.582,89.9309,86.0221,87.582,0,0
CRJ_PB,D,20200807,000000,87.582,89.5319,85.233,89.142,0,0
CRJ_PB,D,20200810,000000,89.5319,89.9309,87.9719,88.7519,0,0
CRJ_PB,D,20200811,000000,88.7519,88.7519,86.4121,87.192,0,0
CRJ_PB,D,20200812,000000,86.4121,87.192,83.6732,85.6231,0,0
CRJ_PB,D,20200813,000000,86.0221,93.8398,84.4531,93.8398,0,0
CRJ_PB,D,20200814,000000,93.0599,93.0599,87.9719,92.2708,0,0
CRJ_PB,D,20200817,000000,91.1009,100.487,33.9826,33.9826,0,0
CRJ_PB,D,20200818,000000,33.8465,34.7806,33.3115,34.3816,0,0
CRJ_PB,D,20200819,000000,34.5176,34.5176,32.9124,33.3115,0,0
CRJ_PB,D,20200820,000000,32.3864,32.7854,31.8513,32.7854,0,0
CRJ_PB,D,20200821,000000,31.8513,33.1845,30.7811,30.7811,0,0
CRJ_PB,D,20200824,000000,31.1801,31.3162,30.5181,30.6542,0,0
CRJ_PB,D,20200825,000000,30.9171,31.0532,30.246,30.6542,0,0
CRJ_PB,D,20200826,000000,30.6542,30.6542,30.119,30.6542,0,0
CRJ_PB,D,20200827,000000,30.7811,32.7854,30.7811,32.7854,0,0
CRJ_PB,D,20200828,000000,33.0485,33.5835,32.7854,33.4475,0,0
CRJ_PB,D,20200831,000000,33.8465,33.8465,31.7153,31.7153,0,0
CRJ_PB,D,20200901,000000,31.4523,31.7153,29.448,30.3821,0,0
CRJ_PB,D,20200902,000000,30.5181,30.5181,29.1849,29.448,0,0
CRJ_PB,D,20200903,000000,29.72,30.9171,29.1849,29.1849,0,0
CRJ_PB,D,20200904,000000,28.6499,29.3209,28.2508,28.5138,0,0
CRJ_PB,D,20200907,000000,28.5138,30.3821,28.5138,29.0489,0,0
CRJ_PB,D,20200908,000000,28.7859,28.7859,26.2283,27.7157,0,0
CRJ_PB,D,20200909,000000,27.1806,28.5138,27.0537,27.9878,0,0
CRJ_PB,D,20200910,000000,27.9878,28.2508,26.9176,26.9176,0,0
CRJ_PB,D,20200911,000000,27.3166,28.7859,26.7816,27.8518,0,0
CRJ_PB,D,20200914,000000,28.2508,29.3209,28.2508,29.3209,0,0
CRJ_PB,D,20200915,000000,29.3209,29.847,27.9878,27.9878,0,0
CRJ_PB,D,20200916,000000,27.9878,29.0489,27.8518,29.0489,0,0
CRJ_PB,D,20200917,000000,29.0489,29.0489,27.5887,27.7157,0,0
CRJ_PB,D,20200918,000000,27.5887,27.9878,27.4527,27.7157,0,0
CRJ_PB,D,20200921,000000,27.7157,27.7157,26.3825,26.6546,0,0
CRJ_PB,D,20200922,000000,26.6001,27.0537,26.3825,26.3825,0,0
CRJ_PB,D,20200923,000000,26.5457,26.6546,25.53,25.53,0,0
CRJ_PB,D,20200924,000000,24.6775,24.7863,24.1515,24.5233,0,0
CRJ_PB,D,20200925,000000,25.0494,26.7816,25.004,26.3825,0,0
CRJ_PB,D,20200928,000000,27.0537,27.4527,26.7816,27.4527,0,0
CRJ_PB,D,20200929,000000,27.4527,27.9878,26.6546,27.0537,0,0
CRJ_PB,D,20200930,000000,26.7816,27.1806,26.3281,27.1806,0,0
CRJ_PB,D,20201001,000000,27.1806,28.1147,26.4369,26.5457,0,0
CRJ_PB,D,20201002,000000,26.4369,27.3166,26.4369,27.3166,0,0
CRJ_PB,D,20201005,000000,27.9878,29.0489,27.9878,28.6499,0,0
CRJ_PB,D,20201006,000000,28.6499,29.0489,27.1806,27.1806,0,0
CRJ_PB,D,20201007,000000,27.1806,27.9878,27.0537,27.4527,0,0
CRJ_PB,D,20201008,000000,27.7157,27.9878,27.3166,27.4527,0,0
CRJ_PB,D,20201009,000000,26.9176,27.0537,26.2828,27.0537,0,0
CRJ_PB,D,20201012,000000,27.7157,27.7157,27.0537,27.3166,0,0
CRJ_PB,D,20201013,000000,27.4527,27.4527,26.9176,27.4527,0,0
CRJ_PB,D,20201014,000000,26.9176,27.0537,26.3825,27.0537,0,0
CRJ_PB,D,20201015,000000,26.6001,26.9176,25.8021,26.1195,0,0
CRJ_PB,D,20201016,000000,25.3214,26.6546,25.3214,26.6001,0,0
CRJ_PB,D,20201019,000000,26.4913,31.0532,26.1195,30.9171,0,0
CRJ_PB,D,20201020,000000,30.5181,30.5181,28.7859,29.584,0,0
CRJ_PB,D,20201021,000000,29.0489,29.3209,28.2508,28.2508,0,0
CRJ_PB,D,20201022,000000,27.9878,28.5138,27.4527,28.3868,0,0
CRJ_PB,D,20201023,000000,28.1147,28.6499,27.1806,27.5887,0,0
CRJ_PB,D,20201026,000000,26.7816,27.5887,26.7816,27.0537,0,0
CRJ_PB,D,20201027,000000,26.9176,26.9176,26.4369,26.9176,0,0
CRJ_PB,D,20201028,000000,26.6546,26.6546,24.6775,25.5844,0,0
CRJ_PB,D,20201029,000000,25.53,26.6001,24.7863,26.5457,0,0
CRJ_PB,D,20201030,000000,26.0651,26.0651,25.1582,25.8565,0,0
CRJ_PB,D,20201102,000000,26.1195,26.4369,25.9563,26.3825,0,0
CRJ_PB,D,20201103,000000,26.2828,26.7816,25.7476,26.3825,0,0
CRJ_PB,D,20201104,000000,26.6001,26.6001,26.1739,26.4913,0,0
CRJ_PB,D,20201105,000000,26.4913,28.3868,26.4913,28.1147,0,0
CRJ_PB,D,20201106,000000,27.9878,28.1147,26.9176,27.8518,0,0
CRJ_PB,D,20201109,000000,28.1147,28.5138,26.9176,27.4527,0,0
CRJ_PB,D,20201110,000000,27.5887,27.5887,25.6932,27.4527,0,0
CRJ_PB,D,20201112,000000,27.0537,28.9219,27.0537,28.5138,0,0
CRJ_PB,D,20201113,000000,28.6499,28.6499,27.7157,28.1147,0,0
CRJ_PB,D,20201116,000000,28.3868,28.6499,27.7157,27.8518,0,0
CRJ_PB,D,20201117,000000,25.5844,26.7816,25.5844,26.2283,0,0
CRJ_PB,D,20201118,000000,25.7476,26.2283,21.7935,21.7935,0,0
CRJ_PB,D,20201119,000000,21.9295,22.1562,21.8841,22.0655,0,0
CRJ_PB,D,20201120,000000,22.2016,22.2016,21.7481,21.8388,0,0
CRJ_PB,D,20201123,000000,21.9748,21.9748,21.5305,21.8388,0,0
CRJ_PB,D,20201124,000000,21.8388,21.8388,21.4851,21.7481,0,0
CRJ_PB,D,20201125,000000,21.6121,21.7028,21.3038,21.3038,0,0
CRJ_PB,D,20201126,000000,21.5305,21.7028,21.077,21.077,0,0
CRJ_PB,D,20201127,000000,21.2584,21.2584,20.6326,21.0316,0,0
CRJ_PB,D,20201130,000000,20.8503,20.9863,20.1791,20.3605,0,0
CRJ_PB,D,20201201,000000,20.6326,21.213,19.9615,21.1676,0,0
CRJ_PB,D,20201202,000000,21.2584,21.4398,20.5873,20.7686,0,0
CRJ_PB,D,20201203,000000,20.7686,21.077,20.5419,20.6326,0,0
CRJ_PB,D,20201204,000000,20.5873,20.9409,20.5419,20.7686,0,0
CRJ_PB,D,20201207,000000,21.7028,23.5438,21.3038,23.435,0,0
CRJ_PB,D,20201208,000000,22.8727,23.0995,22.7639,22.8727,0,0
CRJ_PB,D,20201209,000000,23.5438,23.5438,21.7481,21.7481,0,0
CRJ_PB,D,20201210,000000,21.9748,22.7639,21.9748,22.4193,0,0
CRJ_PB,D,20201211,000000,22.4193,22.4193,21.5758,21.8388,0,0
CRJ_PB,D,20201214,000000,21.8388,21.8388,20.8503,21.077,0,0
CRJ_PB,D,20201215,000000,21.6574,22.9815,21.6574,22.383,0,0
CRJ_PB,D,20201216,000000,22.2016,22.2923,21.8841,22.2016,0,0
CRJ_PB,D,20201217,000000,22.2016,22.2016,21.9748,22.1562,0,0
CRJ_PB,D,20201218,000000,22.247,22.247,21.4398,21.7481,0,0
CRJ_PB,D,20201221,000000,21.3945,21.7028,21.077,21.5305,0,0
CRJ_PB,D,20201222,000000,21.5758,21.5758,21.1676,21.3491,0,0
CRJ_PB,D,20201223,000000,21.2584,21.5305,21.077,21.3945,0,0
CRJ_PB,D,20201228,000000,21.077,21.7028,21.077,21.7028,0,0
CRJ_PB,D,20201229,000000,21.7028,24.215,21.7028,23.8794,0,0
CRJ_PB,D,20201230,000000,23.9974,24.6684,23.435,24.6684,0,0
CRJ_PB,D,20210104,000000,24.6684,25.9019,24.6684,25.2307,0,0
CRJ_PB,D,20210105,000000,25.2307,26.6818,25.2307,26.0107,0,0
CRJ_PB,D,20210107,000000,26.0107,26.0107,25.3396,25.784,0,0
CRJ_PB,D,20210108,000000,25.784,25.784,25.004,25.004,0,0
CRJ_PB,D,20210111,000000,25.1128,26.2374,24.6684,24.7772,0,0
CRJ_PB,D,20210112,000000,24.8861,25.5663,23.5438,24.4417,0,0
CRJ_PB,D,20210113,000000,24.4417,24.8861,24.215,24.6684,0,0
CRJ_PB,D,20210114,000000,24.8861,25.4484,24.215,25.4484,0,0
CRJ_PB,D,20210115,000000,24.6684,25.2307,24.1062,24.6684,0,0
CRJ_PB,D,20210118,000000,24.1062,25.5663,24.1062,25.004,0,0
CRJ_PB,D,20210119,000000,25.1128,25.3396,24.3329,25.3396,0,0
CRJ_PB,D,20210120,000000,25.4484,27.1353,25.4484,26.4641,0,0
CRJ_PB,D,20210121,000000,27.2441,27.2441,26.5729,26.7997,0,0
CRJ_PB,D,20210122,000000,26.7997,26.7997,25.5663,26.4641,0,0
CRJ_PB,D,20210125,000000,26.6818,26.7997,25.6751,25.6751,0,0
CRJ_PB,D,20210126,000000,25.3396,26.0107,25.3396,25.784,0,0
CRJ_PB,D,20210127,000000,26.0107,26.4641,24.6684,24.6684,0,0
CRJ_PB,D,20210128,000000,24.6684,25.5663,23.9974,25.1128,0,0
CRJ_PB,D,20210129,000000,25.4484,26.5729,25.4484,26.5729,0,0
CRJ_PB,D,20210201,000000,26.5729,26.5729,25.4484,25.4484,0,0
CRJ_PB,D,20210202,000000,25.5663,25.784,25.1128,25.3396,0,0
CRJ_PB,D,20210203,000000,25.1128,25.1128,24.215,24.4417,0,0
CRJ_PB,D,20210204,000000,24.5505,24.5505,23.435,23.435,0,0
CRJ_PB,D,20210205,000000,23.435,24.215,23.435,23.7705,0,0
CRJ_PB,D,20210208,000000,23.6527,24.4417,23.2083,23.5438,0,0
CRJ_PB,D,20210209,000000,23.5438,23.5438,22.7639,23.2083,0,0
CRJ_PB,D,20210210,000000,22.8727,24.215,22.7639,23.7705,0,0
CRJ_PB,D,20210211,000000,23.8794,23.9974,23.435,23.8794,0,0
CRJ_PB,D,20210212,000000,23.8794,24.1062,22.7639,22.9815,0,0
CRJ_PB,D,20210215,000000,22.7639,23.3171,22.7639,23.0995,0,0
CRJ_PB,D,20210216,000000,22.4193,23.0995,22.3377,23.0995,0,0
CRJ_PB,D,20210217,000000,23.0995,23.0995,19.6622,19.6622,0,0
CRJ_PB,D,20210218,000000,19.762,19.8617,19.2812,19.2812,0,0
CRJ_PB,D,20210219,000000,19.2812,19.8617,19.2812,19.6622,0,0
CRJ_PB,D,20210222,000000,19.8617,19.8617,19.1271,19.2812,0,0
CRJ_PB,D,20210223,000000,19.0908,19.1996,18.7009,19.1996,0,0
CRJ_PB,D,20210224,000000,19.0908,19.8617,19.0908,19.762,0,0
CRJ_PB,D,20210225,000000,19.8617,19.8617,19.2812,19.381,0,0
CRJ_PB,D,20210226,000000,19.0908,19.1634,18.8188,19.0908,0,0
CRJ_PB,D,20210301,000000,18.9367,19.381,18.9367,19.245,0,0
CRJ_PB,D,20210302,000000,19.245,19.245,19.0092,19.0908,0,0
CRJ_PB,D,20210303,000000,19.0908,19.1996,18.3562,18.3562,0,0
CRJ_PB,D,20210304,000000,18.3562,18.7009,18.0841,18.7009,0,0
CRJ_PB,D,20210305,000000,18.5467,19.0092,18.3199,18.9367,0,0
CRJ_PB,D,20210308,000000,19.0092,19.245,18.5103,19.245,0,0
CRJ_PB,D,20210309,000000,19.2812,19.2812,18.9729,19.1634,0,0
CRJ_PB,D,20210310,000000,19.245,19.2812,18.7372,18.8188,0,0
CRJ_PB,D,20210311,000000,18.8913,19.1271,18.8913,19.0092,0,0
CRJ_PB,D,20210312,000000,18.8913,19.0092,18.5467,18.8913,0,0
CRJ_PB,D,20210315,000000,18.855,19.0092,18.6646,18.6646,0,0
CRJ_PB,D,20210316,000000,18.6646,19.0908,18.6646,18.9729,0,0
CRJ_PB,D,20210317,000000,18.8913,19.1271,18.3199,18.7372,0,0
CRJ_PB,D,20210318,000000,18.855,19.5715,18.855,19.245,0,0
CRJ_PB,D,20210319,000000,19.245,19.5715,19.0908,19.4718,0,0
CRJ_PB,D,20210322,000000,19.6622,19.6622,19.0092,19.245,0,0
CRJ_PB,D,20210323,000000,19.245,19.245,18.7825,19.0455,0,0
CRJ_PB,D,20210324,000000,19.0908,19.1271,18.855,19.1271,0,0
CRJ_PB,D,20210325,000000,19.0455,19.381,18.8913,19.1996,0,0
CRJ_PB,D,20210326,000000,18.8913,19.0908,18.7009,19.0092,0,0
CRJ_PB,D,20210329,000000,19.0455,19.1271,18.7009,18.9729,0,0
CRJ_PB,D,20210330,000000,18.8188,19.0455,18.7009,18.855,0,0
CRJ_PB,D,20210331,000000,18.7009,18.7009,18.5103,18.6646,0,0
CRJ_PB,D,20210401,000000,18.5103,18.5103,18.3743,18.3925,0,0
CRJ_PB,D,20210406,000000,18.5103,18.8913,18.5103,18.7009,0,0
CRJ_PB,D,20210407,000000,18.9367,18.9367,18.5103,18.7825,0,0
CRJ_PB,D,20210408,000000,18.7825,18.7825,18.1204,18.1204,0,0
CRJ_PB,D,20210409,000000,17.549,18.1023,17.549,18.066,0,0
CRJ_PB,D,20210412,000000,18.1658,18.1658,17.3495,17.3495,0,0
CRJ_PB,D,20210413,000000,17.3314,17.6397,17.3314,17.6034,0,0
CRJ_PB,D,20210414,000000,17.5671,17.7758,17.549,17.7758,0,0
CRJ_PB,D,20210415,000000,17.7758,17.93,17.549,17.7577,0,0
CRJ_PB,D,20210416,000000,17.8302,17.93,17.549,17.8121,0,0
CRJ_PB,D,20210419,000000,17.8302,18.1204,17.1772,18.1204,0,0
CRJ_PB,D,20210420,000000,18.1204,18.202,17.6397,18.1204,0,0
CRJ_PB,D,20210421,000000,17.794,17.93,17.3676,17.7395,0,0
CRJ_PB,D,20210422,000000,17.7214,17.7214,16.8689,17.3495,0,0
CRJ_PB,D,20210423,000000,17.3495,17.3495,16.4698,17.3495,0,0
CRJ_PB,D,20210426,000000,17.1591,17.1591,16.5786,16.5786,0,0
CRJ_PB,D,20210427,000000,16.3882,16.4698,15.7714,16.1977,0,0
CRJ_PB,D,20210428,000000,15.962,16.6965,15.2273,16.6602,0,0
CRJ_PB,D,20210429,000000,16.7328,16.7328,16.1977,16.1977,0,0
CRJ_PB,D,20210430,000000,16.8508,16.8508,14.7647,14.7647,0,0
CRJ_PB,D,20210504,000000,14.9371,14.9371,14.0665,14.0665,0,0
CRJ_PB,D,20210505,000000,13.9848,14.5925,13.876,14.4836,0,0
CRJ_PB,D,20210506,000000,14.5562,14.5562,14.0302,14.0846,0,0
CRJ_PB,D,20210507,000000,14.0665,14.3113,13.8578,14.3113,0,0
CRJ_PB,D,20210510,000000,14.3113,14.5925,14.0665,14.0665,0,0
CRJ_PB,D,20210511,000000,13.9848,14.4111,13.8034,13.876,0,0
CRJ_PB,D,20210512,000000,13.876,14.1209,13.4951,13.8941,0,0
CRJ_PB,D,20210513,000000,13.8578,13.8578,13.096,13.1958,0,0
CRJ_PB,D,20210514,000000,13.5495,14.1934,13.1958,14.1934,0,0
CRJ_PB,D,20210517,000000,14.5018,15.1639,14.5018,14.801,0,0
CRJ_PB,D,20210518,000000,14.801,14.801,14.2388,14.3476,0,0
CRJ_PB,D,20210519,000000,14.139,14.1934,13.6311,14.012,0,0
CRJ_PB,D,20210520,000000,13.9666,14.9371,13.9666,14.6378,0,0
CRJ_PB,D,20210521,000000,14.6559,15.2455,14.6559,15.1094,0,0
CRJ_PB,D,20210524,000000,15.1094,15.2001,14.6741,14.7647,0,0
CRJ_PB,D,20210525,000000,14.9371,14.9371,14.2932,14.2932,0,0
CRJ_PB,D,20210526,000000,14.5743,15.055,14.5743,14.7466,0,0
CRJ_PB,D,20210527,000000,15.0188,16.2431,14.7103,16.2431,0,0
CRJ_PB,D,20210528,000000,16.2884,16.2884,15.717,16.0164,0,0
CRJ_PB,D,20210531,000000,16.1887,16.4154,16.0798,16.4154,0,0
CRJ_PB,D,20210601,000000,16.3428,16.3428,13.5676,13.5676,0,0
CRJ_PB,D,20210602,000000,13.6402,13.6946,13.3409,13.613,0,0
CRJ_PB,D,20210604,000000,13.613,13.613,13.3409,13.4588,0,0
CRJ_PB,D,20210607,000000,14.538,14.538,13.6674,13.6674,0,0
CRJ_PB,D,20210608,000000,13.7399,13.9304,13.7399,13.876,0,0
CRJ_PB,D,20210609,000000,13.8941,14.0846,13.8941,14.0484,0,0
CRJ_PB,D,20210610,000000,14.0665,14.0665,13.5223,13.6402,0,0
CRJ_PB,D,20210611,000000,13.6402,13.6402,12.6788,13.214,0,0
CRJ_PB,D,20210614,000000,13.5495,13.8578,13.5495,13.6402,0,0
CRJ_PB,D,20210615,000000,13.8125,13.9213,13.6402,13.7762,0,0
CRJ_PB,D,20210616,000000,13.9666,13.9666,13.4225,13.622,0,0
CRJ_PB,D,20210617,000000,13.6946,13.6946,13.2956,13.3591,0,0
CRJ_PB,D,20210618,000000,13.3772,13.5404,13.2684,13.4588,0,0
CRJ_PB,D,20210621,000000,13.2684,13.2684,12.7695,13.0234,0,0
CRJ_PB,D,20210622,000000,13.0778,13.0778,12.4159,12.5882,0,0
CRJ_PB,D,20210623,000000,12.5338,12.5338,11.8989,12.0802,0,0
CRJ_PB,D,20210624,000000,11.9624,12.3887,11.8717,12.1346,0,0
CRJ_PB,D,20210625,000000,12.0893,12.18,11.917,11.9986,0,0
CRJ_PB,D,20210628,000000,12.0168,12.0621,11.8082,11.8717,0,0
CRJ_PB,D,20210629,000000,11.8263,11.8807,11.4001,11.7538,0,0
CRJ_PB,D,20210630,000000,11.7538,11.8989,11.2912,11.7266,0,0
CRJ_PB,D,20210701,000000,11.7266,12.18,11.6812,12.0168,0,0
CRJ_PB,D,20210702,000000,11.8989,12.0168,11.8989,11.9261,0,0
CRJ_PB,D,20210705,000000,11.9442,12.434,11.7538,12.434,0,0
CRJ_PB,D,20210706,000000,12.4884,12.8239,12.3887,12.5791,0,0
CRJ_PB,D,20210707,000000,12.5338,12.5791,12.4159,12.5065,0,0
CRJ_PB,D,20210708,000000,12.4431,12.5338,12.2708,12.3705,0,0
CRJ_PB,D,20210709,000000,12.2345,12.5338,12.1619,12.5338,0,0
CRJ_PB,D,20210712,000000,12.5338,12.7877,12.3524,12.7695,0,0
CRJ_PB,D,20210713,000000,12.7877,13.0053,12.7695,12.9418,0,0
CRJ_PB,D,20210714,000000,12.8239,13.0506,12.5519,12.5519,0,0
CRJ_PB,D,20210715,000000,12.5519,12.5519,12.0893,12.2526,0,0
CRJ_PB,D,20210716,000000,12.4612,12.5338,12.2345,12.3433,0,0
CRJ_PB,D,20210719,000000,12.18,12.2526,11.8445,11.8807,0,0
CRJ_PB,D,20210720,000000,11.9261,12.0168,11.4727,11.917,0,0
CRJ_PB,D,20210721,000000,11.8989,11.917,11.4999,11.5633,0,0
CRJ_PB,D,20210722,000000,11.6903,11.9442,11.6178,11.9442,0,0
CRJ_PB,D,20210723,000000,11.9442,11.9442,11.4092,11.4092,0,0
CRJ_PB,D,20210726,000000,11.4092,11.518,11.3729,11.4908,0,0
CRJ_PB,D,20210727,000000,11.5633,11.7266,11.3548,11.4273,0,0
CRJ_PB,D,20210728,000000,11.4999,11.4999,11.2368,11.2912,0,0
CRJ_PB,D,20210729,000000,11.5724,11.5724,10.5023,10.5023,0,0
CRJ_PB,D,20210730,000000,10.6927,10.7471,10.5748,10.5839,0,0
CRJ_PB,D,20210802,000000,10.3934,11.4999,10.3934,11.4999,0,0
CRJ_PB,D,20210803,000000,11.382,11.7266,10.8378,10.865,0,0
CRJ_PB,D,20210804,000000,10.9375,10.9375,10.6927,10.8378,0,0
CRJ_PB,D,20210805,000000,10.8559,11.2096,10.6927,11.2096,0,0
CRJ_PB,D,20210806,000000,11.2187,11.3276,10.9285,11.1642,0,0
CRJ_PB,D,20210809,000000,10.9738,11.3548,10.9738,11.2549,0,0
CRJ_PB,D,20210810,000000,11.264,11.3366,11.0554,11.2096,0,0
CRJ_PB,D,20210811,000000,11.0736,11.1461,11.0554,11.1461,0,0
CRJ_PB,D,20210812,000000,11.1008,11.781,11.1008,11.3548,0,0
CRJ_PB,D,20210813,000000,11.2096,11.4273,11.1914,11.4273,0,0
CRJ_PB,D,20210816,000000,11.5633,11.645,11.3276,11.645,0,0
CRJ_PB,D,20210817,000000,11.4999,11.4999,11.0917,11.3548,0,0
CRJ_PB,D,20210818,000000,11.382,11.382,11.0736,11.1733,0,0
CRJ_PB,D,20210819,000000,11.0736,11.4092,10.7924,11.4092,0,0
CRJ_PB,D,20210820,000000,11.2368,11.3548,11.2187,11.3366,0,0
CRJ_PB,D,20210823,000000,11.264,11.5452,11.0282,11.2912,0,0
CRJ_PB,D,20210824,000000,11.4999,11.5724,11.3094,11.4273,0,0
CRJ_PB,D,20210825,000000,11.2912,11.4727,11.0554,11.4727,0,0
CRJ_PB,D,20210826,000000,11.4999,11.4999,11.0554,11.4727,0,0
CRJ_PB,D,20210827,000000,11.1461,11.382,11.0917,11.128,0,0
CRJ_PB,D,20210830,000000,11.2096,11.3276,10.9738,11.3276,0,0
CRJ_PB,D,20210831,000000,11.2912,11.3366,11.0554,11.3094,0,0
CRJ_PB,D,20210901,000000,11.1461,11.1642,10.8559,11.001,0,0
CRJ_PB,D,20210902,000000,10.8831,11.128,10.8559,11.0736,0,0
CRJ_PB,D,20210903,000000,11.0736,11.0736,10.9103,10.9375,0,0
CRJ_PB,D,20210906,000000,10.8831,11.128,10.6927,11.128,0,0
CRJ_PB,D,20210907,000000,11.0554,11.1189,10.8922,11.001,0,0
CRJ_PB,D,20210908,000000,10.8831,10.9103,10.7199,10.7652,0,0
CRJ_PB,D,20210909,000000,10.7743,10.8922,10.7652,10.8922,0,0
CRJ_PB,D,20210910,000000,10.8922,10.9738,10.738,10.9738,0,0
CRJ_PB,D,20210913,000000,10.8922,10.9285,10.7018,10.8559,0,0
CRJ_PB,D,20210914,000000,10.865,11.0464,10.5295,11.0464,0,0
CRJ_PB,D,20210915,000000,11.0554,11.0554,10.8106,10.9375,0,0
CRJ_PB,D,20210916,000000,10.9103,10.9103,10.6474,10.865,0,0
CRJ_PB,D,20210917,000000,10.7199,10.865,10.6201,10.8559,0,0
CRJ_PB,D,20210920,000000,10.6474,10.7652,10.3208,10.7652,0,0
CRJ_PB,D,20210921,000000,10.6292,10.6292,10.1576,10.3208,0,0
CRJ_PB,D,20210922,000000,10.3208,10.602,10.3208,10.348,0,0
CRJ_PB,D,20210923,000000,10.4388,11.0282,10.3934,11.0282,0,0
CRJ_PB,D,20210924,000000,10.8831,10.8831,10.5567,10.7652,0,0
CRJ_PB,D,20210927,000000,10.9103,10.9103,10.5567,10.8378,0,0
CRJ_PB,D,20210928,000000,10.8922,10.8922,10.6201,10.865,0,0
CRJ_PB,D,20210929,000000,10.8831,10.8831,10.6201,10.7471,0,0
CRJ_PB,D,20210930,000000,10.5839,10.7652,8.86068,8.86068,0,0
CRJ_PB,D,20211001,000000,8.71557,9.04207,8.5614,8.96951,0,0
CRJ_PB,D,20211004,000000,8.96951,9.28694,8.77906,9.13276,0,0
CRJ_PB,D,20211005,000000,9.20532,9.20532,8.57047,8.96044,0,0
CRJ_PB,D,20211006,000000,8.81533,8.81533,8.7065,8.81533,0,0
CRJ_PB,D,20211007,000000,8.74279,8.84255,8.67023,8.74279,0,0
CRJ_PB,D,20211008,000000,8.71557,8.96951,8.71557,8.96951,0,0
CRJ_PB,D,20211011,000000,8.96951,8.96951,8.7065,8.74279,0,0
CRJ_PB,D,20211012,000000,8.77906,8.77906,8.46164,8.46164,0,0
CRJ_PB,D,20211013,000000,8.46164,8.59767,8.42536,8.49791,0,0
CRJ_PB,D,20211014,000000,8.49791,8.55233,8.27118,8.49791,0,0
CRJ_PB,D,20211015,000000,8.48884,8.48884,8.28025,8.42536,0,0
CRJ_PB,D,20211018,000000,8.38908,8.38908,8.2077,8.31653,0,0
CRJ_PB,D,20211019,000000,8.28025,8.28932,8.14421,8.28932,0,0
CRJ_PB,D,20211020,000000,8.28932,8.55233,8.16235,8.52512,0,0
CRJ_PB,D,20211021,000000,8.52512,8.86068,8.52512,8.84255,0,0
CRJ_PB,D,20211022,000000,8.84255,8.9151,8.64302,8.9151,0,0
CRJ_PB,D,20211025,000000,8.9151,8.9151,8.6793,8.86068,0,0
CRJ_PB,D,20211026,000000,8.80626,8.84255,8.7065,8.82441,0,0
CRJ_PB,D,20211027,000000,8.85161,8.85161,8.43442,8.7065,0,0
CRJ_PB,D,20211028,000000,8.6793,8.77906,8.50698,8.76999,0,0
CRJ_PB,D,20211029,000000,8.67023,8.86068,8.50698,8.86068,0,0
CRJ_PB,D,20211102,000000,8.66116,8.76999,8.57047,8.75185,0,0
CRJ_PB,D,20211103,000000,8.66116,8.74279,8.55233,8.74279,0,0
CRJ_PB,D,20211104,000000,8.67023,8.86068,8.64302,8.86068,0,0
CRJ_PB,D,20211105,000000,8.80626,9.07834,8.77906,9.07834,0,0
CRJ_PB,D,20211108,000000,9.06927,9.35042,9.06927,9.24159,0,0
CRJ_PB,D,20211109,000000,9.24159,9.25066,9.07834,9.1781,0,0
CRJ_PB,D,20211110,000000,9.1781,9.1781,8.95138,9.033,0,0
CRJ_PB,D,20211112,000000,8.87882,9.10556,8.87882,9.10556,0,0
CRJ_PB,D,20211115,000000,9.09649,9.22345,9.033,9.10556,0,0
CRJ_PB,D,20211116,000000,9.13276,9.64066,9.13276,9.34135,0,0
CRJ_PB,D,20211117,000000,9.35042,9.46833,9.24159,9.27787,0,0
CRJ_PB,D,20211118,000000,9.28694,9.9399,8.99672,9.9399,0,0
CRJ_PB,D,20211119,000000,9.9581,9.9581,9.55905,9.55905,0,0
CRJ_PB,D,20211122,000000,9.55905,9.82199,9.37763,9.61346,0,0
CRJ_PB,D,20211123,000000,9.56806,9.56806,9.07834,9.45018,0,0
CRJ_PB,D,20211124,000000,9.45018,9.59526,9.1509,9.59526,0,0
CRJ_PB,D,20211125,000000,9.59526,9.64066,9.34135,9.64066,0,0
CRJ_PB,D,20211126,000000,9.45926,9.45926,9.1509,9.41391,0,0
CRJ_PB,D,20211129,000000,9.41391,9.63157,9.31415,9.63157,0,0
CRJ_PB,D,20211130,000000,9.53185,9.53185,9.41391,9.45018,0,0
CRJ_PB,D,20211201,000000,9.49555,9.64066,7.95376,7.95376,0,0
CRJ_PB,D,20211202,000000,7.95376,8.04445,7.86306,7.9991,0,0
CRJ_PB,D,20211203,000000,8.01724,8.117,7.94469,8.117,0,0
CRJ_PB,D,20211206,000000,8.117,8.16235,8.02631,8.117,0,0
CRJ_PB,D,20211207,000000,8.117,8.117,7.97189,8.01724,0,0
CRJ_PB,D,20211208,000000,7.98096,8.04445,7.94469,7.96282,0,0
CRJ_PB,D,20211209,000000,8.07165,8.07165,7.89934,7.89934,0,0
CRJ_PB,D,20211210,000000,7.89934,7.89934,7.61819,7.68168,0,0
CRJ_PB,D,20211213,000000,7.7361,7.95376,7.50936,7.95376,0,0
CRJ_PB,D,20211214,000000,7.9084,7.9084,7.68168,7.8812,0,0
CRJ_PB,D,20211215,000000,7.8812,7.9084,7.54563,7.65447,0,0
CRJ_PB,D,20211216,000000,7.50936,7.75423,7.50936,7.60912,0,0
CRJ_PB,D,20211217,000000,7.61819,7.67261,7.41867,7.50936,0,0
CRJ_PB,D,20211220,000000,7.4096,7.59098,7.30984,7.59098,0,0
CRJ_PB,D,20211221,000000,7.59098,7.70888,7.46402,7.70888,0,0
CRJ_PB,D,20211222,000000,7.70888,7.70888,7.55471,7.59098,0,0
CRJ_PB,D,20211223,000000,7.59098,7.70888,7.25542,7.70888,0,0
CRJ_PB,D,20211227,000000,7.70888,7.70888,7.47309,7.50936,0,0
CRJ_PB,D,20211228,000000,7.50936,7.56378,7.36425,7.48216,0,0
CRJ_PB,D,20211229,000000,7.46402,7.70888,7.40053,7.70888,0,0
CRJ_PB,D,20211230,000000,7.69075,7.96282,7.61819,7.96282,0,0
CRJ_PB,D,20220103,000000,7.96282,8.13514,7.96282,7.9991,0,0
CRJ_PB,D,20220104,000000,8.01724,8.09887,7.9991,8.03538,0,0
CRJ_PB,D,20220105,000000,8.01724,8.01724,7.89027,7.94469,0,0
CRJ_PB,D,20220107,000000,7.93562,8.07165,7.86306,8.05352,0,0
CRJ_PB,D,20220110,000000,8.08979,8.44349,8.08979,8.31653,0,0
CRJ_PB,D,20220111,000000,8.37095,8.49791,8.33466,8.47071,0,0
CRJ_PB,D,20220112,000000,8.51605,8.5614,8.37095,8.44349,0,0
CRJ_PB,D,20220113,000000,8.44349,8.55233,8.25304,8.44349,0,0
CRJ_PB,D,20220114,000000,8.44349,8.53418,8.42536,8.46164,0,0
CRJ_PB,D,20220117,000000,8.41629,8.47978,8.31653,8.45256,0,0
CRJ_PB,D,20220118,000000,8.45256,8.73372,8.31653,8.60674,0,0
CRJ_PB,D,20220119,000000,8.55233,8.5614,8.31653,8.41629,0,0
CRJ_PB,D,20220120,000000,8.31653,8.41629,8.22583,8.22583,0,0
CRJ_PB,D,20220121,000000,8.21677,8.21677,7.97189,8.02631,0,0
CRJ_PB,D,20220124,000000,8.01724,8.04445,7.51843,7.63633,0,0
CRJ_PB,D,20220125,000000,7.66354,7.89027,7.63633,7.69981,0,0
CRJ_PB,D,20220126,000000,7.67261,7.84493,7.66354,7.70888,0,0
CRJ_PB,D,20220127,000000,7.60912,7.70888,7.50936,7.54563,0,0
CRJ_PB,D,20220128,000000,7.50936,7.55471,7.44587,7.50936,0,0
CRJ_PB,D,20220131,000000,7.50936,7.87213,7.50936,7.75423,0,0
CRJ_PB,D,20220201,000000,7.86306,8.117,7.79051,7.9084,0,0
CRJ_PB,D,20220202,000000,7.93562,8.09887,7.89934,7.96282,0,0
CRJ_PB,D,20220203,000000,8.02631,8.36187,7.9084,8.117,0,0
CRJ_PB,D,20220204,000000,8.18956,8.18956,7.82679,7.96282,0,0
CRJ_PB,D,20220207,000000,7.96282,7.98096,7.79957,7.89934,0,0
CRJ_PB,D,20220208,000000,7.89027,7.98096,7.85399,7.95376,0,0
CRJ_PB,D,20220209,000000,7.80864,8.14421,7.80864,8.08072,0,0
CRJ_PB,D,20220210,000000,8.08072,8.08979,7.94469,8.08072,0,0
CRJ_PB,D,20220211,000000,8.07165,8.18048,8.01724,8.09887,0,0
CRJ_PB,D,20220214,000000,7.99003,7.99003,7.69075,7.84493,0,0
CRJ_PB,D,20220215,000000,7.80864,8.15328,7.78144,8.08979,0,0
CRJ_PB,D,20220216,000000,8.16235,8.16235,8.01724,8.06258,0,0
CRJ_PB,D,20220217,000000,8.07165,8.09887,7.78144,7.78144,0,0
CRJ_PB,D,20220218,000000,7.7633,7.83586,7.50936,7.50936,0,0
CRJ_PB,D,20220221,000000,7.53656,7.54563,7.28263,7.40053,0,0
CRJ_PB,D,20220222,000000,7.26449,7.93562,7.26449,7.89934,0,0
CRJ_PB,D,20220223,000000,7.97189,8.09887,7.7361,7.7361,0,0
CRJ_PB,D,20220224,000000,7.30984,7.50029,7.00148,7.27356,0,0
CRJ_PB,D,20220225,000000,7.27356,7.59098,7.19194,7.55471,0,0
CRJ_PB,D,20220228,000000,7.50029,7.79957,7.39146,7.70888,0,0
CRJ_PB,D,20220301,000000,7.7633,7.7633,7.4096,7.46402,0,0
CRJ_PB,D,20220302,000000,7.41867,7.46402,7.16473,7.31891,0,0
CRJ_PB,D,20220303,000000,7.31891,7.35518,7.21008,7.2917,0,0
CRJ_PB,D,20220304,000000,7.21008,7.21008,6.90172,6.94707,0,0
CRJ_PB,D,20220307,000000,6.81102,6.91078,6.41198,6.69313,0,0
CRJ_PB,D,20220308,000000,6.52988,6.84731,6.44825,6.44825,0,0
CRJ_PB,D,20220309,000000,6.71126,6.938,6.69313,6.91078,0,0
CRJ_PB,D,20220310,000000,6.92893,7.10125,6.89265,6.91986,0,0
CRJ_PB,D,20220311,000000,6.91986,7.01055,6.91986,6.99241,0,0
CRJ_PB,D,20220314,000000,6.99241,7.03776,6.87451,6.89265,0,0
CRJ_PB,D,20220315,000000,6.9652,7.01055,6.72033,7.01055,0,0
CRJ_PB,D,20220316,000000,7.00148,7.16473,6.82009,6.97427,0,0
CRJ_PB,D,20220317,000000,7.01055,7.15566,6.84731,7.15566,0,0
CRJ_PB,D,20220318,000000,7.07403,7.11032,6.91078,7.01055,0,0
CRJ_PB,D,20220321,000000,6.938,7.12845,6.88358,7.12845,0,0
CRJ_PB,D,20220322,000000,7.11032,7.28263,7.02869,7.21008,0,0
CRJ_PB,D,20220323,000000,7.22821,7.37332,7.11032,7.11032,0,0
CRJ_PB,D,20220324,000000,7.11032,7.30077,7.01962,7.30077,0,0
CRJ_PB,D,20220325,000000,7.21915,7.39146,7.21915,7.39146,0,0
CRJ_PB,D,20220328,000000,7.39146,7.39146,7.13752,7.30984,0,0
CRJ_PB,D,20220329,000000,7.30077,7.36425,7.17379,7.17379,0,0
CRJ_PB,D,20220330,000000,7.21008,7.2917,7.17379,7.17379,0,0
CRJ_PB,D,20220331,000000,7.16473,7.16473,7.01962,7.0831,0,0
CRJ_PB,D,20220401,000000,7.06496,7.35518,7.00148,7.35518,0,0
CRJ_PB,D,20220404,000000,7.34611,7.34611,7.16473,7.30984,0,0
CRJ_PB,D,20220405,000000,7.2917,7.37332,7.21008,7.37332,0,0
CRJ_PB,D,20220406,000000,7.38239,7.38239,7.07403,7.23728,0,0
CRJ_PB,D,20220407,000000,7.11032,7.30984,7.03776,7.30984,0,0
CRJ_PB,D,20220408,000000,7.22821,7.50029,7.11032,7.50029,0,0
CRJ_PB,D,20220411,000000,7.9084,7.9084,7.30984,7.41867,0,0
CRJ_PB,D,20220412,000000,7.41867,7.41867,7.11032,7.25542,0,0
CRJ_PB,D,20220413,000000,7.16473,7.18286,7.02869,7.11938,0,0
CRJ_PB,D,20220414,000000,7.11032,7.15566,7.00148,7.15566,0,0
CRJ_PB,D,20220419,000000,7.12845,7.12845,6.94707,7.07403,0,0
CRJ_PB,D,20220420,000000,7.01055,7.01055,6.82917,6.91078,0,0
CRJ_PB,D,20220421,000000,6.86544,7.00148,6.77475,6.82009,0,0
CRJ_PB,D,20220422,000000,6.82009,7.01055,6.7294,7.01055,0,0
CRJ_PB,D,20220425,000000,6.7294,6.89265,6.5843,6.89265,0,0
CRJ_PB,D,20220426,000000,6.77475,6.88358,6.56616,6.69313,0,0
CRJ_PB,D,20220427,000000,6.56616,6.80195,6.51174,6.80195,0,0
CRJ_PB,D,20220428,000000,6.70219,6.78382,6.52988,6.52988,0,0
CRJ_PB,D,20220429,000000,6.60243,6.81102,6.40291,6.81102,0,0
CRJ_PB,D,20220502,000000,6.59336,6.81102,6.48454,6.78382,0,0
CRJ_PB,D,20220504,000000,6.80195,6.80195,6.6115,6.62057,0,0
CRJ_PB,D,20220505,000000,6.67499,6.78382,6.52988,6.71126,0,0
CRJ_PB,D,20220506,000000,6.6115,6.69313,6.42105,6.64778,0,0
CRJ_PB,D,20220509,000000,6.52081,6.6115,5.63202,5.63202,0,0
CRJ_PB,D,20220510,000000,5.62295,5.63202,5.40529,5.50505,0,0
CRJ_PB,D,20220511,000000,5.54132,5.54132,5.40529,5.4325,0,0
CRJ_PB,D,20220512,000000,5.36901,5.36901,5.09693,5.11508,0,0
CRJ_PB,D,20220513,000000,5.13321,5.19669,5.00624,5.16949,0,0
CRJ_PB,D,20220516,000000,5.13321,5.16042,4.89741,4.97903,0,0
CRJ_PB,D,20220517,000000,4.9609,5.14228,4.89741,5.04252,0,0
CRJ_PB,D,20220518,000000,5.05159,5.23297,4.9881,5.20577,0,0
CRJ_PB,D,20220519,000000,5.11508,5.11508,4.99717,5.05159,0,0
CRJ_PB,D,20220520,000000,5.03345,5.26018,4.9609,5.26018,0,0
CRJ_PB,D,20220523,000000,5.25111,5.46877,5.25111,5.32367,0,0
CRJ_PB,D,20220524,000000,5.32367,5.32367,5.06972,5.09693,0,0
CRJ_PB,D,20220525,000000,5.07879,5.07879,4.86113,5.03345,0,0
CRJ_PB,D,20220526,000000,4.9881,5.16949,4.82485,5.16949,0,0
CRJ_PB,D,20220527,000000,5.06972,5.25111,5.01531,5.13321,0,0
CRJ_PB,D,20220530,000000,5.04252,5.52319,5.04252,5.51412,0,0
CRJ_PB,D,20220531,000000,5.3418,5.69551,5.3418,5.64109,0,0
CRJ_PB,D,20220601,000000,5.70457,5.70457,5.48692,5.55039,0,0
CRJ_PB,D,20220602,000000,5.57761,5.61388,4.73416,4.73416,0,0
CRJ_PB,D,20220603,000000,4.6344,4.74323,4.38953,4.5165,0,0
CRJ_PB,D,20220606,000000,4.46208,4.56184,4.38953,4.56184,0,0
CRJ_PB,D,20220607,000000,4.50743,4.65253,4.49836,4.62533,0,0
CRJ_PB,D,20220608,000000,4.6344,4.6344,4.44394,4.49836,0,0
CRJ_PB,D,20220609,000000,4.4893,4.5165,4.36232,4.36232,0,0
CRJ_PB,D,20220610,000000,4.32605,4.35325,4.18093,4.20815,0,0
CRJ_PB,D,20220613,000000,4.05397,4.19907,3.85445,3.85445,0,0
CRJ_PB,D,20220614,000000,3.89979,3.96328,3.85445,3.96328,0,0
CRJ_PB,D,20220615,000000,3.96328,3.96328,3.8363,3.92699,0,0
CRJ_PB,D,20220617,000000,3.82723,3.92699,3.81816,3.88165,0,0
CRJ_PB,D,20220620,000000,3.93357,3.98096,3.85774,3.96201,0,0
CRJ_PB,D,20220621,000000,3.97149,4.03784,3.97149,4.02836,0,0
CRJ_PB,D,20220622,000000,3.99992,3.99992,3.82931,3.91462,0,0
CRJ_PB,D,20220623,000000,3.82931,4.02836,3.82931,4.02836,0,0
CRJ_PB,D,20220624,000000,4.02836,4.04731,3.88618,4.02836,0,0
CRJ_PB,D,20220627,000000,4.05679,4.1421,3.99044,4.04731,0,0
CRJ_PB,D,20220628,000000,4.06627,4.06627,3.95253,3.98096,0,0
CRJ_PB,D,20220629,000000,3.96201,3.97149,3.91462,3.96201,0,0
CRJ_PB,D,20220630,000000,3.91462,3.96201,3.89566,3.89566,0,0
CRJ_PB,D,20220701,000000,3.82931,3.88618,3.78192,3.82931,0,0
CRJ_PB,D,20220704,000000,3.82931,3.82931,3.744,3.77244,0,0
CRJ_PB,D,20220705,000000,3.81983,3.81983,3.6113,3.64922,0,0
CRJ_PB,D,20220706,000000,3.63974,3.71557,3.62078,3.63974,0,0
CRJ_PB,D,20220707,000000,3.6113,3.67765,3.6113,3.6587,0,0
CRJ_PB,D,20220708,000000,3.67765,3.98096,3.67765,3.98096,0,0
CRJ_PB,D,20220711,000000,3.98096,4.3601,3.98096,4.23688,0,0
CRJ_PB,D,20220712,000000,4.23688,4.23688,3.91462,4.18949,0,0
CRJ_PB,D,20220713,000000,4.18001,4.37906,4.17053,4.37906,0,0
CRJ_PB,D,20220714,000000,4.38854,4.39802,4.29375,4.35063,0,0
CRJ_PB,D,20220715,000000,4.39802,4.73924,4.39802,4.66342,0,0
CRJ_PB,D,20220718,000000,4.71081,4.7582,4.64446,4.67289,0,0
CRJ_PB,D,20220719,000000,4.72029,4.78664,4.64446,4.70133,0,0
CRJ_PB,D,20220720,000000,4.77716,4.77716,4.6255,4.67289,0,0
CRJ_PB,D,20220721,000000,4.64446,4.78664,4.64446,4.78664,0,0
CRJ_PB,D,20220722,000000,4.82455,5.17525,4.82455,5.08995,0,0
CRJ_PB,D,20220725,000000,5.08995,5.12786,5.01412,5.01412,0,0
CRJ_PB,D,20220726,000000,5.07099,5.07099,4.56863,4.58759,0,0
CRJ_PB,D,20220727,000000,4.64446,4.76768,4.64446,4.74872,0,0
CRJ_PB,D,20220728,000000,4.79611,4.81507,4.73924,4.73924,0,0
CRJ_PB,D,20220729,000000,4.83403,5.01412,4.73924,5.01412,0,0
CRJ_PB,D,20220801,000000,5.01412,5.01412,4.90038,4.99516,0,0
CRJ_PB,D,20220802,000000,5.00464,5.27004,5.00464,5.27004,0,0
CRJ_PB,D,20220803,000000,5.27004,5.78188,5.27004,5.62074,0,0
CRJ_PB,D,20220804,000000,5.68709,5.68709,5.41222,5.49752,0,0
CRJ_PB,D,20220805,000000,5.49752,5.53544,5.45961,5.53544,0,0
CRJ_PB,D,20220808,000000,5.52596,5.52596,5.21317,5.21317,0,0
CRJ_PB,D,20220809,000000,5.29847,5.3743,5.14682,5.2416,0,0
CRJ_PB,D,20220810,000000,5.27004,5.27004,5.00464,5.12786,0,0
CRJ_PB,D,20220811,000000,5.01412,5.47857,5.01412,5.3743,0,0
CRJ_PB,D,20220812,000000,5.44065,5.44065,5.23213,5.2416,0,0
CRJ_PB,D,20220816,000000,5.25108,5.289,5.12786,5.16578,0,0
CRJ_PB,D,20220817,000000,5.29847,5.47857,5.29847,5.35535,0,0
CRJ_PB,D,20220818,000000,5.35535,5.48804,5.35535,5.3743,0,0
CRJ_PB,D,20220819,000000,5.49752,5.49752,5.3743,5.3743,0,0
CRJ_PB,D,20220822,000000,5.39326,5.44065,5.07099,5.07099,0,0
CRJ_PB,D,20220823,000000,5.08995,5.18473,5.07099,5.14682,0,0
CRJ_PB,D,20220824,000000,5.06151,5.1563,4.92881,5.05203,0,0
CRJ_PB,D,20220825,000000,5.05203,5.18473,4.95725,4.95725,0,0
CRJ_PB,D,20220826,000000,4.94777,5.00464,4.8909,4.95725,0,0
CRJ_PB,D,20220829,000000,4.98568,4.98568,4.77716,4.96673,0,0
CRJ_PB,D,20220830,000000,4.96673,5.04256,4.66342,4.80559,0,0
CRJ_PB,D,20220831,000000,4.80559,4.87194,4.80559,4.87194,0,0
CRJ_PB,D,20220901,000000,4.8909,4.97621,4.8909,4.91934,0,0
CRJ_PB,D,20220902,000000,4.91934,5.25108,4.91934,5.14682,0,0
CRJ_PB,D,20220905,000000,5.12786,5.14682,5.05203,5.09943,0,0
CRJ_PB,D,20220906,000000,5.07099,5.289,5.07099,5.289,0,0
CRJ_PB,D,20220907,000000,5.20369,5.33639,5.20369,5.33639,0,0
CRJ_PB,D,20220908,000000,5.35535,5.35535,5.1563,5.26056,0,0
CRJ_PB,D,20220909,000000,5.27004,5.29847,5.21317,5.21317,0,0
CRJ_PB,D,20220912,000000,5.13734,5.21317,5.01412,5.05203,0,0
CRJ_PB,D,20220913,000000,5.06151,5.07099,4.95725,4.98568,0,0
CRJ_PB,D,20220914,000000,4.8909,4.97621,4.8909,4.96673,0,0
CRJ_PB,D,20220915,000000,4.95725,4.96673,4.85299,4.85299,0,0
CRJ_PB,D,20220916,000000,4.95725,4.95725,4.87194,4.94777,0,0
CRJ_PB,D,20220919,000000,4.94777,4.94777,4.87194,4.91934,0,0
CRJ_PB,D,20220920,000000,4.90986,4.92881,4.60654,4.85299,0,0
CRJ_PB,D,20220921,000000,4.78664,4.8909,4.60654,4.8909,0,0
CRJ_PB,D,20220922,000000,4.77716,4.88142,4.65394,4.84351,0,0
CRJ_PB,D,20220923,000000,4.86246,5.04256,4.80559,5.04256,0,0
CRJ_PB,D,20220926,000000,4.96673,5.0236,4.68237,5.0236,0,0
CRJ_PB,D,20220927,000000,4.99516,4.99516,4.96673,4.99516,0,0
CRJ_PB,D,20220928,000000,4.92881,4.97621,4.81507,4.97621,0,0
CRJ_PB,D,20220929,000000,4.97621,5.17525,4.82455,4.87194,0,0
CRJ_PB,D,20220930,000000,4.8909,5.0236,4.8909,4.95725,0,0
CRJ_PB,D,20221003,000000,4.92881,4.95725,4.80559,4.95725,0,0
CRJ_PB,D,20221004,000000,4.95725,5.0236,4.83403,4.90038,0,0
CRJ_PB,D,20221005,000000,5.01412,5.07099,4.66342,4.8909,0,0
CRJ_PB,D,20221006,000000,4.8909,4.93829,4.81507,4.93829,0,0
CRJ_PB,D,20221007,000000,5.00464,5.00464,4.78664,4.98568,0,0
CRJ_PB,D,20221010,000000,4.94777,5.06151,4.93829,5.01412,0,0
CRJ_PB,D,20221011,000000,4.96673,5.01412,4.86246,5.01412,0,0
CRJ_PB,D,20221012,000000,5.04256,5.13734,4.97621,5.06151,0,0
CRJ_PB,D,20221013,000000,5.08047,5.08995,4.98568,5.01412,0,0
CRJ_PB,D,20221014,000000,5.07099,5.1089,5.01412,5.07099,0,0
CRJ_PB,D,20221017,000000,5.1089,5.13734,4.93829,5.00464,0,0
CRJ_PB,D,20221018,000000,5.05203,5.22265,5.04256,5.19421,0,0
CRJ_PB,D,20221019,000000,5.12786,5.30795,5.00464,5.04256,0,0
CRJ_PB,D,20221020,000000,5.11838,5.11838,4.88142,4.99516,0,0
CRJ_PB,D,20221021,000000,4.8909,4.98568,4.8909,4.97621,0,0
CRJ_PB,D,20221024,000000,5.00464,5.09943,4.88142,4.98568,0,0
CRJ_PB,D,20221025,000000,4.98568,5.01412,4.96673,5.01412,0,0
CRJ_PB,D,20221026,000000,4.95725,5.01412,4.69185,4.85299,0,0
CRJ_PB,D,20221027,000000,4.86246,4.93829,4.83403,4.91934,0,0
CRJ_PB,D,20221028,000000,4.93829,5.01412,4.92881,5.00464,0,0
CRJ_PB,D,20221031,000000,4.99516,5.00464,4.8909,5.00464,0,0
CRJ_PB,D,20221102,000000,4.93829,5.09943,4.93829,5.09943,0,0
CRJ_PB,D,20221103,000000,5.01412,5.27004,4.96673,5.12786,0,0
CRJ_PB,D,20221104,000000,5.29847,5.34587,5.18473,5.30795,0,0
CRJ_PB,D,20221107,000000,5.34587,5.34587,5.1089,5.22265,0,0
CRJ_PB,D,20221108,000000,5.17525,5.22265,5.04256,5.07099,0,0
CRJ_PB,D,20221109,000000,5.20369,5.33639,5.1563,5.33639,0,0
CRJ_PB,D,20221110,000000,5.30795,5.30795,5.04256,5.289,0,0
CRJ_PB,D,20221114,000000,5.3743,5.54492,5.30795,5.41222,0,0
CRJ_PB,D,20221115,000000,5.43117,5.44065,5.27952,5.38378,0,0
CRJ_PB,D,20221116,000000,5.38378,5.39326,5.19421,5.25108,0,0
CRJ_PB,D,20221117,000000,5.16578,5.30795,5.14682,5.23213,0,0
CRJ_PB,D,20221118,000000,5.23213,5.36482,5.23213,5.36482,0,0
CRJ_PB,D,20221121,000000,5.33639,5.43117,5.20369,5.43117,0,0
CRJ_PB,D,20221122,000000,5.34587,5.44065,5.31743,5.34587,0,0
CRJ_PB,D,20221123,000000,5.32691,5.45961,5.32691,5.43117,0,0
CRJ_PB,D,20221124,000000,5.43117,5.43117,5.12786,5.33639,0,0
CRJ_PB,D,20221125,000000,5.34587,5.38378,4.59707,4.59707,0,0
CRJ_PB,D,20221128,000000,4.63498,4.65394,4.55915,4.6255,0,0
CRJ_PB,D,20221129,000000,4.64446,4.64446,4.5402,4.6255,0,0
CRJ_PB,D,20221130,000000,4.6255,4.78664,4.59707,4.78664,0,0
CRJ_PB,D,20221201,000000,4.87194,5.01412,4.82455,5.00464,0,0
CRJ_PB,D,20221202,000000,5.00464,5.01412,4.90986,4.98568,0,0
CRJ_PB,D,20221205,000000,5.00464,5.18473,4.98568,5.05203,0,0
CRJ_PB,D,20221206,000000,5.06151,5.08995,4.94777,4.94777,0,0
CRJ_PB,D,20221207,000000,4.93829,4.94777,4.8909,4.93829,0,0
CRJ_PB,D,20221208,000000,4.93829,4.94777,4.90038,4.92881,0,0
CRJ_PB,D,20221209,000000,4.94777,4.98568,4.88142,4.95725,0,0
CRJ_PB,D,20221212,000000,4.97621,4.98568,4.90986,4.95725,0,0
CRJ_PB,D,20221213,000000,4.94777,5.14682,4.90038,5.09943,0,0
CRJ_PB,D,20221214,000000,5.14682,5.1563,5.08995,5.09943,0,0
CRJ_PB,D,20221215,000000,5.05203,5.12786,4.94777,4.94777,0,0
CRJ_PB,D,20221216,000000,4.94777,4.94777,4.8909,4.93829,0,0
CRJ_PB,D,20221219,000000,4.92881,4.92881,4.87194,4.91934,0,0
CRJ_PB,D,20221220,000000,4.91934,5.08047,4.84351,5.08047,0,0
CRJ_PB,D,20221221,000000,4.98568,5.08047,4.95725,4.97621,0,0
CRJ_PB,D,20221222,000000,4.95725,4.98568,4.81507,4.84351,0,0
CRJ_PB,D,20221223,000000,4.84351,4.92881,4.84351,4.87194,0,0
CRJ_PB,D,20221227,000000,4.82455,4.87194,4.79611,4.84351,0,0
CRJ_PB,D,20221228,000000,4.84351,4.87194,4.79611,4.84351,0,0
CRJ_PB,D,20221229,000000,4.87194,4.90038,4.70133,4.87194,0,0
CRJ_PB,D,20221230,000000,4.81507,4.94777,4.81507,4.94777,0,0
CRJ_PB,D,20230102,000000,4.90038,5.00464,4.74872,4.84351,0,0
CRJ_PB,D,20230103,000000,4.84351,4.92881,4.84351,4.92881,0,0
CRJ_PB,D,20230104,000000,4.93829,5.1089,4.90986,5.1089,0,0
CRJ_PB,D,20230105,000000,5.03308,5.07099,4.99516,5.05203,0,0
CRJ_PB,D,20230109,000000,5.08047,5.26056,5.06151,5.26056,0,0
CRJ_PB,D,20230110,000000,5.26056,5.58283,5.11838,5.58283,0,0
CRJ_PB,D,20230111,000000,5.62074,5.63022,5.45013,5.54492,0,0
CRJ_PB,D,20230112,000000,5.54492,5.64918,5.47857,5.507,0,0
CRJ_PB,D,20230113,000000,5.57335,5.6397,5.54492,5.6397,0,0
CRJ_PB,D,20230116,000000,5.64918,5.66814,5.58283,5.62074,0,0
CRJ_PB,D,20230117,000000,5.58283,5.58283,5.38378,5.38378,0,0
CRJ_PB,D,20230118,000000,5.40274,5.46909,5.26056,5.46909,0,0
CRJ_PB,D,20230119,000000,5.43117,5.507,5.3743,5.47857,0,0
CRJ_PB,D,20230120,000000,5.49752,5.72501,5.45013,5.67761,0,0
CRJ_PB,D,20230123,000000,5.70605,5.89562,5.59231,5.7724,0,0
CRJ_PB,D,20230124,000000,5.67761,5.72501,5.52596,5.54492,0,0
CRJ_PB,D,20230125,000000,5.47857,5.78188,5.44065,5.75344,0,0
CRJ_PB,D,20230126,000000,5.76292,5.76292,5.60179,5.64918,0,0
CRJ_PB,D,20230127,000000,5.6397,5.78188,5.6397,5.78188,0,0
CRJ_PB,D,20230130,000000,5.81979,5.92405,5.81031,5.89562,0,0
CRJ_PB,D,20230131,000000,5.89562,5.9904,5.65866,5.9904,0,0
CRJ_PB,D,20230201,000000,5.97145,5.97145,5.73449,5.75344,0,0
CRJ_PB,D,20230202,000000,5.79136,5.84823,5.68709,5.82927,0,0
CRJ_PB,D,20230203,000000,5.81979,5.88614,5.80083,5.83875,0,0
CRJ_PB,D,20230206,000000,5.81031,5.86718,5.72501,5.76292,0,0
CRJ_PB,D,20230207,000000,5.73449,5.75344,5.59231,5.6397,0,0
CRJ_PB,D,20230208,000000,5.64918,5.68709,5.60179,5.60179,0,0
CRJ_PB,D,20230209,000000,5.64918,5.68709,5.61126,5.64918,0,0
CRJ_PB,D,20230210,000000,5.62074,5.62074,5.507,5.54492,0,0
CRJ_PB,D,20230213,000000,5.53544,5.61126,5.3743,5.3743,0,0
CRJ_PB,D,20230214,000000,5.44065,5.507,5.42169,5.44065,0,0
CRJ_PB,D,20230215,000000,5.45013,5.56387,5.45013,5.55439,0,0
CRJ_PB,D,20230216,000000,5.61126,5.62074,5.44065,5.62074,0,0
CRJ_PB,D,20230217,000000,5.6397,5.64918,5.56387,5.64918,0,0
CRJ_PB,D,20230220,000000,5.58283,5.6397,5.58283,5.6397,0,0
CRJ_PB,D,20230221,000000,5.58283,5.62074,5.507,5.62074,0,0
CRJ_PB,D,20230222,000000,5.55439,5.61126,5.45013,5.61126,0,0
CRJ_PB,D,20230223,000000,5.58283,5.61126,5.52596,5.61126,0,0
CRJ_PB,D,20230224,000000,5.62074,5.64918,5.59231,5.63022,0,0
CRJ_PB,D,20230227,000000,5.64918,5.72501,5.56387,5.72501,0,0
CRJ_PB,D,20230228,000000,5.71553,5.78188,5.64918,5.71553,0,0
CRJ_PB,D,20230301,000000,5.73449,5.73449,5.65866,5.72501,0,0
CRJ_PB,D,20230302,000000,5.72501,5.74396,5.65866,5.74396,0,0
CRJ_PB,D,20230303,000000,5.75344,5.76292,5.64918,5.70605,0,0
CRJ_PB,D,20230306,000000,5.61126,5.70605,5.61126,5.66814,0,0
CRJ_PB,D,20230307,000000,5.66814,5.78188,5.66814,5.72501,0,0
CRJ_PB,D,20230308,000000,5.72501,5.76292,5.67761,5.76292,0,0
CRJ_PB,D,20230309,000000,5.7724,5.93353,5.72501,5.89562,0,0
CRJ_PB,D,20230310,000000,5.89562,5.93353,5.85771,5.89562,0,0
CRJ_PB,D,20230313,000000,5.89562,5.96197,5.53544,5.67761,0,0
CRJ_PB,D,20230314,000000,5.7724,5.86718,5.76292,5.86718,0,0
CRJ_PB,D,20230315,000000,5.84823,5.93353,5.75344,5.86718,0,0
CRJ_PB,D,20230316,000000,5.82927,5.82927,5.69657,5.7724,0,0
CRJ_PB,D,20230317,000000,5.79136,5.82927,5.69657,5.82927,0,0
CRJ_PB,D,20230320,000000,5.92405,5.92405,5.68709,5.79136,0,0
CRJ_PB,D,20230321,000000,5.84823,6.07571,5.72501,6.0378,0,0
CRJ_PB,D,20230322,000000,6.05675,6.20841,5.99988,6.20841,0,0
CRJ_PB,D,20230323,000000,6.15154,6.19893,6.0378,6.14206,0,0
CRJ_PB,D,20230324,000000,6.15154,6.15154,5.95249,6.1231,0,0
CRJ_PB,D,20230327,000000,5.9904,6.14206,5.93353,5.97145,0,0
CRJ_PB,D,20230328,000000,5.97145,6.13258,5.82927,5.92405,0,0
CRJ_PB,D,20230329,000000,5.86718,5.89562,5.80083,5.81979,0,0
CRJ_PB,D,20230330,000000,5.80083,5.88614,5.73449,5.86718,0,0
CRJ_PB,D,20230331,000000,5.83875,5.92405,5.81979,5.83875,0,0
CRJ_PB,D,20230403,000000,5.89562,6.15154,5.89562,6.00936,0,0
CRJ_PB,D,20230404,000000,6.01884,6.14206,5.9904,6.14206,0,0
CRJ_PB,D,20230405,000000,6.07571,6.15154,6.00936,6.00936,0,0
CRJ_PB,D,20230406,000000,5.99988,6.06623,5.95249,6.00936,0,0
CRJ_PB,D,20230411,000000,6.00936,6.00936,5.9051,6.00936,0,0
CRJ_PB,D,20230412,000000,5.95249,5.9904,5.86718,5.93353,0,0
CRJ_PB,D,20230413,000000,5.9051,6.01884,5.86718,6.00936,0,0
CRJ_PB,D,20230414,000000,6.01884,6.24632,5.95249,6.24632,0,0
CRJ_PB,D,20230417,000000,6.21789,6.21789,5.9904,6.10415,0,0
CRJ_PB,D,20230418,000000,6.13258,6.21789,6.09467,6.20841,0,0
CRJ_PB,D,20230419,000000,6.20841,6.27476,5.93353,6.27476,0,0
CRJ_PB,D,20230420,000000,6.36007,6.56859,5.78188,5.78188,0,0
CRJ_PB,D,20230421,000000,5.69657,5.69657,5.46909,5.57335,0,0
CRJ_PB,D,20230424,000000,5.56387,5.56387,5.46909,5.47857,0,0
CRJ_PB,D,20230425,000000,5.53544,5.53544,5.27952,5.31743,0,0
CRJ_PB,D,20230426,000000,5.32691,5.45013,5.21317,5.27004,0,0
CRJ_PB,D,20230427,000000,5.3743,5.3743,5.21317,5.31743,0,0
CRJ_PB,D,20230428,000000,5.38378,5.45961,5.289,5.36482,0,0
CRJ_PB,D,20230502,000000,5.30795,5.30795,5.13734,5.19421,0,0
CRJ_PB,D,20230504,000000,5.1563,5.1563,4.90986,5.03308,0,0
CRJ_PB,D,20230505,000000,5.03308,5.12786,4.90986,5.03308,0,0
CRJ_PB,D,20230508,000000,5.03308,5.12786,4.90986,5.12786,0,0
CRJ_PB,D,20230509,000000,5.14682,5.23213,5.14682,5.17525,0,0
CRJ_PB,D,20230510,000000,5.20369,5.20369,5.08995,5.08995,0,0
CRJ_PB,D,20230511,000000,5.08995,5.12786,5.03308,5.12786,0,0
CRJ_PB,D,20230512,000000,5.19421,5.27952,5.00464,5.1089,0,0
CRJ_PB,D,20230515,000000,5.13734,5.21317,5.08995,5.14682,0,0
CRJ_PB,D,20230516,000000,5.08995,5.19421,5.07099,5.19421,0,0
CRJ_PB,D,20230517,000000,5.20369,5.21317,5.16578,5.21317,0,0
CRJ_PB,D,20230518,000000,5.16578,5.21317,5.03308,5.1563,0,0
CRJ_PB,D,20230519,000000,5.18473,5.21317,5.08995,5.21317,0,0
CRJ_PB,D,20230522,000000,5.21317,5.21317,5.14682,5.20369,0,0
CRJ_PB,D,20230523,000000,5.20369,5.20369,5.11838,5.14682,0,0
CRJ_PB,D,20230524,000000,5.12786,5.14682,5.1089,5.14682,0,0
CRJ_PB,D,20230525,000000,5.14682,5.289,5.12786,5.289,0,0
CRJ_PB,D,20230526,000000,5.27952,5.40274,4.93829,4.93829,0,0
CRJ_PB,D,20230529,000000,4.93829,4.93829,4.78664,4.90986,0,0
CRJ_PB,D,20230530,000000,4.83403,4.85299,4.66342,4.81507,0,0
CRJ_PB,D,20230531,000000,4.71081,4.81507,4.71081,4.78664,0,0
CRJ_PB,D,20230601,000000,4.71081,4.78664,4.71081,4.78664,0,0
CRJ_PB,D,20230602,000000,4.73924,4.85299,4.71081,4.83403,0,0
CRJ_PB,D,20230605,000000,4.82455,4.88142,4.74872,4.88142,0,0
CRJ_PB,D,20230606,000000,4.88142,4.94777,4.86246,4.94777,0,0
CRJ_PB,D,20230607,000000,4.96673,4.99516,4.8909,4.91934,0,0
CRJ_PB,D,20230609,000000,4.85299,5.05203,4.85299,5.05203,0,0
CRJ_PB,D,20230612,000000,5.00464,5.03308,4.92881,5.01412,0,0
CRJ_PB,D,20230613,000000,4.92881,4.97621,4.76768,4.83403,0,0
CRJ_PB,D,20230614,000000,4.81507,4.83403,4.69185,4.83403,0,0
CRJ_PB,D,20230615,000000,4.85299,4.86246,4.78664,4.86246,0,0
CRJ_PB,D,20230616,000000,4.85299,4.8909,4.76768,4.8909,0,0
CRJ_PB,D,20230619,000000,4.8909,4.8909,4.7582,4.81507,0,0
CRJ_PB,D,20230620,000000,4.80559,4.80559,4.67289,4.68237,0,0
CRJ_PB,D,20230621,000000,4.72029,4.72029,4.6255,4.6255,0,0
CRJ_PB,D,20230622,000000,4.6255,4.73924,4.6255,4.73924,0,0
CRJ_PB,D,20230623,000000,4.71081,4.79611,4.67289,4.79611,0,0
CRJ_PB,D,20230626,000000,4.72029,4.93829,4.63498,4.93829,0,0
CRJ_PB,D,20230627,000000,4.90986,5.00464,4.85299,5.00464,0,0
CRJ_PB,D,20230628,000000,5.00464,5.03308,4.85299,5.03308,0,0
CRJ_PB,D,20230629,000000,5.03308,5.12786,4.96673,5.12786,0,0
CRJ_PB,D,20230630,000000,5.12786,5.12786,5.08995,5.12786,0,0
CRJ_PB,D,20230703,000000,5.08995,5.08995,4.78664,4.84351,0,0
CRJ_PB,D,20230704,000000,4.78664,4.85299,4.76768,4.78664,0,0
CRJ_PB,D,20230705,000000,4.78664,4.78664,4.63498,4.67289,0,0
CRJ_PB,D,20230706,000000,4.67289,4.71081,4.61602,4.65394,0,0
CRJ_PB,D,20230707,000000,4.63498,4.65394,4.60654,4.61602,0,0
CRJ_PB,D,20230710,000000,4.6255,4.65394,4.61602,4.63498,0,0
CRJ_PB,D,20230711,000000,4.63498,4.65394,4.54967,4.59707,0,0
CRJ_PB,D,20230712,000000,4.60654,4.65394,4.52124,4.65394,0,0
CRJ_PB,D,20230713,000000,4.65394,4.65394,4.52124,4.56863,0,0
CRJ_PB,D,20230714,000000,4.60654,4.63498,4.58759,4.6255,0,0
CRJ_PB,D,20230717,000000,4.58759,4.6255,4.56863,4.56863,0,0
CRJ_PB,D,20230718,000000,4.54967,4.58759,4.52124,4.5402,0,0
CRJ_PB,D,20230719,000000,4.52124,4.56863,4.50228,4.56863,0,0
CRJ_PB,D,20230720,000000,4.56863,4.65394,4.56863,4.59707,0,0
CRJ_PB,D,20230721,000000,4.58759,4.63498,4.42645,4.59707,0,0
CRJ_PB,D,20230724,000000,4.5402,4.59707,4.48332,4.59707,0,0
CRJ_PB,D,20230725,000000,4.59707,4.59707,4.52124,4.54967,0,0
CRJ_PB,D,20230726,000000,4.5402,4.5402,4.46437,4.51176,0,0
CRJ_PB,D,20230727,000000,4.48332,4.58759,4.48332,4.58759,0,0
CRJ_PB,D,20230728,000000,4.56863,4.58759,4.52124,4.57811,0,0
CRJ_PB,D,20230731,000000,4.54967,4.58759,4.52124,4.56863,0,0
CRJ_PB,D,20230801,000000,4.58759,4.63498,4.56863,4.6255,0,0
CRJ_PB,D,20230802,000000,4.6255,4.6255,4.5402,4.60654,0,0
CRJ_PB,D,20230803,000000,4.56863,4.56863,4.48332,4.54967,0,0
CRJ_PB,D,20230804,000000,4.54967,4.54967,4.51745,4.52977,0,0
CRJ_PB,D,20230807,000000,4.49944,4.51176,4.43309,4.46247,0,0
CRJ_PB,D,20230808,000000,4.51745,4.52977,4.43878,4.52408,0,0
CRJ_PB,D,20230809,000000,4.51176,4.59043,4.43878,4.59043,0,0
CRJ_PB,D,20230810,000000,4.59043,4.65678,4.48712,4.65678,0,0
CRJ_PB,D,20230811,000000,4.65678,4.65678,4.5838,4.65678,0,0
CRJ_PB,D,20230814,000000,4.65678,4.65678,4.56579,4.62076,0,0
CRJ_PB,D,20230816,000000,4.61413,4.61413,4.52408,4.57811,0,0
CRJ_PB,D,20230817,000000,4.42077,4.54209,4.33546,4.52977,0,0
CRJ_PB,D,20230818,000000,4.48712,4.48712,4.42077,4.46911,0,0
CRJ_PB,D,20230821,000000,4.48712,4.60275,4.3838,4.60275,0,0
CRJ_PB,D,20230822,000000,4.59612,4.61413,4.49944,4.49944,0,0
CRJ_PB,D,20230823,000000,4.50513,4.53546,4.42645,4.48712,0,0
CRJ_PB,D,20230824,000000,4.51745,4.57811,4.44446,4.57811,0,0
CRJ_PB,D,20230825,000000,4.5601,4.65109,4.51745,4.65109,0,0
CRJ_PB,D,20230828,000000,4.728,4.728,4.638,4.664,0,0
CRJ_PB,D,20230829,000000,4.677,4.696,4.619,4.619,0,0
CRJ_PB,D,20230830,000000,4.613,4.613,4.529,4.574,0,0
CRJ_PB,D,20230831,000000,4.555,4.555,4.472,4.555,0,0
CRJ_PB,D,20230901,000000,4.485,4.632,4.465,4.632,0,0
CRJ_PB,D,20230904,000000,4.542,4.632,4.542,4.632,0,0
CRJ_PB,D,20230905,000000,4.632,4.632,4.574,4.606,0,0
CRJ_PB,D,20230906,000000,4.6,4.6,4.421,4.587,0,0
CRJ_PB,D,20230907,000000,4.51,4.561,4.491,4.549,0,0
CRJ_PB,D,20230908,000000,4.51,4.536,4.421,4.478,0,0
CRJ_PB,D,20230911,000000,4.433,4.517,4.421,4.51,0,0
CRJ_PB,D,20230912,000000,4.504,4.504,4.382,4.478,0,0
CRJ_PB,D,20230913,000000,4.472,4.472,4.389,4.465,0,0
CRJ_PB,D,20230914,000000,4.459,4.465,4.395,4.395,0,0
CRJ_PB,D,20230915,000000,4.446,4.472,4.369,4.472,0,0
CRJ_PB,D,20230918,000000,4.382,4.44,4.357,4.414,0,0
CRJ_PB,D,20230919,000000,4.344,4.35,4.235,4.35,0,0
CRJ_PB,D,20230920,000000,4.357,4.357,4.254,4.267,0,0
CRJ_PB,D,20230921,000000,4.241,4.241,4.177,4.216,0,0
CRJ_PB,D,20230922,000000,4.203,5.428,4.19,5.428,0,0
CRJ_PB,D,20230925,000000,5.491,5.523,5.428,5.523,0,0
CRJ_PB,D,20230926,000000,5.507,5.523,5.316,5.483,0,0
CRJ_PB,D,20230927,000000,5.523,5.523,5.388,5.523,0,0
CRJ_PB,D,20230928,000000,5.515,5.523,5.348,5.523,0,0
CRJ_PB,D,20230929,000000,5.507,5.523,5.428,5.523,0,0
CRJ_PB,D,20231002,000000,5.515,5.523,5.364,5.364,0,0
CRJ_PB,D,20231003,000000,5.364,5.364,5.228,5.364,0,0
CRJ_PB,D,20231004,000000,5.348,5.404,5.228,5.348,0,0
