<TICKER>,<PER>,<DATE>,<TIME>,<OPEN>,<HIGH>,<LOW>,<CLOSE>,<VOL>,<OPENINT>
CSR_MV,D,20111208,000000,58.7287,58.7287,58.7287,58.7287,0,0
CSR_MV,D,20111209,000000,60.9587,64.4119,47.0068,47.126,0,0
CSR_MV,D,20111212,000000,49.235,49.235,41.8466,43.3863,0,0
CSR_MV,D,20111213,000000,45.7199,46.894,43.3726,44.5458,0,0
CSR_MV,D,20111214,000000,45.2489,45.2489,45.2489,45.2489,0,0
CSR_MV,D,20111215,000000,44.6668,44.6668,44.4276,44.4276,0,0
CSR_MV,D,20111216,000000,43.9629,43.9629,43.9629,43.9629,0,0
CSR_MV,D,20111219,000000,43.3726,43.3726,43.3726,43.3726,0,0
CSR_MV,D,20111220,000000,43.3726,43.3726,43.3726,43.3726,0,0
CSR_MV,D,20111222,000000,43.3726,43.3726,43.3726,43.3726,0,0
CSR_MV,D,20111228,000000,45.7199,45.7199,45.7199,45.7199,0,0
CSR_MV,D,20111229,000000,46.774,46.894,46.774,46.894,0,0
CSR_MV,D,20120111,000000,44.8978,44.8978,44.8978,44.8978,0,0
CSR_MV,D,20120127,000000,44.7778,44.7778,44.7778,44.7778,0,0
CSR_MV,D,20120131,000000,46.894,46.894,46.894,46.894,0,0
CSR_MV,D,20120202,000000,46.894,46.894,46.894,46.894,0,0
CSR_MV,D,20120227,000000,50.0643,58.6042,50.0643,58.6042,0,0
CSR_MV,D,20120229,000000,61.0569,63.4979,61.0569,63.4979,0,0
CSR_MV,D,20120301,000000,64.7174,67.1657,64.7174,67.1657,0,0
CSR_MV,D,20120302,000000,67.1657,80.5929,67.1657,80.5929,0,0
CSR_MV,D,20120305,000000,67.0994,67.0994,64.7174,64.7174,0,0
CSR_MV,D,20120309,000000,64.7102,70.829,64.7102,69.6049,0,0
CSR_MV,D,20120314,000000,56.1705,56.1705,56.1705,56.1705,0,0
CSR_MV,D,20120315,000000,56.1705,56.1705,54.949,54.949,0,0
CSR_MV,D,20120525,000000,48.8421,48.8421,48.8421,48.8421,0,0
CSR_MV,D,20120720,000000,47.6244,48.8293,47.6244,48.8293,0,0
CSR_MV,D,20120829,000000,48.2337,48.2337,48.2337,48.2337,0,0
CSR_MV,D,20120830,000000,48.2337,48.8421,48.2337,48.2337,0,0
CSR_MV,D,20120913,000000,47.0123,47.0123,47.0123,47.0123,0,0
CSR_MV,D,20121120,000000,46.6476,46.6476,45.4289,45.4289,0,0
CSR_MV,D,20121217,000000,43.1535,43.1535,43.1535,43.1535,0,0
CSR_MV,D,20121220,000000,40.9062,40.9062,36.6345,36.6345,0,0
CSR_MV,D,20121221,000000,34.0835,34.0835,34.0835,34.0835,0,0
CSR_MV,D,20130110,000000,34.7983,34.7983,34.7983,34.7983,0,0
CSR_MV,D,20130111,000000,36.7555,36.7555,36.7555,36.7555,0,0
CSR_MV,D,20130122,000000,36.7555,36.7555,36.7555,36.7555,0,0
CSR_MV,D,20130227,000000,39.5075,43.9629,39.5075,43.9629,0,0
CSR_MV,D,20130228,000000,47.2578,47.2578,47.2578,47.2578,0,0
CSR_MV,D,20130301,000000,56.4159,56.4159,43.9629,43.9629,0,0
CSR_MV,D,20130327,000000,43.9629,43.9629,43.9629,43.9629,0,0
CSR_MV,D,20130419,000000,43.3526,43.3526,42.033,42.033,0,0
CSR_MV,D,20130520,000000,42.7433,42.7433,42.7433,42.7433,0,0
CSR_MV,D,20130604,000000,48.8421,48.8421,48.8421,48.8421,0,0
CSR_MV,D,20130704,000000,38.4652,38.4652,38.4652,38.4652,0,0
CSR_MV,D,20130705,000000,39.0764,39.6866,39.0764,39.6866,0,0
CSR_MV,D,20130708,000000,41.3491,41.3491,41.3491,41.3491,0,0
CSR_MV,D,20131016,000000,47.0859,47.0859,45.7727,45.7727,0,0
CSR_MV,D,20131017,000000,47.0859,47.7362,46.2965,47.0859,0,0
CSR_MV,D,20131021,000000,45.0169,45.0169,43.199,43.199,0,0
CSR_MV,D,20131120,000000,45.1242,47.7362,45.1242,47.7362,0,0
CSR_MV,D,20131121,000000,47.7362,47.7362,47.7362,47.7362,0,0
CSR_MV,D,20131122,000000,47.7362,47.7362,47.7362,47.7362,0,0
CSR_MV,D,20131126,000000,47.7362,47.7362,47.7362,47.7362,0,0
CSR_MV,D,20131127,000000,47.7362,47.7362,47.7362,47.7362,0,0
CSR_MV,D,20131128,000000,49.6978,49.6978,47.7362,47.7362,0,0
CSR_MV,D,20131129,000000,49.6978,49.6978,49.6978,49.6978,0,0
CSR_MV,D,20131202,000000,52.3117,52.3117,52.3117,52.3117,0,0
CSR_MV,D,20131206,000000,52.3117,52.3117,52.3117,52.3117,0,0
CSR_MV,D,20131209,000000,63.4306,63.4306,63.4306,63.4306,0,0
CSR_MV,D,20131227,000000,63.4306,63.4306,63.4306,63.4306,0,0
CSR_MV,D,20140127,000000,59.6236,59.6236,49.6978,49.6978,0,0
CSR_MV,D,20140128,000000,59.6382,59.6382,59.6382,59.6382,0,0
CSR_MV,D,20140211,000000,52.3117,52.3117,51.0966,51.0966,0,0
CSR_MV,D,20140218,000000,52.3117,54.9309,52.3117,54.9309,0,0
CSR_MV,D,20140225,000000,57.5428,63.4306,57.5428,63.4306,0,0
CSR_MV,D,20140228,000000,51.0047,52.9673,51.0047,52.9673,0,0
CSR_MV,D,20140306,000000,52.9673,52.9673,52.9673,52.9673,0,0
CSR_MV,D,20140310,000000,52.9673,52.9673,52.9673,52.9673,0,0
CSR_MV,D,20140312,000000,52.9673,52.9673,52.9673,52.9673,0,0
CSR_MV,D,20140313,000000,52.9673,52.9673,52.9673,52.9673,0,0
CSR_MV,D,20140314,000000,52.9673,59.73,52.9673,59.73,0,0
CSR_MV,D,20140331,000000,58.856,58.856,58.5905,58.5905,0,0
CSR_MV,D,20140403,000000,58.856,58.856,58.856,58.856,0,0
CSR_MV,D,20140404,000000,58.8824,58.8824,58.8824,58.8824,0,0
CSR_MV,D,20140408,000000,58.8824,58.8824,58.8824,58.8824,0,0
CSR_MV,D,20140422,000000,59.1135,59.1135,59.1135,59.1135,0,0
CSR_MV,D,20140428,000000,59.339,61.4679,59.339,61.4679,0,0
CSR_MV,D,20140502,000000,61.4679,61.4679,61.4679,61.4679,0,0
CSR_MV,D,20140508,000000,61.4679,61.4679,61.4679,61.4679,0,0
CSR_MV,D,20140509,000000,61.4679,61.4679,61.4679,61.4679,0,0
CSR_MV,D,20140513,000000,61.4679,61.4679,61.4679,61.4679,0,0
CSR_MV,D,20140514,000000,61.4679,61.4679,61.4679,61.4679,0,0
CSR_MV,D,20140515,000000,61.4679,61.4679,61.4679,61.4679,0,0
CSR_MV,D,20140520,000000,61.4679,61.4679,61.4679,61.4679,0,0
CSR_MV,D,20140522,000000,61.4679,61.4679,61.4679,61.4679,0,0
CSR_MV,D,20140523,000000,61.4679,61.4679,61.4679,61.4679,0,0
CSR_MV,D,20140527,000000,61.4679,61.4679,61.4679,61.4679,0,0
CSR_MV,D,20140528,000000,61.4679,61.4679,61.4679,61.4679,0,0
CSR_MV,D,20140529,000000,60.162,60.162,58.4123,58.4123,0,0
CSR_MV,D,20140703,000000,59.4144,60.4521,59.4144,60.4521,0,0
CSR_MV,D,20140714,000000,59.8092,59.8092,55.03,55.03,0,0
CSR_MV,D,20140814,000000,52.2053,56.115,52.2053,56.115,0,0
CSR_MV,D,20140819,000000,52.2053,52.2053,52.2053,52.2053,0,0
CSR_MV,D,20140901,000000,49.8698,49.8698,49.8698,49.8698,0,0
CSR_MV,D,20140912,000000,49.8698,49.8698,49.8698,49.8698,0,0
CSR_MV,D,20140917,000000,50.0362,50.4318,50.0362,50.4318,0,0
CSR_MV,D,20140922,000000,50.4318,50.4318,50.4318,50.4318,0,0
CSR_MV,D,20140923,000000,50.4318,50.4318,50.4318,50.4318,0,0
CSR_MV,D,20141008,000000,50.4318,50.4318,50.4318,50.4318,0,0
CSR_MV,D,20141014,000000,50.4318,50.4318,50.4318,50.4318,0,0
CSR_MV,D,20141015,000000,50.4318,50.4318,50.4318,50.4318,0,0
CSR_MV,D,20141027,000000,50.4318,50.4318,50.4318,50.4318,0,0
CSR_MV,D,20141028,000000,50.4318,50.4318,50.4318,50.4318,0,0
CSR_MV,D,20150108,000000,49.6679,50.1699,49.6679,50.1699,0,0
CSR_MV,D,20150109,000000,50.3709,50.3709,50.3709,50.3709,0,0
CSR_MV,D,20150121,000000,46.8703,46.8703,46.8703,46.8703,0,0
CSR_MV,D,20150209,000000,46.2074,46.2074,46.2074,46.2074,0,0
CSR_MV,D,20150210,000000,46.2074,46.2074,46.2074,46.2074,0,0
CSR_MV,D,20150220,000000,48.9584,48.9584,47.2651,47.2651,0,0
CSR_MV,D,20150318,000000,46.0665,46.0665,45.5516,45.5516,0,0
CSR_MV,D,20150408,000000,45.9464,45.9464,45.9464,45.9464,0,0
CSR_MV,D,20150410,000000,44.2257,44.2257,35.384,36.9701,0,0
CSR_MV,D,20150413,000000,39.8767,40.0695,38.9518,39.8767,0,0
CSR_MV,D,20150414,000000,40.2705,40.2705,40.2705,40.2705,0,0
CSR_MV,D,20150506,000000,42.2513,42.8552,42.2513,42.8552,0,0
CSR_MV,D,20150629,000000,40.0995,41.1718,40.0995,41.1718,0,0
CSR_MV,D,20150708,000000,38.3051,41.1718,38.3051,38.4288,0,0
CSR_MV,D,20150723,000000,37.6649,37.6649,37.6649,37.6649,0,0
CSR_MV,D,20150806,000000,37.6777,37.6777,37.6777,37.6777,0,0
CSR_MV,D,20150817,000000,35.0521,35.0521,35.0521,35.0521,0,0
CSR_MV,D,20150820,000000,35.0375,35.0375,35.0375,35.0375,0,0
CSR_MV,D,20150826,000000,34.7183,34.7183,34.7183,34.7183,0,0
CSR_MV,D,20150827,000000,35.0375,36.1561,35.0375,36.1561,0,0
CSR_MV,D,20150901,000000,34.1781,34.1781,34.1781,34.1781,0,0
CSR_MV,D,20150915,000000,34.5801,34.5801,34.5801,34.5801,0,0
CSR_MV,D,20151118,000000,32.0509,32.0509,32.0509,32.0509,0,0
CSR_MV,D,20151119,000000,33.0194,33.0194,33.0194,33.0194,0,0
CSR_MV,D,20151222,000000,31.2988,31.2988,31.2988,31.2988,0,0
CSR_MV,D,20160122,000000,36.1434,36.1561,36.1434,36.1561,0,0
CSR_MV,D,20160211,000000,33.6397,33.6397,33.6397,33.6397,0,0
CSR_MV,D,20160310,000000,34.3145,34.3145,34.3145,34.3145,0,0
CSR_MV,D,20160421,000000,31.9272,31.9272,31.9272,31.9272,0,0
CSR_MV,D,20160531,000000,30.0446,30.0446,30.0446,30.0446,0,0
CSR_MV,D,20160602,000000,30.1392,30.1392,30.1392,30.1392,0,0
CSR_MV,D,20160713,000000,29.2125,29.2125,28.0921,28.0921,0,0
CSR_MV,D,20160803,000000,27.3026,27.3026,25.3927,25.3927,0,0
CSR_MV,D,20160809,000000,25.6629,25.6629,25.6629,25.6629,0,0
CSR_MV,D,20160919,000000,25.6629,25.6629,25.6629,25.6629,0,0
CSR_MV,D,20161004,000000,25.9394,25.9394,25.9394,25.9394,0,0
CSR_MV,D,20161017,000000,26.2649,26.2649,26.2649,26.2649,0,0
CSR_MV,D,20161024,000000,25.3646,25.3646,25.3646,25.3646,0,0
CSR_MV,D,20161104,000000,25.3927,25.3927,25.3646,25.3646,0,0
CSR_MV,D,20161107,000000,24.4515,24.4515,24.4515,24.4515,0,0
CSR_MV,D,20161115,000000,25.6629,25.6629,25.6629,25.6629,0,0
CSR_MV,D,20161215,000000,25.732,25.732,25.732,25.732,0,0
CSR_MV,D,20170102,000000,25.8712,25.8712,25.8712,25.8712,0,0
CSR_MV,D,20170112,000000,26.6179,26.6179,26.6179,26.6179,0,0
CSR_MV,D,20170117,000000,27.3999,27.3999,27.3999,27.3999,0,0
CSR_MV,D,20170217,000000,28.7632,28.7632,28.7632,28.7632,0,0
CSR_MV,D,20170405,000000,31.3925,31.5315,31.3925,31.3925,0,0
CSR_MV,D,20170410,000000,31.5315,31.5315,31.5315,31.5315,0,0
CSR_MV,D,20170511,000000,30.0301,30.0301,30.0301,30.0301,0,0
CSR_MV,D,20170620,000000,31.2479,31.2479,31.2479,31.2479,0,0
CSR_MV,D,20170712,000000,32.3401,32.3401,32.3401,32.3401,0,0
CSR_MV,D,20170714,000000,32.3401,32.3401,32.3401,32.3401,0,0
CSR_MV,D,20170828,000000,31.4843,31.4843,31.4843,31.4843,0,0
CSR_MV,D,20171117,000000,30.9359,30.9359,26.7215,26.7215,0,0
CSR_MV,D,20171206,000000,26.7215,26.7215,26.7215,26.7215,0,0
CSR_MV,D,20171208,000000,26.7215,26.7215,26.7215,26.7215,0,0
CSR_MV,D,20171213,000000,25.873,25.873,25.873,25.873,0,0
CSR_MV,D,20171214,000000,25.9448,25.9448,25.9448,25.9448,0,0
CSR_MV,D,20180103,000000,27.2781,27.2781,27.2781,27.2781,0,0
CSR_MV,D,20180104,000000,27.8401,27.8401,27.2781,27.2781,0,0
CSR_MV,D,20180108,000000,27.9847,27.9847,27.9847,27.9847,0,0
CSR_MV,D,20180119,000000,28.9679,28.9679,28.9679,28.9679,0,0
CSR_MV,D,20180201,000000,27.9847,27.9847,27.9847,27.9847,0,0
CSR_MV,D,20180302,000000,27.9847,27.9847,27.9847,27.9847,0,0
CSR_MV,D,20180308,000000,27.8401,27.8401,27.8401,27.8401,0,0
CSR_MV,D,20180313,000000,27.8401,27.8401,27.8401,27.8401,0,0
CSR_MV,D,20180316,000000,27.8401,27.8401,27.8401,27.8401,0,0
CSR_MV,D,20180320,000000,28.1257,28.1257,28.1257,28.1257,0,0
CSR_MV,D,20180322,000000,27.8401,27.8401,27.8401,27.8401,0,0
CSR_MV,D,20180425,000000,26.857,26.857,26.1585,26.1585,0,0
CSR_MV,D,20180427,000000,26.1585,26.1585,26.1585,26.1585,0,0
CSR_MV,D,20180507,000000,27.4199,27.4199,27.4199,27.4199,0,0
CSR_MV,D,20180601,000000,27.2781,27.2781,27.2781,27.2781,0,0
CSR_MV,D,20180626,000000,27.279,27.279,27.279,27.279,0,0
CSR_MV,D,20180627,000000,26.9862,26.9862,26.9862,26.9862,0,0
CSR_MV,D,20180702,000000,25.9493,25.9493,25.9493,25.9493,0,0
CSR_MV,D,20180704,000000,25.2045,25.2045,25.2045,25.2045,0,0
CSR_MV,D,20180705,000000,24.7607,24.7607,24.7607,24.7607,0,0
CSR_MV,D,20180709,000000,25.9493,25.9493,25.9493,25.9493,0,0
CSR_MV,D,20180710,000000,26.8361,26.8361,26.8361,26.8361,0,0
CSR_MV,D,20181008,000000,29.5044,29.5044,29.5044,29.5044,0,0
CSR_MV,D,20190115,000000,29.9483,29.9483,29.9483,29.9483,0,0
CSR_MV,D,20190116,000000,29.6544,29.6544,29.6544,29.6544,0,0
CSR_MV,D,20190118,000000,29.6544,36.7664,29.6544,36.7664,0,0
CSR_MV,D,20190129,000000,37.0665,37.0665,37.0665,37.0665,0,0
CSR_MV,D,20190207,000000,36.7664,36.7664,36.7664,36.7664,0,0
CSR_MV,D,20190304,000000,35.586,35.586,35.586,35.586,0,0
CSR_MV,D,20190306,000000,34.0971,34.0971,34.0971,34.0971,0,0
CSR_MV,D,20190510,000000,32.0236,32.0236,31.136,31.136,0,0
CSR_MV,D,20190517,000000,30.2492,30.2492,30.2492,30.2492,0,0
CSR_MV,D,20190521,000000,31.4289,31.4289,31.4289,31.4289,0,0
CSR_MV,D,20190522,000000,32.6157,32.6157,32.6157,32.6157,0,0
CSR_MV,D,20190530,000000,32.6157,35.2858,32.6157,35.2858,0,0
CSR_MV,D,20190702,000000,44.1093,44.1093,44.1093,44.1093,0,0
CSR_MV,D,20190712,000000,44.1093,45.629,44.1093,45.629,0,0
CSR_MV,D,20190718,000000,45.629,45.629,45.629,45.629,0,0
CSR_MV,D,20190805,000000,43.4999,43.4999,41.6729,41.6729,0,0
CSR_MV,D,20190816,000000,41.6729,41.6729,41.3718,41.3718,0,0
CSR_MV,D,20191106,000000,40.4624,40.4624,38.0251,38.0251,0,0
CSR_MV,D,20191108,000000,33.4597,33.4597,33.4597,33.4597,0,0
CSR_MV,D,20191112,000000,33.4597,34.9793,33.4597,34.9793,0,0
CSR_MV,D,20191113,000000,36.1979,36.1979,36.1979,36.1979,0,0
CSR_MV,D,20191114,000000,34.6783,34.6783,32.8512,34.3773,0,0
CSR_MV,D,20191127,000000,35.897,35.897,35.897,35.897,0,0
CSR_MV,D,20191202,000000,37.1156,37.1156,37.1156,37.1156,0,0
CSR_MV,D,20200205,000000,37.1156,37.1156,37.1156,37.1156,0,0
CSR_MV,D,20200207,000000,37.1156,37.1156,37.1156,37.1156,0,0
CSR_MV,D,20200214,000000,37.7159,37.7159,37.7159,37.7159,0,0
CSR_MV,D,20200306,000000,42.5905,42.5905,37.7159,37.7159,0,0
CSR_MV,D,20200326,000000,38.3261,45.3289,36.5054,38.3261,0,0
CSR_MV,D,20200327,000000,38.3261,38.3261,36.5054,36.5054,0,0
CSR_MV,D,20200330,000000,36.5054,43.8019,36.5054,36.5054,0,0
CSR_MV,D,20200403,000000,37.7159,37.7159,37.4158,37.4158,0,0
CSR_MV,D,20200407,000000,37.4158,37.4158,36.1979,36.1979,0,0
CSR_MV,D,20200416,000000,36.1979,36.1979,36.1979,36.1979,0,0
CSR_MV,D,20200417,000000,37.7159,39.5448,37.7159,39.5448,0,0
CSR_MV,D,20200422,000000,37.7159,37.7159,37.7159,37.7159,0,0
CSR_MV,D,20200424,000000,37.7159,41.6729,37.7159,41.6729,0,0
CSR_MV,D,20200427,000000,45.629,48.6756,45.629,48.6756,0,0
CSR_MV,D,20200428,000000,48.6756,48.6756,48.6756,48.6756,0,0
CSR_MV,D,20200429,000000,48.6756,48.6756,48.6756,48.6756,0,0
CSR_MV,D,20200430,000000,53.232,53.232,48.6756,48.6756,0,0
CSR_MV,D,20200504,000000,53.232,53.232,48.6756,48.6756,0,0
CSR_MV,D,20200505,000000,48.6756,48.6756,48.6756,48.6756,0,0
CSR_MV,D,20200506,000000,48.6756,48.6756,48.6756,48.6756,0,0
CSR_MV,D,20200508,000000,46.5394,46.5394,44.4103,44.4103,0,0
CSR_MV,D,20200519,000000,44.4103,44.4103,44.4103,44.4103,0,0
CSR_MV,D,20200521,000000,41.0626,41.0626,41.0626,41.0626,0,0
CSR_MV,D,20200522,000000,41.0626,41.0626,41.0626,41.0626,0,0
CSR_MV,D,20200525,000000,42.8916,42.8916,41.0626,41.0626,0,0
CSR_MV,D,20200605,000000,42.2822,42.5905,40.4624,40.4624,0,0
CSR_MV,D,20200608,000000,38.9355,38.9355,38.9355,38.9355,0,0
CSR_MV,D,20200610,000000,40.4624,44.7186,40.4624,42.2822,0,0
CSR_MV,D,20200612,000000,40.4624,42.2822,38.0251,41.0626,0,0
CSR_MV,D,20200615,000000,41.3718,41.3718,39.5448,39.5448,0,0
CSR_MV,D,20200616,000000,41.3718,41.3718,41.3718,41.3718,0,0
CSR_MV,D,20200617,000000,42.8916,44.1093,42.8916,44.1093,0,0
CSR_MV,D,20200618,000000,44.1093,62.3628,44.1093,62.3628,0,0
CSR_MV,D,20200619,000000,53.232,62.3628,53.232,56.5788,0,0
CSR_MV,D,20200623,000000,53.7022,53.7022,53.7022,53.7022,0,0
CSR_MV,D,20200624,000000,53.3866,53.3866,48.9057,48.9057,0,0
CSR_MV,D,20200629,000000,48.9057,48.9057,48.9057,48.9057,0,0
CSR_MV,D,20200630,000000,46.352,46.352,46.352,46.352,0,0
CSR_MV,D,20200706,000000,45.7127,47.949,45.7127,47.949,0,0
CSR_MV,D,20200707,000000,57.2191,65.5333,57.2191,65.5333,0,0
CSR_MV,D,20200708,000000,63.9289,63.9289,63.9289,63.9289,0,0
CSR_MV,D,20200709,000000,65.5333,65.5333,65.5333,65.5333,0,0
CSR_MV,D,20200710,000000,54.3425,57.8602,51.1503,57.5437,0,0
CSR_MV,D,20200714,000000,51.1503,51.1503,49.5451,49.5451,0,0
CSR_MV,D,20200715,000000,51.1503,51.1503,51.1503,51.1503,0,0
CSR_MV,D,20200723,000000,52.7464,52.7464,51.1503,51.1503,0,0
CSR_MV,D,20200724,000000,52.7464,52.7464,52.7464,52.7464,0,0
CSR_MV,D,20200730,000000,55.2983,55.2983,55.2983,55.2983,0,0
CSR_MV,D,20200804,000000,55.623,55.623,55.623,55.623,0,0
CSR_MV,D,20200807,000000,56.9035,65.5333,56.5788,65.5333,0,0
CSR_MV,D,20200810,000000,56.9035,56.9035,56.9035,56.9035,0,0
CSR_MV,D,20200813,000000,56.9035,65.5333,56.5788,65.5333,0,0
CSR_MV,D,20200818,000000,63.9289,63.9289,63.9289,63.9289,0,0
CSR_MV,D,20200820,000000,59.4554,59.4554,59.4554,59.4554,0,0
CSR_MV,D,20200826,000000,65.2104,65.2104,64.5692,64.5692,0,0
CSR_MV,D,20200827,000000,64.2536,64.2536,64.2536,64.2536,0,0
CSR_MV,D,20200901,000000,64.5692,65.2104,64.5692,65.2104,0,0
CSR_MV,D,20200903,000000,62.3329,62.3329,62.3329,62.3329,0,0
CSR_MV,D,20200908,000000,61.3762,61.3762,61.3762,61.3762,0,0
CSR_MV,D,20200916,000000,60.4203,60.4203,59.4554,59.4554,0,0
CSR_MV,D,20200922,000000,57.5437,57.5437,57.5437,57.5437,0,0
CSR_MV,D,20200923,000000,60.4203,60.4203,60.4203,60.4203,0,0
CSR_MV,D,20201002,000000,60.4203,62.3329,60.4203,62.3329,0,0
CSR_MV,D,20201005,000000,65.2104,65.5333,65.2104,65.5333,0,0
CSR_MV,D,20201006,000000,66.49,66.49,66.49,66.49,0,0
CSR_MV,D,20201008,000000,63.9289,63.9289,63.9289,63.9289,0,0
CSR_MV,D,20201016,000000,63.9289,63.9289,63.9289,63.9289,0,0
CSR_MV,D,20201019,000000,65.5333,65.5333,65.5333,65.5333,0,0
CSR_MV,D,20201023,000000,65.5333,70.3233,65.5333,70.3233,0,0
CSR_MV,D,20201026,000000,68.7263,68.7263,68.7263,68.7263,0,0
CSR_MV,D,20201027,000000,68.7263,70.3233,68.7263,70.3233,0,0
CSR_MV,D,20201028,000000,71.9275,71.9275,68.7263,68.7263,0,0
CSR_MV,D,20201106,000000,65.5333,65.5333,63.9289,63.9289,0,0
CSR_MV,D,20201110,000000,67.1302,71.9275,67.1302,71.9275,0,0
CSR_MV,D,20201112,000000,70.3233,71.9275,70.3233,71.9275,0,0
CSR_MV,D,20201113,000000,71.9275,73.5236,71.9275,73.5236,0,0
CSR_MV,D,20201116,000000,78.321,78.321,76.7168,76.7168,0,0
CSR_MV,D,20201117,000000,78.321,78.321,78.321,78.321,0,0
CSR_MV,D,20201124,000000,78.321,78.321,78.321,78.321,0,0
CSR_MV,D,20201126,000000,76.7168,76.7168,76.7168,76.7168,0,0
CSR_MV,D,20201127,000000,79.9881,79.9881,79.9881,79.9881,0,0
CSR_MV,D,20201130,000000,79.9881,79.9881,79.9881,79.9881,0,0
CSR_MV,D,20201201,000000,76.3957,76.3957,76.3957,76.3957,0,0
CSR_MV,D,20201203,000000,76.7186,78.3493,76.7186,78.3493,0,0
CSR_MV,D,20201204,000000,79.9881,81.6178,79.9881,81.6178,0,0
CSR_MV,D,20201207,000000,83.2484,83.2484,83.2484,83.2484,0,0
CSR_MV,D,20201208,000000,83.2484,88.1477,83.2484,88.1477,0,0
CSR_MV,D,20201209,000000,89.7783,94.6739,89.7783,94.6739,0,0
CSR_MV,D,20201210,000000,90.5995,90.5995,88.1477,88.1477,0,0
CSR_MV,D,20201214,000000,89.7783,89.7783,89.7783,89.7783,0,0
CSR_MV,D,20201215,000000,90.5995,90.5995,90.5995,90.5995,0,0
CSR_MV,D,20201216,000000,90.5995,90.5995,90.5995,90.5995,0,0
CSR_MV,D,20201217,000000,91.4089,93.0459,91.4089,93.0459,0,0
CSR_MV,D,20201221,000000,92.2274,92.2274,92.2274,92.2274,0,0
CSR_MV,D,20201222,000000,94.6739,95.4921,94.6739,95.4921,0,0
CSR_MV,D,20201223,000000,95.4921,96.311,95.4921,96.311,0,0
CSR_MV,D,20201228,000000,97.9384,112.626,97.9384,112.626,0,0
CSR_MV,D,20201229,000000,112.626,122.43,112.626,116.709,0,0
CSR_MV,D,20210105,000000,121.611,125.686,117.528,119.975,0,0
CSR_MV,D,20210107,000000,122.43,122.43,120.793,120.793,0,0
CSR_MV,D,20210111,000000,120.793,120.793,116.709,116.709,0,0
CSR_MV,D,20210112,000000,110.999,110.999,110.999,110.999,0,0
CSR_MV,D,20210114,000000,110.999,110.999,110.999,110.999,0,0
CSR_MV,D,20210115,000000,110.999,120.793,110.999,120.793,0,0
CSR_MV,D,20210118,000000,117.528,124.059,117.528,124.059,0,0
CSR_MV,D,20210120,000000,119.157,120.793,119.157,120.793,0,0
CSR_MV,D,20210121,000000,125.686,127.323,125.686,127.323,0,0
CSR_MV,D,20210122,000000,133.844,133.844,127.323,128.961,0,0
CSR_MV,D,20210125,000000,128.142,128.142,124.059,127.323,0,0
CSR_MV,D,20210126,000000,125.686,125.686,125.686,125.686,0,0
CSR_MV,D,20210127,000000,127.323,127.323,127.323,127.323,0,0
CSR_MV,D,20210128,000000,128.961,132.216,128.961,132.216,0,0
CSR_MV,D,20210129,000000,132.216,132.216,127.323,132.216,0,0
CSR_MV,D,20210201,000000,132.216,132.216,130.588,130.588,0,0
CSR_MV,D,20210203,000000,127.323,130.588,127.323,130.588,0,0
CSR_MV,D,20210208,000000,126.505,128.961,126.505,128.961,0,0
CSR_MV,D,20210210,000000,130.588,133.844,130.588,133.844,0,0
CSR_MV,D,20210211,000000,138.746,146.094,138.746,146.094,0,0
CSR_MV,D,20210212,000000,155.08,158.336,155.08,157.517,0,0
CSR_MV,D,20210215,000000,157.517,158.336,157.517,158.336,0,0
CSR_MV,D,20210216,000000,134.672,142.02,134.672,142.02,0,0
CSR_MV,D,20210217,000000,142.02,142.02,142.02,142.02,0,0
CSR_MV,D,20210218,000000,136.299,136.299,135.49,135.49,0,0
CSR_MV,D,20210219,000000,135.49,135.49,135.49,135.49,0,0
CSR_MV,D,20210222,000000,142.02,142.02,135.49,135.49,0,0
CSR_MV,D,20210303,000000,155.08,155.08,155.08,155.08,0,0
CSR_MV,D,20210304,000000,155.08,155.08,145.276,145.276,0,0
CSR_MV,D,20210305,000000,145.276,145.276,145.276,145.276,0,0
CSR_MV,D,20210309,000000,146.094,146.094,146.094,146.094,0,0
CSR_MV,D,20210311,000000,150.178,151.805,150.178,151.805,0,0
CSR_MV,D,20210312,000000,155.08,155.08,148.55,148.55,0,0
CSR_MV,D,20210316,000000,163.238,163.238,150.178,150.178,0,0
CSR_MV,D,20210317,000000,150.987,150.987,150.987,150.987,0,0
CSR_MV,D,20210319,000000,161.601,161.601,161.601,161.601,0,0
CSR_MV,D,20210322,000000,150.987,163.238,150.987,162.419,0,0
CSR_MV,D,20210323,000000,162.419,163.238,162.419,163.238,0,0
CSR_MV,D,20210324,000000,163.238,163.238,163.238,163.238,0,0
CSR_MV,D,20210325,000000,163.238,163.238,155.889,155.889,0,0
CSR_MV,D,20210326,000000,155.889,163.238,155.889,163.238,0,0
CSR_MV,D,20210330,000000,155.889,155.889,155.889,155.889,0,0
CSR_MV,D,20210406,000000,156.707,163.238,156.707,163.238,0,0
CSR_MV,D,20210407,000000,174.66,174.66,166.493,166.493,0,0
CSR_MV,D,20210409,000000,174.66,179.553,171.395,179.553,0,0
CSR_MV,D,20210412,000000,179.553,192.613,179.553,192.613,0,0
CSR_MV,D,20210413,000000,194.249,195.878,179.553,195.878,0,0
CSR_MV,D,20210414,000000,195.878,195.878,195.878,195.878,0,0
CSR_MV,D,20210415,000000,194.249,194.249,194.249,194.249,0,0
CSR_MV,D,20210416,000000,189.357,194.249,189.357,194.249,0,0
CSR_MV,D,20210419,000000,194.249,194.249,189.357,192.613,0,0
CSR_MV,D,20210420,000000,187.72,187.72,182.827,182.827,0,0
CSR_MV,D,20210423,000000,187.72,187.72,187.72,187.72,0,0
CSR_MV,D,20210426,000000,182.827,187.72,182.827,187.72,0,0
CSR_MV,D,20210427,000000,187.72,189.357,187.72,189.357,0,0
CSR_MV,D,20210428,000000,192.613,195.878,192.613,195.878,0,0
CSR_MV,D,20210429,000000,195.878,195.878,194.249,194.249,0,0
CSR_MV,D,20210430,000000,192.613,192.613,192.613,192.613,0,0
CSR_MV,D,20210504,000000,192.613,192.613,192.613,192.613,0,0
CSR_MV,D,20210505,000000,192.613,192.613,192.613,192.613,0,0
CSR_MV,D,20210507,000000,192.613,192.613,192.613,192.613,0,0
CSR_MV,D,20210510,000000,195.878,195.878,192.613,192.613,0,0
CSR_MV,D,20210511,000000,190.985,190.985,190.985,190.985,0,0
CSR_MV,D,20210512,000000,189.357,189.357,189.357,189.357,0,0
CSR_MV,D,20210513,000000,189.357,189.357,189.357,189.357,0,0
CSR_MV,D,20210514,000000,187.72,187.72,166.493,187.72,0,0
CSR_MV,D,20210517,000000,166.493,187.72,166.493,187.72,0,0
CSR_MV,D,20210519,000000,171.395,171.395,171.395,171.395,0,0
CSR_MV,D,20210520,000000,166.493,166.493,159.154,159.154,0,0
CSR_MV,D,20210524,000000,155.08,155.08,155.08,155.08,0,0
CSR_MV,D,20210525,000000,159.963,166.493,159.963,166.493,0,0
CSR_MV,D,20210527,000000,166.493,166.493,166.493,166.493,0,0
CSR_MV,D,20210528,000000,166.493,166.493,166.493,166.493,0,0
CSR_MV,D,20210531,000000,171.395,179.553,171.395,179.553,0,0
CSR_MV,D,20210601,000000,179.553,179.553,179.553,179.553,0,0
CSR_MV,D,20210602,000000,179.553,190.985,179.553,190.985,0,0
CSR_MV,D,20210604,000000,190.985,190.985,190.985,190.985,0,0
CSR_MV,D,20210607,000000,163.238,189.357,163.238,189.357,0,0
CSR_MV,D,20210608,000000,179.553,179.553,163.238,164.865,0,0
CSR_MV,D,20210609,000000,187.72,190.985,182.827,182.827,0,0
CSR_MV,D,20210610,000000,182.827,182.827,173.024,173.024,0,0
CSR_MV,D,20210611,000000,173.024,173.024,171.395,171.395,0,0
CSR_MV,D,20210614,000000,166.493,166.493,155.08,161.601,0,0
CSR_MV,D,20210615,000000,160.782,160.782,160.782,160.782,0,0
CSR_MV,D,20210618,000000,159.154,159.154,155.08,155.08,0,0
CSR_MV,D,20210621,000000,161.601,161.601,161.601,161.601,0,0
CSR_MV,D,20210622,000000,168.13,168.13,160.782,160.782,0,0
CSR_MV,D,20210623,000000,161.601,161.601,161.601,161.601,0,0
CSR_MV,D,20210624,000000,161.601,161.601,161.601,161.601,0,0
CSR_MV,D,20210625,000000,163.238,163.238,162.419,162.419,0,0
CSR_MV,D,20210629,000000,163.238,163.238,163.238,163.238,0,0
CSR_MV,D,20210630,000000,179.38,179.38,179.38,179.38,0,0
CSR_MV,D,20210705,000000,175.788,175.788,175.788,175.788,0,0
CSR_MV,D,20210707,000000,171.304,171.304,171.304,171.304,0,0
CSR_MV,D,20210708,000000,171.304,171.304,171.304,171.304,0,0
CSR_MV,D,20210709,000000,171.304,171.304,171.304,171.304,0,0
CSR_MV,D,20210712,000000,171.304,171.304,171.304,171.304,0,0
CSR_MV,D,20210713,000000,168.613,168.613,168.613,168.613,0,0
CSR_MV,D,20210714,000000,172.205,172.205,172.205,172.205,0,0
CSR_MV,D,20210715,000000,172.205,172.205,172.205,172.205,0,0
CSR_MV,D,20210719,000000,167.721,167.721,167.721,167.721,0,0
CSR_MV,D,20210721,000000,163.238,163.238,163.238,163.238,0,0
CSR_MV,D,20210722,000000,156.062,156.062,156.062,156.062,0,0
CSR_MV,D,20210723,000000,156.062,156.062,156.062,156.062,0,0
CSR_MV,D,20210726,000000,151.578,151.578,151.578,151.578,0,0
CSR_MV,D,20210727,000000,154.261,154.261,154.261,154.261,0,0
CSR_MV,D,20210729,000000,148.886,148.886,143.502,143.502,0,0
CSR_MV,D,20210730,000000,139.919,139.919,139.919,139.919,0,0
CSR_MV,D,20210803,000000,140.81,140.81,140.81,140.81,0,0
CSR_MV,D,20210804,000000,136.327,136.327,136.327,136.327,0,0
CSR_MV,D,20210805,000000,140.81,140.81,133.635,135.426,0,0
CSR_MV,D,20210806,000000,136.327,136.327,136.327,136.327,0,0
CSR_MV,D,20210809,000000,139.919,139.919,139.919,139.919,0,0
CSR_MV,D,20210810,000000,140.81,140.81,140.81,140.81,0,0
CSR_MV,D,20210811,000000,139.919,139.919,139.919,139.919,0,0
CSR_MV,D,20210812,000000,134.535,134.535,134.535,134.535,0,0
CSR_MV,D,20210813,000000,140.81,140.81,140.81,140.81,0,0
CSR_MV,D,20210816,000000,142.602,147.986,142.602,147.986,0,0
CSR_MV,D,20210817,000000,171.304,171.304,171.304,171.304,0,0
CSR_MV,D,20210818,000000,170.413,170.413,170.413,170.413,0,0
CSR_MV,D,20210819,000000,168.613,168.613,168.613,168.613,0,0
CSR_MV,D,20210820,000000,168.613,168.613,168.613,168.613,0,0
CSR_MV,D,20210825,000000,161.436,161.436,161.436,161.436,0,0
CSR_MV,D,20210827,000000,156.062,156.062,156.062,156.062,0,0
CSR_MV,D,20210831,000000,156.062,156.062,156.062,156.062,0,0
CSR_MV,D,20210901,000000,159.645,159.645,154.261,154.261,0,0
CSR_MV,D,20210903,000000,150.678,150.678,150.678,150.678,0,0
CSR_MV,D,20210906,000000,156.062,156.062,156.062,156.062,0,0
CSR_MV,D,20210914,000000,150.678,150.678,150.678,150.678,0,0
CSR_MV,D,20210917,000000,156.062,156.062,156.062,156.062,0,0
CSR_MV,D,20210920,000000,150.678,150.678,150.678,150.678,0,0
CSR_MV,D,20210921,000000,148.886,148.886,148.886,148.886,0,0
CSR_MV,D,20210927,000000,149.778,149.778,149.778,149.778,0,0
CSR_MV,D,20211006,000000,143.502,143.502,137.228,138.119,0,0
CSR_MV,D,20211012,000000,138.119,143.502,138.119,143.502,0,0
CSR_MV,D,20211019,000000,142.602,143.502,142.602,143.502,0,0
CSR_MV,D,20211020,000000,137.228,138.119,137.228,138.119,0,0
CSR_MV,D,20211021,000000,138.119,138.119,138.119,138.119,0,0
CSR_MV,D,20211025,000000,139.018,139.018,139.018,139.018,0,0
CSR_MV,D,20211026,000000,142.602,142.602,142.602,142.602,0,0
CSR_MV,D,20211102,000000,141.711,141.711,141.711,141.711,0,0
CSR_MV,D,20211104,000000,139.919,139.919,139.919,139.919,0,0
CSR_MV,D,20211108,000000,139.919,139.919,139.919,139.919,0,0
CSR_MV,D,20211109,000000,140.81,140.81,134.535,139.919,0,0
CSR_MV,D,20211110,000000,141.711,146.195,141.711,146.195,0,0
CSR_MV,D,20211112,000000,146.195,146.195,146.195,146.195,0,0
CSR_MV,D,20211115,000000,151.578,151.578,148.886,148.886,0,0
CSR_MV,D,20211117,000000,155.162,155.162,155.162,155.162,0,0
CSR_MV,D,20211118,000000,162.337,163.238,156.953,156.953,0,0
CSR_MV,D,20211119,000000,163.238,164.129,163.238,164.129,0,0
CSR_MV,D,20211122,000000,164.129,165.029,164.129,165.029,0,0
CSR_MV,D,20211123,000000,165.029,176.689,165.029,176.689,0,0
CSR_MV,D,20211124,000000,176.689,176.689,176.689,176.689,0,0
CSR_MV,D,20211126,000000,177.58,177.58,170.413,170.413,0,0
CSR_MV,D,20211129,000000,178.479,178.479,173.996,175.788,0,0
CSR_MV,D,20211130,000000,174.897,174.897,174.897,174.897,0,0
CSR_MV,D,20211202,000000,175.788,175.788,173.996,173.996,0,0
CSR_MV,D,20211206,000000,162.337,178.479,162.337,178.479,0,0
CSR_MV,D,20211207,000000,182.963,182.963,182.963,182.963,0,0
CSR_MV,D,20211208,000000,213.457,213.457,182.963,188.347,0,0
CSR_MV,D,20211209,000000,197.315,197.315,195.523,197.315,0,0
CSR_MV,D,20211210,000000,197.315,197.315,197.315,197.315,0,0
CSR_MV,D,20211213,000000,197.315,197.315,197.315,197.315,0,0
CSR_MV,D,20211214,000000,197.315,197.315,197.315,197.315,0,0
CSR_MV,D,20211215,000000,197.315,199.106,197.315,199.106,0,0
CSR_MV,D,20211220,000000,199.106,199.106,199.106,199.106,0,0
CSR_MV,D,20211222,000000,199.106,199.106,199.106,199.106,0,0
CSR_MV,D,20211223,000000,195.523,199.106,195.523,199.106,0,0
CSR_MV,D,20211227,000000,199.106,199.106,199.106,199.106,0,0
CSR_MV,D,20211228,000000,199.106,199.106,199.106,199.106,0,0
CSR_MV,D,20211229,000000,199.106,199.106,191.93,199.106,0,0
CSR_MV,D,20211230,000000,190.139,199.106,190.139,199.106,0,0
CSR_MV,D,20220103,000000,204.49,213.457,204.49,213.457,0,0
CSR_MV,D,20220104,000000,211.666,211.666,197.315,197.315,0,0
CSR_MV,D,20220105,000000,197.315,206.282,197.315,202.699,0,0
CSR_MV,D,20220107,000000,202.699,202.699,202.699,202.699,0,0
CSR_MV,D,20220110,000000,202.699,202.699,202.699,202.699,0,0
CSR_MV,D,20220112,000000,197.315,197.315,197.315,197.315,0,0
CSR_MV,D,20220117,000000,202.699,202.699,202.699,202.699,0,0
CSR_MV,D,20220119,000000,193.732,193.732,191.93,191.93,0,0
CSR_MV,D,20220120,000000,191.93,191.93,191.93,191.93,0,0
CSR_MV,D,20220121,000000,191.93,191.93,186.555,190.139,0,0
CSR_MV,D,20220124,000000,190.139,200.907,179.38,179.38,0,0
CSR_MV,D,20220125,000000,173.996,173.996,165.92,165.92,0,0
CSR_MV,D,20220127,000000,171.304,173.996,171.304,173.996,0,0
CSR_MV,D,20220131,000000,178.479,178.479,178.479,178.479,0,0
CSR_MV,D,20220201,000000,178.479,178.479,174.897,174.897,0,0
CSR_MV,D,20220202,000000,179.38,179.38,179.38,179.38,0,0
CSR_MV,D,20220204,000000,179.38,181.172,179.38,181.172,0,0
CSR_MV,D,20220207,000000,181.172,181.172,181.172,181.172,0,0
CSR_MV,D,20220208,000000,181.172,181.172,181.172,181.172,0,0
CSR_MV,D,20220209,000000,179.38,179.38,179.38,179.38,0,0
CSR_MV,D,20220214,000000,182.963,184.755,179.38,179.38,0,0
CSR_MV,D,20220215,000000,171.304,171.304,170.413,170.413,0,0
CSR_MV,D,20220221,000000,163.238,163.238,130.943,136.327,0,0
CSR_MV,D,20220222,000000,152.469,152.469,152.469,152.469,0,0
CSR_MV,D,20220223,000000,152.469,163.238,152.469,163.238,0,0
CSR_MV,D,20220224,000000,136.327,143.502,136.327,143.502,0,0
CSR_MV,D,20220228,000000,143.502,163.238,142.602,142.602,0,0
CSR_MV,D,20220303,000000,147.986,147.986,147.986,147.986,0,0
CSR_MV,D,20220307,000000,147.986,147.986,143.502,143.502,0,0
CSR_MV,D,20220308,000000,148.886,148.886,148.886,148.886,0,0
CSR_MV,D,20220309,000000,156.062,156.062,156.062,156.062,0,0
CSR_MV,D,20220310,000000,156.953,156.953,156.953,156.953,0,0
CSR_MV,D,20220311,000000,161.436,161.436,161.436,161.436,0,0
CSR_MV,D,20220314,000000,165.92,165.92,165.92,165.92,0,0
CSR_MV,D,20220315,000000,161.436,165.92,161.436,165.92,0,0
CSR_MV,D,20220316,000000,170.413,179.38,170.413,179.38,0,0
CSR_MV,D,20220317,000000,182.963,184.755,176.689,176.689,0,0
CSR_MV,D,20220318,000000,176.689,177.58,176.689,177.58,0,0
CSR_MV,D,20220321,000000,170.413,170.413,169.512,170.413,0,0
CSR_MV,D,20220323,000000,165.029,165.029,165.029,165.029,0,0
CSR_MV,D,20220330,000000,165.029,165.029,165.029,165.029,0,0
CSR_MV,D,20220331,000000,173.096,200.907,173.096,177.58,0,0
CSR_MV,D,20220401,000000,177.58,179.38,171.304,179.38,0,0
CSR_MV,D,20220404,000000,175.788,176.689,175.788,176.689,0,0
CSR_MV,D,20220411,000000,179.38,181.172,173.996,173.996,0,0
CSR_MV,D,20220412,000000,179.38,179.38,171.304,173.996,0,0
CSR_MV,D,20220413,000000,173.996,173.996,173.996,173.996,0,0
CSR_MV,D,20220422,000000,173.996,173.996,167.721,167.721,0,0
CSR_MV,D,20220428,000000,165.92,165.92,165.92,165.92,0,0
CSR_MV,D,20220504,000000,163.238,163.238,157.854,157.854,0,0
CSR_MV,D,20220506,000000,157.854,157.854,143.502,143.502,0,0
CSR_MV,D,20220513,000000,146.195,146.195,146.195,146.195,0,0
CSR_MV,D,20220516,000000,150.678,150.678,150.678,150.678,0,0
CSR_MV,D,20220518,000000,154.261,154.261,154.261,154.261,0,0
CSR_MV,D,20220520,000000,157.854,160.545,157.854,160.545,0,0
CSR_MV,D,20220523,000000,160.545,160.545,160.545,160.545,0,0
CSR_MV,D,20220524,000000,160.545,161.436,160.545,161.436,0,0
CSR_MV,D,20220525,000000,173.096,173.096,173.096,173.096,0,0
CSR_MV,D,20220526,000000,172.205,172.205,172.205,172.205,0,0
CSR_MV,D,20220527,000000,165.029,165.029,165.029,165.029,0,0
CSR_MV,D,20220602,000000,161.436,161.436,158.754,158.754,0,0
CSR_MV,D,20220603,000000,147.986,147.986,147.986,147.986,0,0
CSR_MV,D,20220606,000000,139.018,143.502,135.426,136.327,0,0
CSR_MV,D,20220610,000000,132.744,134.535,132.744,134.535,0,0
CSR_MV,D,20220613,000000,161.436,161.436,161.436,161.436,0,0
CSR_MV,D,20220623,000000,147.086,147.086,147.086,147.086,0,0
CSR_MV,D,20220627,000000,147.086,147.086,147.086,147.086,0,0
CSR_MV,D,20220705,000000,147.086,147.086,147.086,147.086,0,0
CSR_MV,D,20220711,000000,147.089,147.089,147.089,147.089,0,0
CSR_MV,D,20220712,000000,145.217,145.217,140.534,140.534,0,0
CSR_MV,D,20220713,000000,141.465,141.465,141.465,141.465,0,0
CSR_MV,D,20220714,000000,141.465,141.465,141.465,141.465,0,0
CSR_MV,D,20220718,000000,140.534,140.534,140.534,140.534,0,0
CSR_MV,D,20220721,000000,140.534,140.534,140.534,140.534,0,0
CSR_MV,D,20220722,000000,140.534,140.534,140.534,140.534,0,0
CSR_MV,D,20220725,000000,138.662,138.662,138.662,138.662,0,0
CSR_MV,D,20220729,000000,138.662,138.662,138.662,138.662,0,0
CSR_MV,D,20220801,000000,141.465,141.465,141.465,141.465,0,0
CSR_MV,D,20220802,000000,141.465,141.465,141.465,141.465,0,0
CSR_MV,D,20220804,000000,138.662,138.662,137.722,137.722,0,0
CSR_MV,D,20220805,000000,167.704,167.704,139.593,139.593,0,0
CSR_MV,D,20220809,000000,154.584,154.584,154.584,154.584,0,0
CSR_MV,D,20220810,000000,149.901,149.901,149.901,149.901,0,0
CSR_MV,D,20220811,000000,149.901,149.901,149.901,149.901,0,0
CSR_MV,D,20220816,000000,157.396,157.396,157.396,157.396,0,0
CSR_MV,D,20220819,000000,149.901,149.901,149.901,149.901,0,0
CSR_MV,D,20220822,000000,133.969,133.969,107.74,107.74,0,0
CSR_MV,D,20220823,000000,129.286,129.286,110.552,110.552,0,0
CSR_MV,D,20220824,000000,122.731,122.731,122.731,122.731,0,0
CSR_MV,D,20220826,000000,131.167,131.167,131.167,131.167,0,0
CSR_MV,D,20220909,000000,151.772,180.814,151.772,180.814,0,0
CSR_MV,D,20220913,000000,187.378,187.378,168.635,173.318,0,0
CSR_MV,D,20220914,000000,179.883,179.883,169.575,177.071,0,0
CSR_MV,D,20220915,000000,176.13,177.071,167.704,175.199,0,0
CSR_MV,D,20220916,000000,176.13,176.13,176.13,176.13,0,0
CSR_MV,D,20220919,000000,172.387,172.387,163.951,163.951,0,0
CSR_MV,D,20220920,000000,164.892,168.635,164.892,168.635,0,0
CSR_MV,D,20220921,000000,179.883,179.883,179.883,179.883,0,0
CSR_MV,D,20220922,000000,179.883,179.883,163.02,169.575,0,0
CSR_MV,D,20220923,000000,168.635,169.575,168.635,169.575,0,0
CSR_MV,D,20220926,000000,167.704,167.704,167.704,167.704,0,0
CSR_MV,D,20220927,000000,167.704,167.704,167.704,167.704,0,0
CSR_MV,D,20220928,000000,167.704,167.704,167.704,167.704,0,0
CSR_MV,D,20220929,000000,167.704,167.704,167.704,167.704,0,0
CSR_MV,D,20220930,000000,167.704,167.704,167.704,167.704,0,0
CSR_MV,D,20221004,000000,167.704,167.704,167.704,167.704,0,0
CSR_MV,D,20221005,000000,167.704,167.704,167.704,167.704,0,0
CSR_MV,D,20221006,000000,167.704,169.575,162.08,167.704,0,0
CSR_MV,D,20221007,000000,169.575,169.575,167.704,169.575,0,0
CSR_MV,D,20221010,000000,169.575,169.575,163.02,169.575,0,0
CSR_MV,D,20221011,000000,163.02,169.575,163.02,169.575,0,0
CSR_MV,D,20221012,000000,169.575,169.575,169.575,169.575,0,0
CSR_MV,D,20221013,000000,169.575,169.575,163.02,165.832,0,0
CSR_MV,D,20221014,000000,169.575,169.575,165.832,165.832,0,0
CSR_MV,D,20221017,000000,168.635,168.635,168.635,168.635,0,0
CSR_MV,D,20221018,000000,168.635,168.635,165.832,165.832,0,0
CSR_MV,D,20221019,000000,168.635,168.635,161.139,161.139,0,0
CSR_MV,D,20221020,000000,168.635,168.635,162.08,162.08,0,0
CSR_MV,D,20221021,000000,163.02,163.02,163.02,163.02,0,0
CSR_MV,D,20221024,000000,163.02,163.02,163.02,163.02,0,0
CSR_MV,D,20221025,000000,163.951,163.951,163.951,163.951,0,0
CSR_MV,D,20221026,000000,163.951,163.951,163.02,163.02,0,0
CSR_MV,D,20221027,000000,163.951,163.951,163.02,163.02,0,0
CSR_MV,D,20221028,000000,163.02,163.02,157.396,163.02,0,0
CSR_MV,D,20221031,000000,163.951,163.951,163.951,163.951,0,0
CSR_MV,D,20221102,000000,163.951,163.951,163.02,163.02,0,0
CSR_MV,D,20221103,000000,163.951,163.951,163.02,163.02,0,0
CSR_MV,D,20221104,000000,161.139,161.139,161.139,161.139,0,0
CSR_MV,D,20221107,000000,161.139,161.139,157.396,157.396,0,0
CSR_MV,D,20221108,000000,157.396,157.396,156.456,156.456,0,0
CSR_MV,D,20221109,000000,155.525,155.525,155.525,155.525,0,0
CSR_MV,D,20221110,000000,161.139,161.139,155.525,155.525,0,0
CSR_MV,D,20221114,000000,155.525,155.525,155.525,155.525,0,0
CSR_MV,D,20221115,000000,155.525,155.525,155.525,155.525,0,0
CSR_MV,D,20221116,000000,161.139,161.139,161.139,161.139,0,0
CSR_MV,D,20221117,000000,161.139,161.139,155.525,155.525,0,0
CSR_MV,D,20221118,000000,155.525,155.525,155.525,155.525,0,0
CSR_MV,D,20221121,000000,148.96,155.525,148.96,155.525,0,0
CSR_MV,D,20221122,000000,155.525,161.139,155.525,161.139,0,0
CSR_MV,D,20221123,000000,161.139,161.139,161.139,161.139,0,0
CSR_MV,D,20221124,000000,161.139,161.139,161.139,161.139,0,0
CSR_MV,D,20221125,000000,161.139,161.139,150.841,161.139,0,0
CSR_MV,D,20221128,000000,161.139,161.139,161.139,161.139,0,0
CSR_MV,D,20221129,000000,161.139,161.139,161.139,161.139,0,0
CSR_MV,D,20221130,000000,161.139,161.139,161.139,161.139,0,0
CSR_MV,D,20221201,000000,161.139,161.139,159.268,159.268,0,0
CSR_MV,D,20221202,000000,159.268,159.268,154.584,158.337,0,0
CSR_MV,D,20221205,000000,159.268,159.268,159.268,159.268,0,0
CSR_MV,D,20221206,000000,161.139,161.139,161.139,161.139,0,0
CSR_MV,D,20221207,000000,161.139,161.139,161.139,161.139,0,0
CSR_MV,D,20221208,000000,161.139,161.139,150.841,152.713,0,0
CSR_MV,D,20221209,000000,161.139,161.139,152.713,153.644,0,0
CSR_MV,D,20221212,000000,148.96,148.96,148.96,148.96,0,0
CSR_MV,D,20221213,000000,148.96,148.96,148.96,148.96,0,0
CSR_MV,D,20221214,000000,144.277,147.089,144.277,147.089,0,0
CSR_MV,D,20221215,000000,147.089,147.089,143.346,143.346,0,0
CSR_MV,D,20221216,000000,144.277,154.584,144.277,147.089,0,0
CSR_MV,D,20221219,000000,147.089,147.089,147.089,147.089,0,0
CSR_MV,D,20221220,000000,147.089,147.089,141.465,141.465,0,0
CSR_MV,D,20221221,000000,140.534,141.465,129.286,135.85,0,0
CSR_MV,D,20221222,000000,135.85,135.85,135.85,135.85,0,0
CSR_MV,D,20221223,000000,135.85,135.85,133.969,133.969,0,0
CSR_MV,D,20221227,000000,133.969,133.969,132.098,132.098,0,0
CSR_MV,D,20221228,000000,129.286,131.167,129.286,131.167,0,0
CSR_MV,D,20221229,000000,131.167,131.167,131.167,131.167,0,0
CSR_MV,D,20221230,000000,134.91,134.91,134.91,134.91,0,0
CSR_MV,D,20230102,000000,134.91,134.91,134.91,134.91,0,0
CSR_MV,D,20230103,000000,134.91,134.91,134.91,134.91,0,0
CSR_MV,D,20230104,000000,133.038,133.038,133.038,133.038,0,0
CSR_MV,D,20230105,000000,133.038,133.038,128.355,128.355,0,0
CSR_MV,D,20230109,000000,132.098,132.098,132.098,132.098,0,0
CSR_MV,D,20230110,000000,132.098,132.098,126.483,126.483,0,0
CSR_MV,D,20230111,000000,124.602,125.543,121.79,121.79,0,0
CSR_MV,D,20230112,000000,121.79,121.79,120.859,121.79,0,0
CSR_MV,D,20230113,000000,121.79,121.79,118.988,121.79,0,0
CSR_MV,D,20230116,000000,121.79,121.79,118.988,118.988,0,0
CSR_MV,D,20230117,000000,118.988,121.79,118.988,120.859,0,0
CSR_MV,D,20230118,000000,121.79,121.79,121.79,121.79,0,0
CSR_MV,D,20230119,000000,121.79,121.79,117.107,120.859,0,0
CSR_MV,D,20230120,000000,119.919,119.919,116.176,119.919,0,0
CSR_MV,D,20230123,000000,119.919,119.919,118.047,119.919,0,0
CSR_MV,D,20230124,000000,119.919,119.919,118.988,118.988,0,0
CSR_MV,D,20230125,000000,119.919,119.919,118.988,118.988,0,0
CSR_MV,D,20230126,000000,119.919,119.919,118.047,119.919,0,0
CSR_MV,D,20230127,000000,118.988,119.919,118.988,118.988,0,0
CSR_MV,D,20230130,000000,118.988,118.988,118.047,118.047,0,0
CSR_MV,D,20230131,000000,118.047,119.919,118.047,119.919,0,0
CSR_MV,D,20230201,000000,119.919,119.919,118.988,119.919,0,0
CSR_MV,D,20230202,000000,119.919,119.919,113.364,118.988,0,0
CSR_MV,D,20230203,000000,119.919,119.919,117.107,119.919,0,0
CSR_MV,D,20230206,000000,119.919,119.919,119.919,119.919,0,0
CSR_MV,D,20230207,000000,119.919,119.919,119.919,119.919,0,0
CSR_MV,D,20230208,000000,119.919,119.919,119.919,119.919,0,0
CSR_MV,D,20230209,000000,119.919,119.919,119.919,119.919,0,0
CSR_MV,D,20230210,000000,119.919,119.919,112.423,117.107,0,0
CSR_MV,D,20230213,000000,117.107,117.107,117.107,117.107,0,0
CSR_MV,D,20230214,000000,119.919,119.919,117.107,117.107,0,0
CSR_MV,D,20230215,000000,117.107,117.107,112.423,117.107,0,0
CSR_MV,D,20230216,000000,119.919,119.919,117.107,117.107,0,0
CSR_MV,D,20230217,000000,119.919,119.919,117.107,117.107,0,0
CSR_MV,D,20230220,000000,119.919,119.919,118.988,119.919,0,0
CSR_MV,D,20230221,000000,119.919,119.919,118.988,118.988,0,0
CSR_MV,D,20230222,000000,119.919,119.919,119.919,119.919,0,0
CSR_MV,D,20230223,000000,119.919,119.919,119.919,119.919,0,0
CSR_MV,D,20230224,000000,119.919,119.919,118.988,118.988,0,0
CSR_MV,D,20230227,000000,119.919,119.919,118.988,118.988,0,0
CSR_MV,D,20230228,000000,118.988,118.988,118.988,118.988,0,0
CSR_MV,D,20230301,000000,119.919,119.919,116.176,118.047,0,0
CSR_MV,D,20230302,000000,119.919,119.919,118.988,118.988,0,0
CSR_MV,D,20230303,000000,119.919,119.919,119.919,119.919,0,0
CSR_MV,D,20230306,000000,119.919,119.919,113.364,118.988,0,0
CSR_MV,D,20230307,000000,119.919,119.919,118.988,118.988,0,0
CSR_MV,D,20230308,000000,119.919,119.919,118.988,118.988,0,0
CSR_MV,D,20230309,000000,119.919,119.919,118.047,118.988,0,0
CSR_MV,D,20230310,000000,119.919,119.919,119.919,119.919,0,0
CSR_MV,D,20230313,000000,119.919,119.919,119.919,119.919,0,0
CSR_MV,D,20230314,000000,121.79,121.79,118.988,118.988,0,0
CSR_MV,D,20230315,000000,118.988,118.988,114.295,118.047,0,0
CSR_MV,D,20230316,000000,118.988,118.988,109.611,113.364,0,0
CSR_MV,D,20230317,000000,121.79,121.79,115.235,115.235,0,0
CSR_MV,D,20230320,000000,118.988,118.988,118.988,118.988,0,0
CSR_MV,D,20230321,000000,121.79,121.79,118.988,118.988,0,0
CSR_MV,D,20230322,000000,118.988,118.988,118.988,118.988,0,0
CSR_MV,D,20230323,000000,117.107,122.731,117.107,122.731,0,0
CSR_MV,D,20230324,000000,126.483,126.483,123.671,123.671,0,0
CSR_MV,D,20230327,000000,126.483,126.483,118.988,126.483,0,0
CSR_MV,D,20230328,000000,126.483,126.483,121.79,121.79,0,0
CSR_MV,D,20230329,000000,126.483,126.483,126.483,126.483,0,0
CSR_MV,D,20230330,000000,124.602,124.602,121.79,121.79,0,0
CSR_MV,D,20230331,000000,126.483,126.483,126.483,126.483,0,0
CSR_MV,D,20230403,000000,126.483,126.483,126.483,126.483,0,0
CSR_MV,D,20230404,000000,126.483,126.483,126.483,126.483,0,0
CSR_MV,D,20230405,000000,126.483,126.483,126.483,126.483,0,0
CSR_MV,D,20230406,000000,125.543,125.543,125.543,125.543,0,0
CSR_MV,D,20230411,000000,125.543,125.543,118.047,125.543,0,0
CSR_MV,D,20230412,000000,125.543,125.543,119.919,124.602,0,0
CSR_MV,D,20230413,000000,125.543,125.543,119.919,125.543,0,0
CSR_MV,D,20230414,000000,125.543,125.543,125.543,125.543,0,0
CSR_MV,D,20230417,000000,125.543,125.543,125.543,125.543,0,0
CSR_MV,D,20230418,000000,125.543,125.543,125.543,125.543,0,0
CSR_MV,D,20230419,000000,125.543,125.543,125.543,125.543,0,0
CSR_MV,D,20230420,000000,123.671,123.671,119.919,119.919,0,0
CSR_MV,D,20230421,000000,125.543,125.543,119.919,119.919,0,0
CSR_MV,D,20230424,000000,120.859,120.859,115.235,119.919,0,0
CSR_MV,D,20230425,000000,124.602,124.602,109.611,109.611,0,0
CSR_MV,D,20230426,000000,111.492,111.492,103.056,103.997,0,0
CSR_MV,D,20230427,000000,104.928,111.492,103.997,103.997,0,0
CSR_MV,D,20230428,000000,103.997,103.997,96.501,96.501,0,0
CSR_MV,D,20230502,000000,96.501,96.501,94.62,94.62,0,0
CSR_MV,D,20230504,000000,95.5605,99.313,94.62,99.313,0,0
CSR_MV,D,20230505,000000,99.313,99.313,97.432,99.313,0,0
CSR_MV,D,20230508,000000,99.313,99.313,99.313,99.313,0,0
CSR_MV,D,20230509,000000,99.313,99.313,99.313,99.313,0,0
CSR_MV,D,20230510,000000,99.313,99.313,97.432,98.3725,0,0
CSR_MV,D,20230511,000000,99.313,99.313,95.5605,98.3725,0,0
CSR_MV,D,20230512,000000,99.313,99.313,98.3725,98.3725,0,0
CSR_MV,D,20230515,000000,99.313,99.313,99.313,99.313,0,0
CSR_MV,D,20230516,000000,99.313,99.313,95.5605,98.3725,0,0
CSR_MV,D,20230517,000000,99.313,99.313,94.62,94.62,0,0
CSR_MV,D,20230518,000000,94.62,99.313,94.62,99.313,0,0
CSR_MV,D,20230519,000000,99.313,99.313,99.313,99.313,0,0
CSR_MV,D,20230522,000000,99.313,99.313,97.432,97.432,0,0
CSR_MV,D,20230523,000000,97.432,99.313,97.432,99.313,0,0
CSR_MV,D,20230524,000000,99.313,99.313,99.313,99.313,0,0
CSR_MV,D,20230525,000000,99.313,99.313,99.313,99.313,0,0
CSR_MV,D,20230526,000000,99.313,99.313,99.313,99.313,0,0
CSR_MV,D,20230529,000000,99.313,106.809,99.313,103.997,0,0
CSR_MV,D,20230530,000000,106.809,106.809,106.809,106.809,0,0
CSR_MV,D,20230531,000000,106.809,106.809,106.809,106.809,0,0
CSR_MV,D,20230601,000000,106.809,106.809,103.056,103.056,0,0
CSR_MV,D,20230602,000000,104.928,104.928,104.928,104.928,0,0
CSR_MV,D,20230605,000000,106.809,106.809,99.313,103.997,0,0
CSR_MV,D,20230606,000000,104.928,104.928,104.928,104.928,0,0
CSR_MV,D,20230607,000000,103.056,103.056,103.056,103.056,0,0
CSR_MV,D,20230609,000000,103.056,103.056,93.689,93.689,0,0
CSR_MV,D,20230612,000000,93.689,100.244,93.689,100.244,0,0
CSR_MV,D,20230613,000000,103.056,103.056,102.116,102.116,0,0
CSR_MV,D,20230614,000000,103.056,103.056,102.116,102.116,0,0
CSR_MV,D,20230615,000000,102.116,102.116,102.116,102.116,0,0
CSR_MV,D,20230616,000000,102.116,102.116,102.116,102.116,0,0
CSR_MV,D,20230619,000000,105.868,105.868,102.116,105.868,0,0
CSR_MV,D,20230620,000000,105.868,105.868,102.116,102.116,0,0
CSR_MV,D,20230621,000000,105.868,105.868,103.997,103.997,0,0
CSR_MV,D,20230622,000000,103.056,105.868,103.056,105.868,0,0
CSR_MV,D,20230623,000000,107.74,112.423,103.997,112.423,0,0
CSR_MV,D,20230626,000000,115.38,115.38,106.51,106.51,0,0
CSR_MV,D,20230627,000000,110.45,110.45,103.55,103.55,0,0
CSR_MV,D,20230628,000000,108.48,108.48,106.51,106.51,0,0
CSR_MV,D,20230629,000000,108.48,108.48,108.48,108.48,0,0
CSR_MV,D,20230630,000000,108.48,108.48,108.48,108.48,0,0
CSR_MV,D,20230703,000000,109.47,109.47,103.55,103.55,0,0
CSR_MV,D,20230704,000000,108.48,108.48,105.52,107.49,0,0
CSR_MV,D,20230705,000000,108.48,108.48,104.54,104.54,0,0
CSR_MV,D,20230706,000000,108.48,108.48,100.59,108.48,0,0
CSR_MV,D,20230707,000000,108.48,108.48,106.51,106.51,0,0
CSR_MV,D,20230710,000000,108.48,108.48,108.48,108.48,0,0
CSR_MV,D,20230711,000000,108.48,108.48,106.51,106.51,0,0
CSR_MV,D,20230712,000000,108.48,108.48,108.48,108.48,0,0
CSR_MV,D,20230713,000000,108.48,108.48,108.48,108.48,0,0
CSR_MV,D,20230714,000000,108.48,108.48,108.48,108.48,0,0
CSR_MV,D,20230717,000000,108.48,108.48,106.51,106.51,0,0
CSR_MV,D,20230718,000000,108.48,108.48,106.51,106.51,0,0
CSR_MV,D,20230719,000000,108.48,128.2,108.48,128.2,0,0
CSR_MV,D,20230720,000000,131.16,131.16,125.25,131.16,0,0
CSR_MV,D,20230721,000000,131.16,131.16,131.16,131.16,0,0
CSR_MV,D,20230724,000000,131.16,131.16,128.2,131.16,0,0
CSR_MV,D,20230725,000000,131.16,131.16,131.16,131.16,0,0
CSR_MV,D,20230726,000000,131.16,131.16,130.18,130.18,0,0
CSR_MV,D,20230727,000000,128.2,128.2,128.2,128.2,0,0
CSR_MV,D,20230728,000000,128.2,128.2,125.25,128.2,0,0
CSR_MV,D,20230731,000000,128.2,128.2,128.2,128.2,0,0
CSR_MV,D,20230801,000000,127.22,127.22,127.22,127.22,0,0
CSR_MV,D,20230802,000000,121.3,121.3,121.3,121.3,0,0
CSR_MV,D,20230803,000000,121.3,126.23,119.33,124.26,0,0
CSR_MV,D,20230804,000000,128.2,128.2,118.34,118.34,0,0
CSR_MV,D,20230807,000000,128.2,128.2,122.29,122.29,0,0
CSR_MV,D,20230808,000000,128.2,128.2,116.37,116.37,0,0
CSR_MV,D,20230809,000000,116.37,118.34,116.37,118.34,0,0
CSR_MV,D,20230810,000000,118.34,118.34,118.34,118.34,0,0
CSR_MV,D,20230811,000000,119.33,119.33,119.33,119.33,0,0
CSR_MV,D,20230814,000000,118.34,128.2,118.34,128.2,0,0
CSR_MV,D,20230816,000000,128.2,128.2,128.2,128.2,0,0
CSR_MV,D,20230817,000000,128.2,128.2,128.2,128.2,0,0
CSR_MV,D,20230818,000000,128.2,128.2,128.2,128.2,0,0
CSR_MV,D,20230821,000000,128.2,128.2,116.37,116.37,0,0
CSR_MV,D,20230822,000000,116.37,116.37,113.41,116.37,0,0
CSR_MV,D,20230823,000000,118.34,118.34,113.41,116.37,0,0
CSR_MV,D,20230824,000000,116.37,116.37,116.37,116.37,0,0
CSR_MV,D,20230825,000000,114.4,116.37,114.4,116.37,0,0
CSR_MV,D,20230828,000000,115.38,115.38,114.4,114.4,0,0
CSR_MV,D,20230829,000000,115.38,116.37,115.38,116.37,0,0
CSR_MV,D,20230830,000000,117.36,117.36,116.37,117.36,0,0
CSR_MV,D,20230831,000000,117.36,117.36,115.38,115.38,0,0
CSR_MV,D,20230901,000000,117.36,117.36,116.37,116.37,0,0
CSR_MV,D,20230904,000000,118.34,118.34,118.34,118.34,0,0
CSR_MV,D,20230905,000000,118.34,118.34,118.34,118.34,0,0
CSR_MV,D,20230906,000000,113.41,113.41,113.41,113.41,0,0
CSR_MV,D,20230907,000000,113.41,113.41,113.41,113.41,0,0
CSR_MV,D,20230908,000000,113.41,113.41,113.41,113.41,0,0
CSR_MV,D,20230911,000000,118.34,118.34,118.34,118.34,0,0
CSR_MV,D,20230912,000000,118.34,118.34,118.34,118.34,0,0
CSR_MV,D,20230913,000000,118.34,118.34,118.34,118.34,0,0
CSR_MV,D,20230914,000000,118.34,118.34,112.43,113.41,0,0
CSR_MV,D,20230915,000000,114.4,114.4,107.49,107.49,0,0
CSR_MV,D,20230918,000000,114.4,114.4,103.55,103.55,0,0
CSR_MV,D,20230919,000000,103.55,103.55,102.56,102.56,0,0
CSR_MV,D,20230920,000000,103.55,106.51,95.66,97.14,0,0
CSR_MV,D,20230921,000000,98.619,98.62,98.619,98.62,0,0
CSR_MV,D,20230922,000000,99.605,99.605,99.6,99.6,0,0
CSR_MV,D,20230925,000000,103.55,103.55,103.55,103.55,0,0
CSR_MV,D,20230926,000000,108.48,108.48,108.48,108.48,0,0
CSR_MV,D,20230927,000000,108.48,108.48,108.48,108.48,0,0
CSR_MV,D,20230928,000000,108.48,108.48,108.48,108.48,0,0
CSR_MV,D,20230929,000000,107.49,107.49,107.49,107.49,0,0
CSR_MV,D,20231002,000000,108.48,108.48,107.49,108.48,0,0
CSR_MV,D,20231003,000000,114.4,114.4,108.48,114.4,0,0
CSR_MV,D,20231004,000000,114.4,114.4,114.4,114.4,0,0
