<TICKER>,<PER>,<DATE>,<TIME>,<OPEN>,<HIGH>,<LOW>,<CLOSE>,<VOL>,<OPENINT>
CTX_MV,D,20210419,000000,560.05,560.05,560.05,560.05,0,0
CTX_MV,D,20210420,000000,562.72,562.72,488.47,501.63,0,0
CTX_MV,D,20210421,000000,504.75,550.41,498.89,547.09,0,0
CTX_MV,D,20210422,000000,543.83,569.23,543.83,566.56,0,0
CTX_MV,D,20210423,000000,560.11,567.54,560.05,567.54,0,0
CTX_MV,D,20210426,000000,586.16,586.16,561.16,579.33,0,0
CTX_MV,D,20210427,000000,579.65,579.65,572.03,579.2,0,0
CTX_MV,D,20210428,000000,579.52,579.52,550.34,577.89,0,0
CTX_MV,D,20210429,000000,579.46,579.46,556.92,576.2,0,0
CTX_MV,D,20210430,000000,576.07,581.54,573.14,579.65,0,0
CTX_MV,D,20210504,000000,561.74,577.89,554.45,577.89,0,0
CTX_MV,D,20210505,000000,560.76,566.63,560.5,563.37,0,0
CTX_MV,D,20210506,000000,563.37,563.37,554.64,560.11,0,0
CTX_MV,D,20210507,000000,563.24,563.24,556.86,558.81,0,0
CTX_MV,D,20210510,000000,560.11,560.11,553.67,560.05,0,0
CTX_MV,D,20210511,000000,560.11,560.11,556.86,556.86,0,0
CTX_MV,D,20210512,000000,556.86,558.48,553.6,553.6,0,0
CTX_MV,D,20210513,000000,556.73,556.73,541.49,549.04,0,0
CTX_MV,D,20210514,000000,550.34,555.23,550.28,555.23,0,0
CTX_MV,D,20210517,000000,560.05,560.05,548.06,553.6,0,0
CTX_MV,D,20210518,000000,556.86,556.86,556.79,556.79,0,0
CTX_MV,D,20210519,000000,556.73,556.79,555.23,556.79,0,0
CTX_MV,D,20210520,000000,547.09,556.79,547.09,556.79,0,0
CTX_MV,D,20210521,000000,541.23,556.73,541.23,556.73,0,0
CTX_MV,D,20210524,000000,556.73,556.73,541.88,553.6,0,0
CTX_MV,D,20210525,000000,542.2,551.97,542.2,551.97,0,0
CTX_MV,D,20210526,000000,553.6,553.6,542.27,553.27,0,0
CTX_MV,D,20210527,000000,552.95,552.95,552.95,552.95,0,0
CTX_MV,D,20210528,000000,542.4,552.88,542.4,551.97,0,0
CTX_MV,D,20210531,000000,551.65,551.65,538.62,550.34,0,0
CTX_MV,D,20210601,000000,550.34,569.88,538.03,553.6,0,0
CTX_MV,D,20210602,000000,553.6,566.63,543.83,566.63,0,0
CTX_MV,D,20210604,000000,568.25,569.56,566.3,566.63,0,0
CTX_MV,D,20210607,000000,566.63,566.63,566.63,566.63,0,0
CTX_MV,D,20210608,000000,566.63,579.65,566.63,579.65,0,0
CTX_MV,D,20210609,000000,579.65,599.19,579.65,599.19,0,0
CTX_MV,D,20210610,000000,599.19,599.19,598.54,599.19,0,0
CTX_MV,D,20210611,000000,599.13,762.85,595.93,762.85,0,0
CTX_MV,D,20210614,000000,763.67,767.8,749.23,767.39,0,0
CTX_MV,D,20210615,000000,756.08,767.39,753.77,767.39,0,0
CTX_MV,D,20210616,000000,765.74,781.59,765.74,772.34,0,0
CTX_MV,D,20210617,000000,771.52,772.34,755.42,765.74,0,0
CTX_MV,D,20210618,000000,765.74,776.06,763.67,775.81,0,0
CTX_MV,D,20210621,000000,763.67,775.48,759.55,775.48,0,0
CTX_MV,D,20210622,000000,771.85,771.85,769.87,769.87,0,0
CTX_MV,D,20210623,000000,769.87,793.23,767.8,784.31,0,0
CTX_MV,D,20210624,000000,800.83,813.21,792.57,804.95,0,0
CTX_MV,D,20210625,000000,804.95,821.47,804.95,817.34,0,0
CTX_MV,D,20210628,000000,817.34,825.59,792.57,825.59,0,0
CTX_MV,D,20210629,000000,825.59,837.98,813.62,829.72,0,0
CTX_MV,D,20210630,000000,819.73,835.5,819.73,820.64,0,0
CTX_MV,D,20210701,000000,823.53,833.44,813.87,823.94,0,0
CTX_MV,D,20210702,000000,825.59,825.59,817.34,823.12,0,0
CTX_MV,D,20210705,000000,823.12,823.12,814.04,823.12,0,0
CTX_MV,D,20210706,000000,807.02,821.47,807.02,821.47,0,0
CTX_MV,D,20210707,000000,809.25,821.05,809.25,821.05,0,0
CTX_MV,D,20210708,000000,820.64,821.05,804.95,819.82,0,0
CTX_MV,D,20210709,000000,819.82,819.82,797.94,817.34,0,0
CTX_MV,D,20210712,000000,814.86,815.27,798.6,815.27,0,0
CTX_MV,D,20210713,000000,817.34,817.34,747.16,792.16,0,0
CTX_MV,D,20210714,000000,796.7,796.7,776.06,776.06,0,0
CTX_MV,D,20210715,000000,787.2,787.2,767.8,780.19,0,0
CTX_MV,D,20210716,000000,776.06,817.34,776.06,804.95,0,0
CTX_MV,D,20210719,000000,804.95,809.08,804.95,804.95,0,0
CTX_MV,D,20210720,000000,809.08,809.08,792.82,804.54,0,0
CTX_MV,D,20210721,000000,796.7,821.47,784.31,804.95,0,0
CTX_MV,D,20210722,000000,804.95,807.02,786.38,804.95,0,0
CTX_MV,D,20210723,000000,804.95,807.02,804.95,807.02,0,0
CTX_MV,D,20210726,000000,807.02,807.02,784.31,796.7,0,0
CTX_MV,D,20210727,000000,804.95,804.95,790.51,804.95,0,0
CTX_MV,D,20210728,000000,804.95,804.95,784.31,792.57,0,0
CTX_MV,D,20210729,000000,792.57,804.87,780.19,792.57,0,0
CTX_MV,D,20210730,000000,792.57,792.57,788.44,788.44,0,0
CTX_MV,D,20210802,000000,792.57,792.57,776.88,788.44,0,0
CTX_MV,D,20210803,000000,752.12,796.29,752.12,796.29,0,0
CTX_MV,D,20210804,000000,796.29,796.29,771.93,792.57,0,0
CTX_MV,D,20210805,000000,794.63,794.63,772.1,784.31,0,0
CTX_MV,D,20210806,000000,776.06,794.55,776.06,788.36,0,0
CTX_MV,D,20210809,000000,788.03,804.87,784.31,804.87,0,0
CTX_MV,D,20210810,000000,800.83,800.83,784.31,800.74,0,0
CTX_MV,D,20210811,000000,800.74,800.74,792.57,796.7,0,0
CTX_MV,D,20210812,000000,800.74,800.74,776.72,788.44,0,0
CTX_MV,D,20210813,000000,800.74,800.74,784.31,786.38,0,0
CTX_MV,D,20210816,000000,784.31,792.57,782.66,784.31,0,0
CTX_MV,D,20210817,000000,784.31,796.7,782.66,796.7,0,0
CTX_MV,D,20210818,000000,800.74,800.74,786.38,786.38,0,0
CTX_MV,D,20210819,000000,765.74,788.36,763.67,786.38,0,0
CTX_MV,D,20210820,000000,784.31,792.57,764.09,792.57,0,0
CTX_MV,D,20210823,000000,764.83,784.31,764.83,784.31,0,0
CTX_MV,D,20210824,000000,784.31,784.31,784.31,784.31,0,0
CTX_MV,D,20210825,000000,788.44,788.44,764.58,784.31,0,0
CTX_MV,D,20210826,000000,784.31,784.31,780.19,784.31,0,0
CTX_MV,D,20210827,000000,784.73,792.16,764.83,784.31,0,0
CTX_MV,D,20210830,000000,763.67,784.31,763.67,783.08,0,0
CTX_MV,D,20210831,000000,783.08,783.9,761.2,783.9,0,0
CTX_MV,D,20210901,000000,776.06,779.36,751.29,779.36,0,0
CTX_MV,D,20210902,000000,776.06,776.06,776.06,776.06,0,0
CTX_MV,D,20210903,000000,779.69,779.69,767.8,778.04,0,0
CTX_MV,D,20210906,000000,759.55,773.99,756.24,757.98,0,0
CTX_MV,D,20210907,000000,757.98,778.12,757.98,767.8,0,0
CTX_MV,D,20210908,000000,778.12,778.12,758.47,763.76,0,0
CTX_MV,D,20210909,000000,758.31,776.06,758.31,767.8,0,0
CTX_MV,D,20210910,000000,763.67,780.02,759.88,763.84,0,0
CTX_MV,D,20210913,000000,763.84,780.1,760.7,767.8,0,0
CTX_MV,D,20210914,000000,767.8,778.54,763.67,763.76,0,0
CTX_MV,D,20210915,000000,767.22,776.06,763.76,776.06,0,0
CTX_MV,D,20210916,000000,763.67,778.95,760.54,776.06,0,0
CTX_MV,D,20210917,000000,764.09,784.31,763.76,783.9,0,0
CTX_MV,D,20210920,000000,776.14,779.77,761.36,778.95,0,0
CTX_MV,D,20210921,000000,763.67,776.06,761.28,776.06,0,0
CTX_MV,D,20210922,000000,760.54,776.06,760.54,776.06,0,0
CTX_MV,D,20210923,000000,766.65,780.19,766.65,780.19,0,0
CTX_MV,D,20210924,000000,767.8,780.19,767.8,767.8,0,0
CTX_MV,D,20210927,000000,760.7,783.65,760.37,783.65,0,0
CTX_MV,D,20210928,000000,783.74,783.74,764.17,775.65,0,0
CTX_MV,D,20210929,000000,780.19,780.19,763.76,771.44,0,0
CTX_MV,D,20210930,000000,771.44,776.06,763.67,776.06,0,0
CTX_MV,D,20211001,000000,764.09,780.19,761.78,767.8,0,0
CTX_MV,D,20211004,000000,767.8,776.06,761.53,768.05,0,0
CTX_MV,D,20211005,000000,782.25,782.25,764.34,767.8,0,0
CTX_MV,D,20211006,000000,776.06,784.31,772.43,780.19,0,0
CTX_MV,D,20211007,000000,780.19,796.7,780.19,790.51,0,0
CTX_MV,D,20211008,000000,788.44,792.57,759.55,784.31,0,0
CTX_MV,D,20211011,000000,784.31,784.31,784.31,784.31,0,0
CTX_MV,D,20211012,000000,776.06,780.19,776.06,778.12,0,0
CTX_MV,D,20211013,000000,780.19,792.57,771.93,788.44,0,0
CTX_MV,D,20211014,000000,784.31,788.44,784.31,784.31,0,0
CTX_MV,D,20211015,000000,784.31,861.92,784.31,833.85,0,0
CTX_MV,D,20211018,000000,845.82,845.82,784.31,809,0,0
CTX_MV,D,20211019,000000,809,825.59,802.89,825.59,0,0
CTX_MV,D,20211020,000000,825.18,825.18,812.8,815.27,0,0
CTX_MV,D,20211021,000000,813.21,815.27,809.08,811.15,0,0
CTX_MV,D,20211022,000000,808.26,813.21,804.95,813.05,0,0
CTX_MV,D,20211025,000000,813.13,813.13,803.72,806.94,0,0
CTX_MV,D,20211026,000000,807.02,807.02,780.19,784.31,0,0
CTX_MV,D,20211027,000000,784.31,795.87,780.19,784.31,0,0
CTX_MV,D,20211028,000000,784.31,804.95,779.44,804.95,0,0
CTX_MV,D,20211029,000000,804.87,813.13,792.57,792.57,0,0
CTX_MV,D,20211102,000000,784.31,804.87,784.31,800.74,0,0
CTX_MV,D,20211103,000000,796.7,796.7,751.29,752.12,0,0
CTX_MV,D,20211104,000000,751.29,780.19,743.28,780.19,0,0
CTX_MV,D,20211105,000000,760.37,784.31,759.55,783.49,0,0
CTX_MV,D,20211108,000000,760.37,783.49,760.37,779.77,0,0
CTX_MV,D,20211109,000000,759.96,780.19,743.03,751.29,0,0
CTX_MV,D,20211110,000000,747.16,763.67,747.16,763.67,0,0
CTX_MV,D,20211112,000000,763.59,784.31,763.59,783.74,0,0
CTX_MV,D,20211115,000000,779.77,800.74,779.77,783.74,0,0
CTX_MV,D,20211116,000000,784.31,799.92,784.31,799.92,0,0
CTX_MV,D,20211117,000000,784.31,792.57,784.31,792.57,0,0
CTX_MV,D,20211118,000000,784.31,792.57,743.03,764.09,0,0
CTX_MV,D,20211119,000000,747.16,771.93,747.16,767.8,0,0
CTX_MV,D,20211122,000000,763.67,763.67,759.55,763.26,0,0
CTX_MV,D,20211123,000000,753.35,759.55,753.35,759.55,0,0
CTX_MV,D,20211124,000000,757.48,759.55,735.69,758.23,0,0
CTX_MV,D,20211125,000000,757.81,757.9,757.81,757.9,0,0
CTX_MV,D,20211126,000000,743.45,763.67,743.03,763.67,0,0
CTX_MV,D,20211129,000000,743.03,766.89,730.9,766.89,0,0
CTX_MV,D,20211130,000000,763.67,778.12,743.45,763.67,0,0
CTX_MV,D,20211201,000000,763.67,773.99,763.67,773.75,0,0
CTX_MV,D,20211202,000000,779.69,783.9,779.69,779.69,0,0
CTX_MV,D,20211203,000000,751.29,767.8,751.29,766.98,0,0
CTX_MV,D,20211206,000000,763.67,763.67,755.42,755.42,0,0
CTX_MV,D,20211207,000000,751.29,751.29,743.03,751.21,0,0
CTX_MV,D,20211208,000000,743.03,745.1,743.03,745.1,0,0
CTX_MV,D,20211209,000000,745.1,745.1,736.02,743.03,0,0
CTX_MV,D,20211210,000000,742.21,742.21,737.26,737.26,0,0
CTX_MV,D,20211213,000000,731.06,743.03,731.06,742.54,0,0
CTX_MV,D,20211214,000000,742.54,742.54,724.87,736.43,0,0
CTX_MV,D,20211215,000000,725.28,742.21,718.76,738.91,0,0
CTX_MV,D,20211216,000000,730.65,730.65,718.27,718.27,0,0
CTX_MV,D,20211217,000000,734.78,734.78,734.78,734.78,0,0
CTX_MV,D,20211221,000000,734.78,734.78,714.14,722.4,0,0
CTX_MV,D,20211222,000000,726.52,734.78,712.16,722.4,0,0
CTX_MV,D,20211223,000000,728.17,728.17,710.01,726.11,0,0
CTX_MV,D,20211227,000000,726.11,740.97,716.2,738.49,0,0
CTX_MV,D,20211228,000000,738.82,738.91,730.65,738.91,0,0
CTX_MV,D,20211229,000000,738.91,742.21,734.78,742.21,0,0
CTX_MV,D,20211230,000000,743.03,751.29,734.78,742.21,0,0
CTX_MV,D,20220103,000000,724.05,734.78,724.05,734.78,0,0
CTX_MV,D,20220104,000000,726.52,734.37,722.4,722.4,0,0
CTX_MV,D,20220105,000000,722.4,722.4,714.14,722.4,0,0
CTX_MV,D,20220107,000000,722.4,743.03,722.4,743.03,0,0
CTX_MV,D,20220110,000000,743.03,743.03,707.95,743.03,0,0
CTX_MV,D,20220111,000000,738.91,738.91,722.4,734.78,0,0
CTX_MV,D,20220112,000000,743.03,759.46,730.73,743.03,0,0
CTX_MV,D,20220113,000000,758.64,758.64,740.97,743.03,0,0
CTX_MV,D,20220114,000000,718.35,738.91,718.27,738.82,0,0
CTX_MV,D,20220117,000000,738.49,738.91,738.49,738.91,0,0
CTX_MV,D,20220118,000000,722.4,737.34,710.18,736.84,0,0
CTX_MV,D,20220119,000000,734.7,734.7,718.27,730.24,0,0
CTX_MV,D,20220120,000000,730.65,771.93,730.65,759.55,0,0
CTX_MV,D,20220121,000000,743.03,759.55,734.86,742.62,0,0
CTX_MV,D,20220124,000000,723.63,734.78,702.58,716.2,0,0
CTX_MV,D,20220125,000000,714.06,714.06,694.74,699.69,0,0
CTX_MV,D,20220126,000000,701.84,738.91,701.84,734.78,0,0
CTX_MV,D,20220127,000000,701.76,734.78,697.54,705.88,0,0
CTX_MV,D,20220128,000000,710.01,734.04,701.76,705.88,0,0
CTX_MV,D,20220131,000000,722.4,722.4,705.88,716.2,0,0
CTX_MV,D,20220201,000000,718.27,718.27,701.76,717.69,0,0
CTX_MV,D,20220202,000000,697.63,714.14,690.2,701.76,0,0
CTX_MV,D,20220203,000000,695.15,710.01,692.26,710.01,0,0
CTX_MV,D,20220204,000000,692.26,710.01,689.37,705.88,0,0
CTX_MV,D,20220207,000000,716.62,720.74,716.62,720.74,0,0
CTX_MV,D,20220208,000000,719.51,719.51,663.78,705.8,0,0
CTX_MV,D,20220209,000000,714.96,720.33,693.91,720.33,0,0
CTX_MV,D,20220210,000000,720.33,726.52,710.18,726.52,0,0
CTX_MV,D,20220211,000000,722.4,724.46,705.88,720.33,0,0
CTX_MV,D,20220214,000000,698.04,722.4,688.13,714.14,0,0
CTX_MV,D,20220215,000000,701.76,714.14,701.76,714.14,0,0
CTX_MV,D,20220216,000000,722.31,722.31,696.39,718.27,0,0
CTX_MV,D,20220217,000000,722.4,722.4,691.52,705.88,0,0
CTX_MV,D,20220218,000000,705.88,714.14,693.5,714.14,0,0
CTX_MV,D,20220221,000000,713.31,714.96,685.49,713.64,0,0
CTX_MV,D,20220222,000000,685.24,709.6,660.48,709.6,0,0
CTX_MV,D,20220223,000000,709.6,771.93,705.88,771.93,0,0
CTX_MV,D,20220224,000000,718.18,722.4,606.81,722.4,0,0
CTX_MV,D,20220225,000000,717.77,747.16,705.88,747.16,0,0
CTX_MV,D,20220228,000000,743.03,747.16,712.24,747.16,0,0
CTX_MV,D,20220301,000000,749.23,749.23,727.51,742.62,0,0
CTX_MV,D,20220302,000000,720.74,747,720.74,730.65,0,0
CTX_MV,D,20220303,000000,722.4,743.03,704.23,722.4,0,0
CTX_MV,D,20220304,000000,722.4,731.48,704.48,722.4,0,0
CTX_MV,D,20220307,000000,704.23,709.19,681.36,697.54,0,0
CTX_MV,D,20220308,000000,685.24,701.76,681.12,681.12,0,0
CTX_MV,D,20220309,000000,697.79,701.76,697.79,700.52,0,0
CTX_MV,D,20220310,000000,700.76,700.76,697.63,698.04,0,0
CTX_MV,D,20220311,000000,698.04,722.4,698.04,722.31,0,0
CTX_MV,D,20220314,000000,687.31,711.17,683.18,710.67,0,0
CTX_MV,D,20220316,000000,701.76,709.93,687.31,701.67,0,0
CTX_MV,D,20220317,000000,697.54,697.54,681.12,681.12,0,0
CTX_MV,D,20220318,000000,693.5,701.76,681.03,681.03,0,0
CTX_MV,D,20220321,000000,669.97,681.03,669.97,680.29,0,0
CTX_MV,D,20220322,000000,680.29,690.03,680.29,681.12,0,0
CTX_MV,D,20220323,000000,685.24,685.24,660.48,660.48,0,0
CTX_MV,D,20220324,000000,681.03,681.03,662.54,676.99,0,0
CTX_MV,D,20220325,000000,668.73,676.99,660.48,668.73,0,0
CTX_MV,D,20220328,000000,668.73,676.99,668.73,676.99,0,0
CTX_MV,D,20220329,000000,680.95,689.37,660.48,660.48,0,0
CTX_MV,D,20220330,000000,660.56,660.56,656.35,660.48,0,0
CTX_MV,D,20220331,000000,660.48,660.48,652.22,660.48,0,0
CTX_MV,D,20220401,000000,676.99,676.99,648.92,660.39,0,0
CTX_MV,D,20220404,000000,660.39,660.39,631.58,639.59,0,0
CTX_MV,D,20220405,000000,639.59,639.84,619.2,639.84,0,0
CTX_MV,D,20220406,000000,627.45,627.45,608.88,619.2,0,0
CTX_MV,D,20220407,000000,619.2,619.2,607.22,619.2,0,0
CTX_MV,D,20220408,000000,598.56,619.2,598.47,606.81,0,0
CTX_MV,D,20220411,000000,619.28,639.75,606.81,637.19,0,0
CTX_MV,D,20220412,000000,619.2,637.19,598.89,610.94,0,0
CTX_MV,D,20220413,000000,615.07,615.07,573.79,573.79,0,0
CTX_MV,D,20220414,000000,590.3,635.71,590.3,623.32,0,0
CTX_MV,D,20220419,000000,619.2,681.12,594.43,681.12,0,0
CTX_MV,D,20220420,000000,720.33,720.33,660.48,697.63,0,0
CTX_MV,D,20220421,000000,681.12,712.08,672.86,672.86,0,0
CTX_MV,D,20220422,000000,685.24,685.24,639.84,639.84,0,0
CTX_MV,D,20220425,000000,615.07,670.8,610.94,668.73,0,0
CTX_MV,D,20220426,000000,660.48,662.54,660.48,662.54,0,0
CTX_MV,D,20220427,000000,662.54,662.54,608.88,621.26,0,0
CTX_MV,D,20220428,000000,600.62,627.45,600.62,627.45,0,0
CTX_MV,D,20220429,000000,627.45,656.35,602.68,627.45,0,0
CTX_MV,D,20220502,000000,643.96,652.22,619.2,637.77,0,0
CTX_MV,D,20220504,000000,619.2,631.58,619.2,631.58,0,0
CTX_MV,D,20220505,000000,619.2,631.58,619.2,623.32,0,0
CTX_MV,D,20220506,000000,621.26,623.32,615.07,623.32,0,0
CTX_MV,D,20220509,000000,621.26,621.26,604.75,619.2,0,0
CTX_MV,D,20220510,000000,619.2,619.2,602.68,619.2,0,0
CTX_MV,D,20220511,000000,600.62,623.32,594.43,623.32,0,0
CTX_MV,D,20220512,000000,586.17,598.85,571.72,598.85,0,0
CTX_MV,D,20220513,000000,594.7,611.33,561.43,590.54,0,0
CTX_MV,D,20220516,000000,578.06,605.09,565.58,598.85,0,0
CTX_MV,D,20220517,000000,582.22,590.54,561.43,586.38,0,0
CTX_MV,D,20220518,000000,582.22,609.25,569.74,598.85,0,0
CTX_MV,D,20220519,000000,596.77,596.77,565.58,594.7,0,0
CTX_MV,D,20220523,000000,580.14,580.14,530.24,569.74,0,0
CTX_MV,D,20220524,000000,548.95,590.54,540.63,540.63,0,0
CTX_MV,D,20220525,000000,546.87,573.9,532.31,569.74,0,0
CTX_MV,D,20220526,000000,571.82,578.06,540.63,567.66,0,0
CTX_MV,D,20220527,000000,573.9,573.9,559.35,559.35,0,0
CTX_MV,D,20220530,000000,557.27,559.35,553.11,553.11,0,0
CTX_MV,D,20220531,000000,540.63,559.35,532.31,559.35,0,0
CTX_MV,D,20220601,000000,540.63,573.9,532.31,573.9,0,0
CTX_MV,D,20220602,000000,573.9,573.9,544.79,563.51,0,0
CTX_MV,D,20220603,000000,536.47,551.03,528.16,548.95,0,0
CTX_MV,D,20220606,000000,553.11,607.17,553.11,594.7,0,0
CTX_MV,D,20220607,000000,594.7,627.97,594.7,611.33,0,0
CTX_MV,D,20220608,000000,598.85,613.41,586.38,607.17,0,0
CTX_MV,D,20220609,000000,582.22,607.17,578.06,590.54,0,0
CTX_MV,D,20220610,000000,590.54,592.62,567.66,588.46,0,0
CTX_MV,D,20220613,000000,567.66,578.06,548.95,548.95,0,0
CTX_MV,D,20220614,000000,544.79,544.79,532.31,540.63,0,0
CTX_MV,D,20220615,000000,532.31,540.63,511.52,536.47,0,0
CTX_MV,D,20220617,000000,509.44,536.47,486.57,530.24,0,0
CTX_MV,D,20220620,000000,509.44,509.44,486.57,509.44,0,0
CTX_MV,D,20220621,000000,509.44,532.31,486.57,532.31,0,0
CTX_MV,D,20220622,000000,519.84,528.16,519.84,528.16,0,0
CTX_MV,D,20220623,000000,499.05,515.68,499.05,515.68,0,0
CTX_MV,D,20220624,000000,490.73,507.36,482.41,499.05,0,0
CTX_MV,D,20220627,000000,478.25,482.41,457.46,482.41,0,0
CTX_MV,D,20220628,000000,455.38,478.25,451.22,478.25,0,0
CTX_MV,D,20220629,000000,474.09,499.05,474.09,499.05,0,0
CTX_MV,D,20220630,000000,488.65,496.97,488.65,494.89,0,0
CTX_MV,D,20220701,000000,507.36,507.36,484.49,484.49,0,0
CTX_MV,D,20220704,000000,494.89,499.05,486.57,499.05,0,0
CTX_MV,D,20220705,000000,499.05,499.05,488.65,496.97,0,0
CTX_MV,D,20220706,000000,457.46,480.33,457.46,457.46,0,0
CTX_MV,D,20220707,000000,482.41,569.74,482.41,534.39,0,0
CTX_MV,D,20220708,000000,540.63,544.79,494.89,499.05,0,0
CTX_MV,D,20220711,000000,515.68,515.68,476.17,499.05,0,0
CTX_MV,D,20220712,000000,482.41,499.05,474.09,474.09,0,0
CTX_MV,D,20220713,000000,474.09,476.17,461.62,476.17,0,0
CTX_MV,D,20220714,000000,461.62,465.78,440.82,461.62,0,0
CTX_MV,D,20220715,000000,453.3,461.62,449.14,459.54,0,0
CTX_MV,D,20220718,000000,457.46,461.62,430.43,461.62,0,0
CTX_MV,D,20220719,000000,461.62,465.78,426.27,428.35,0,0
CTX_MV,D,20220720,000000,436.66,451.22,428.35,451.22,0,0
CTX_MV,D,20220721,000000,434.59,449.14,432.51,449.14,0,0
CTX_MV,D,20220722,000000,449.14,451.22,436.66,451.22,0,0
CTX_MV,D,20220725,000000,465.78,490.73,457.46,478.25,0,0
CTX_MV,D,20220726,000000,478.25,478.25,469.93,474.09,0,0
CTX_MV,D,20220727,000000,474.09,480.33,474.09,474.09,0,0
CTX_MV,D,20220728,000000,482.41,517.76,482.41,486.57,0,0
CTX_MV,D,20220729,000000,486.57,517.76,461.62,517.76,0,0
CTX_MV,D,20220801,000000,515.68,575.98,515.68,575.98,0,0
CTX_MV,D,20220802,000000,575.98,623.81,548.95,623.81,0,0
CTX_MV,D,20220803,000000,621.73,623.81,582.22,603.01,0,0
CTX_MV,D,20220804,000000,603.01,665.39,603.01,665.39,0,0
CTX_MV,D,20220805,000000,665.39,665.39,634.2,657.08,0,0
CTX_MV,D,20220808,000000,661.23,665.39,640.44,644.6,0,0
CTX_MV,D,20220809,000000,663.31,663.31,663.31,663.31,0,0
CTX_MV,D,20220810,000000,644.6,663.31,640.44,663.31,0,0
CTX_MV,D,20220811,000000,663.31,663.31,657.08,657.08,0,0
CTX_MV,D,20220812,000000,655,663.31,613.41,663.31,0,0
CTX_MV,D,20220816,000000,648.76,682.03,648.76,682.03,0,0
CTX_MV,D,20220817,000000,682.03,682.03,644.6,644.6,0,0
CTX_MV,D,20220818,000000,665.39,706.98,644.6,706.98,0,0
CTX_MV,D,20220819,000000,698.66,702.82,675.79,696.58,0,0
CTX_MV,D,20220822,000000,698.66,698.66,627.97,627.97,0,0
CTX_MV,D,20220823,000000,627.97,652.92,627.97,652.92,0,0
CTX_MV,D,20220824,000000,652.92,659.16,636.28,644.6,0,0
CTX_MV,D,20220825,000000,632.12,648.76,630.04,642.52,0,0
CTX_MV,D,20220826,000000,630.04,648.76,630.04,648.76,0,0
CTX_MV,D,20220829,000000,623.81,642.52,586.38,586.38,0,0
CTX_MV,D,20220830,000000,605.09,609.25,590.54,609.25,0,0
CTX_MV,D,20220831,000000,609.25,638.36,590.54,627.97,0,0
CTX_MV,D,20220901,000000,615.49,623.81,584.3,607.17,0,0
CTX_MV,D,20220902,000000,586.38,615.49,575.98,615.49,0,0
CTX_MV,D,20220905,000000,615.49,619.65,615.49,615.49,0,0
CTX_MV,D,20220906,000000,588.46,603.01,588.46,588.46,0,0
CTX_MV,D,20220907,000000,588.46,609.25,586.38,594.7,0,0
CTX_MV,D,20220908,000000,586.38,615.49,586.38,604.38,0,0
CTX_MV,D,20220909,000000,602.29,612.72,583.54,602.29,0,0
CTX_MV,D,20220912,000000,591.87,600.21,579.37,600.21,0,0
CTX_MV,D,20220913,000000,602.29,602.29,602.29,602.29,0,0
CTX_MV,D,20220914,000000,575.2,614.8,575.2,614.8,0,0
CTX_MV,D,20220915,000000,591.87,614.8,585.62,614.8,0,0
CTX_MV,D,20220916,000000,583.54,604.38,581.45,604.38,0,0
CTX_MV,D,20220919,000000,604.38,606.46,604.38,606.46,0,0
CTX_MV,D,20220920,000000,610.63,616.88,600.21,608.55,0,0
CTX_MV,D,20220921,000000,612.72,612.72,596.04,608.55,0,0
CTX_MV,D,20220922,000000,608.55,621.05,585.62,614.8,0,0
CTX_MV,D,20220923,000000,612.72,614.8,583.54,602.29,0,0
CTX_MV,D,20220926,000000,600.21,600.21,575.2,598.13,0,0
CTX_MV,D,20220927,000000,591.87,591.87,575.2,585.62,0,0
CTX_MV,D,20220928,000000,583.54,583.54,562.7,583.54,0,0
CTX_MV,D,20220929,000000,579.37,579.37,558.53,579.37,0,0
CTX_MV,D,20220930,000000,571.03,575.2,560.61,575.2,0,0
CTX_MV,D,20221003,000000,573.12,573.12,533.52,571.03,0,0
CTX_MV,D,20221004,000000,573.12,575.2,573.12,575.2,0,0
CTX_MV,D,20221005,000000,573.12,596.04,564.78,575.2,0,0
CTX_MV,D,20221006,000000,573.12,573.12,573.12,573.12,0,0
CTX_MV,D,20221007,000000,566.87,583.54,562.7,583.54,0,0
CTX_MV,D,20221010,000000,562.7,577.29,558.53,564.78,0,0
CTX_MV,D,20221011,000000,583.54,602.29,583.54,602.29,0,0
CTX_MV,D,20221012,000000,602.29,602.29,583.54,600.21,0,0
CTX_MV,D,20221013,000000,600.21,600.21,575.2,600.21,0,0
CTX_MV,D,20221014,000000,600.21,614.8,575.2,614.8,0,0
CTX_MV,D,20221017,000000,614.8,614.8,614.8,614.8,0,0
CTX_MV,D,20221018,000000,575.2,612.72,575.2,612.72,0,0
CTX_MV,D,20221019,000000,612.72,616.88,612.72,616.88,0,0
CTX_MV,D,20221020,000000,612.72,625.22,612.72,625.22,0,0
CTX_MV,D,20221021,000000,625.22,625.22,625.22,625.22,0,0
CTX_MV,D,20221024,000000,635.64,666.9,633.56,652.31,0,0
CTX_MV,D,20221025,000000,658.56,660.65,650.23,654.4,0,0
CTX_MV,D,20221026,000000,656.48,658.56,656.48,658.56,0,0
CTX_MV,D,20221027,000000,658.56,658.56,656.48,658.56,0,0
CTX_MV,D,20221028,000000,658.56,658.56,650.23,658.56,0,0
CTX_MV,D,20221031,000000,658.56,664.82,643.98,643.98,0,0
CTX_MV,D,20221102,000000,637.72,654.4,625.22,637.72,0,0
CTX_MV,D,20221103,000000,646.06,646.06,641.89,641.89,0,0
CTX_MV,D,20221104,000000,637.72,646.06,633.56,646.06,0,0
CTX_MV,D,20221107,000000,658.56,666.9,641.89,641.89,0,0
CTX_MV,D,20221108,000000,660.65,685.66,652.31,679.41,0,0
CTX_MV,D,20221109,000000,679.41,687.74,679.41,687.74,0,0
CTX_MV,D,20221110,000000,687.74,708.58,687.74,708.58,0,0
CTX_MV,D,20221114,000000,779.44,779.44,668.98,691.91,0,0
CTX_MV,D,20221115,000000,708.58,723.17,704.41,723.17,0,0
CTX_MV,D,20221116,000000,708.58,721.09,700.25,719,0,0
CTX_MV,D,20221117,000000,710.67,748.18,708.58,748.18,0,0
CTX_MV,D,20221118,000000,750.26,783.61,727.34,783.61,0,0
CTX_MV,D,20221121,000000,766.94,766.94,746.1,766.94,0,0
CTX_MV,D,20221122,000000,762.77,783.61,752.35,783.61,0,0
CTX_MV,D,20221123,000000,762.77,779.44,746.1,750.26,0,0
CTX_MV,D,20221124,000000,750.26,764.85,739.84,764.85,0,0
CTX_MV,D,20221125,000000,766.94,781.52,758.6,779.44,0,0
CTX_MV,D,20221128,000000,779.44,783.61,766.94,783.61,0,0
CTX_MV,D,20221129,000000,766.94,783.61,746.1,758.6,0,0
CTX_MV,D,20221130,000000,764.85,764.85,744.01,758.6,0,0
CTX_MV,D,20221201,000000,766.94,769.02,716.92,727.34,0,0
CTX_MV,D,20221202,000000,725.25,744.01,716.92,716.92,0,0
CTX_MV,D,20221205,000000,708.58,723.17,683.57,719,0,0
CTX_MV,D,20221206,000000,723.17,725.25,723.17,723.17,0,0
CTX_MV,D,20221207,000000,698.16,721.09,698.16,719,0,0
CTX_MV,D,20221208,000000,716.92,719,708.58,708.58,0,0
CTX_MV,D,20221209,000000,700.25,708.58,687.74,706.5,0,0
CTX_MV,D,20221212,000000,706.5,721.09,685.66,685.66,0,0
CTX_MV,D,20221213,000000,704.41,704.41,679.41,702.33,0,0
CTX_MV,D,20221214,000000,683.57,704.41,683.57,700.25,0,0
CTX_MV,D,20221215,000000,700.25,700.25,675.24,696.08,0,0
CTX_MV,D,20221216,000000,679.41,687.74,658.56,677.32,0,0
CTX_MV,D,20221219,000000,664.82,704.41,646.06,646.06,0,0
CTX_MV,D,20221220,000000,641.89,666.9,639.81,666.9,0,0
CTX_MV,D,20221221,000000,654.4,673.15,654.4,673.15,0,0
CTX_MV,D,20221222,000000,652.31,673.15,652.31,666.9,0,0
CTX_MV,D,20221223,000000,666.9,671.07,666.9,671.07,0,0
CTX_MV,D,20221227,000000,648.14,666.9,648.14,658.56,0,0
CTX_MV,D,20221228,000000,650.23,658.56,633.56,633.56,0,0
CTX_MV,D,20221229,000000,635.64,662.73,627.3,662.73,0,0
CTX_MV,D,20221230,000000,646.06,698.16,646.06,666.9,0,0
CTX_MV,D,20230102,000000,666.9,685.66,658.56,685.66,0,0
CTX_MV,D,20230103,000000,666.9,689.83,662.73,689.83,0,0
CTX_MV,D,20230104,000000,685.66,685.66,673.15,683.57,0,0
CTX_MV,D,20230105,000000,681.49,683.57,656.48,683.57,0,0
CTX_MV,D,20230109,000000,683.57,696.08,662.73,696.08,0,0
CTX_MV,D,20230110,000000,683.57,700.25,675.24,700.25,0,0
CTX_MV,D,20230111,000000,696.08,708.58,691.91,708.58,0,0
CTX_MV,D,20230112,000000,712.75,739.84,712.75,733.59,0,0
CTX_MV,D,20230113,000000,737.76,754.43,729.42,752.35,0,0
CTX_MV,D,20230116,000000,752.35,766.94,746.1,748.18,0,0
CTX_MV,D,20230117,000000,762.77,762.77,737.76,754.43,0,0
CTX_MV,D,20230118,000000,758.6,760.68,750.26,758.6,0,0
CTX_MV,D,20230119,000000,750.26,750.26,733.59,733.59,0,0
CTX_MV,D,20230120,000000,727.34,748.18,727.34,741.93,0,0
CTX_MV,D,20230123,000000,741.93,741.93,725.25,741.93,0,0
CTX_MV,D,20230124,000000,733.59,748.18,723.17,748.18,0,0
CTX_MV,D,20230125,000000,729.42,748.18,725.25,725.25,0,0
CTX_MV,D,20230126,000000,741.93,741.93,741.93,741.93,0,0
CTX_MV,D,20230127,000000,725.25,741.93,725.25,737.76,0,0
CTX_MV,D,20230130,000000,754.43,754.43,721.09,744.01,0,0
CTX_MV,D,20230131,000000,716.92,750.26,716.92,750.26,0,0
CTX_MV,D,20230201,000000,750.26,750.26,733.59,746.1,0,0
CTX_MV,D,20230202,000000,746.1,746.1,731.51,737.76,0,0
CTX_MV,D,20230203,000000,737.76,739.84,719,729.42,0,0
CTX_MV,D,20230206,000000,727.34,729.42,712.75,729.42,0,0
CTX_MV,D,20230207,000000,721.09,729.42,721.09,729.42,0,0
CTX_MV,D,20230208,000000,708.58,725.25,708.58,725.25,0,0
CTX_MV,D,20230209,000000,725.25,725.25,704.41,712.75,0,0
CTX_MV,D,20230210,000000,675.24,698.72,671.07,698.72,0,0
CTX_MV,D,20230213,000000,698.72,713.45,698.72,707.14,0,0
CTX_MV,D,20230214,000000,711.35,713.45,698.72,705.03,0,0
CTX_MV,D,20230215,000000,705.03,707.14,686.09,707.14,0,0
CTX_MV,D,20230216,000000,694.51,717.66,690.3,715.56,0,0
CTX_MV,D,20230217,000000,715.56,723.97,683.99,723.97,0,0
CTX_MV,D,20230220,000000,723.97,723.97,723.97,723.97,0,0
CTX_MV,D,20230221,000000,723.97,753.44,723.97,730.29,0,0
CTX_MV,D,20230222,000000,730.29,745.02,719.76,745.02,0,0
CTX_MV,D,20230223,000000,732.39,751.33,732.39,745.02,0,0
CTX_MV,D,20230224,000000,736.6,740.81,730.29,734.5,0,0
CTX_MV,D,20230227,000000,717.66,740.81,717.66,736.6,0,0
CTX_MV,D,20230228,000000,736.6,736.6,732.39,736.6,0,0
CTX_MV,D,20230301,000000,717.66,734.5,717.66,734.5,0,0
CTX_MV,D,20230302,000000,734.5,736.6,719.76,736.6,0,0
CTX_MV,D,20230303,000000,736.6,736.6,719.76,734.5,0,0
CTX_MV,D,20230306,000000,734.5,749.23,734.5,749.23,0,0
CTX_MV,D,20230307,000000,736.6,740.81,707.14,728.18,0,0
CTX_MV,D,20230308,000000,728.18,732.39,681.88,705.03,0,0
CTX_MV,D,20230309,000000,696.61,719.76,696.61,719.76,0,0
CTX_MV,D,20230310,000000,719.76,719.76,667.15,671.36,0,0
CTX_MV,D,20230313,000000,673.46,694.51,658.73,683.99,0,0
CTX_MV,D,20230314,000000,683.99,683.99,644,660.84,0,0
CTX_MV,D,20230315,000000,652.42,679.78,629.27,639.79,0,0
CTX_MV,D,20230316,000000,627.16,631.37,595.59,614.54,0,0
CTX_MV,D,20230317,000000,614.54,631.37,589.28,604.01,0,0
CTX_MV,D,20230320,000000,604.01,618.74,589.28,604.01,0,0
CTX_MV,D,20230321,000000,601.91,629.27,589.28,614.54,0,0
CTX_MV,D,20230322,000000,614.54,629.27,597.7,629.27,0,0
CTX_MV,D,20230323,000000,622.95,622.95,610.33,620.85,0,0
CTX_MV,D,20230324,000000,606.12,622.95,597.7,620.85,0,0
CTX_MV,D,20230327,000000,599.8,618.74,599.8,604.01,0,0
CTX_MV,D,20230328,000000,618.74,648.21,618.74,641.9,0,0
CTX_MV,D,20230329,000000,644,650.31,639.79,644,0,0
CTX_MV,D,20230330,000000,650.31,650.31,646.1,646.1,0,0
CTX_MV,D,20230331,000000,652.42,654.52,648.21,654.52,0,0
CTX_MV,D,20230403,000000,654.52,654.52,633.48,633.48,0,0
CTX_MV,D,20230404,000000,622.95,652.42,614.54,644,0,0
CTX_MV,D,20230405,000000,652.42,658.73,635.58,635.58,0,0
CTX_MV,D,20230406,000000,635.58,650.31,631.37,648.21,0,0
CTX_MV,D,20230411,000000,631.37,652.42,618.74,652.42,0,0
CTX_MV,D,20230412,000000,656.63,683.99,627.16,683.99,0,0
CTX_MV,D,20230413,000000,681.88,681.88,656.63,656.63,0,0
CTX_MV,D,20230414,000000,673.46,681.88,656.63,681.88,0,0
CTX_MV,D,20230417,000000,681.88,694.51,677.67,694.51,0,0
CTX_MV,D,20230418,000000,694.51,694.51,673.46,694.51,0,0
CTX_MV,D,20230419,000000,688.2,688.2,646.1,673.46,0,0
CTX_MV,D,20230420,000000,692.41,694.51,656.63,686.09,0,0
CTX_MV,D,20230421,000000,692.41,692.41,673.46,688.2,0,0
CTX_MV,D,20230424,000000,667.15,700.82,652.42,673.46,0,0
CTX_MV,D,20230425,000000,665.05,686.09,662.94,686.09,0,0
CTX_MV,D,20230426,000000,660.84,683.99,656.63,683.99,0,0
CTX_MV,D,20230427,000000,681.88,683.99,658.73,683.99,0,0
CTX_MV,D,20230428,000000,660.84,694.51,660.84,694.51,0,0
CTX_MV,D,20230502,000000,675.57,692.41,673.46,692.41,0,0
CTX_MV,D,20230504,000000,681.88,694.51,681.88,694.51,0,0
CTX_MV,D,20230505,000000,686.09,694.51,673.46,694.51,0,0
CTX_MV,D,20230508,000000,690.3,690.3,667.15,690.3,0,0
CTX_MV,D,20230510,000000,665.05,683.99,665.05,683.99,0,0
CTX_MV,D,20230511,000000,669.25,686.09,665.05,686.09,0,0
CTX_MV,D,20230512,000000,677.67,683.99,673.46,683.99,0,0
CTX_MV,D,20230515,000000,677.67,683.99,677.67,683.99,0,0
CTX_MV,D,20230516,000000,660.84,690.3,660.84,690.3,0,0
CTX_MV,D,20230517,000000,694.51,694.51,686.09,694.51,0,0
CTX_MV,D,20230518,000000,679.78,692.41,673.46,692.41,0,0
CTX_MV,D,20230519,000000,673.46,681.88,665.05,673.46,0,0
CTX_MV,D,20230522,000000,673.46,690.3,665.05,690.3,0,0
CTX_MV,D,20230523,000000,690.3,692.41,681.88,690.3,0,0
CTX_MV,D,20230524,000000,673.46,690.3,673.46,686.09,0,0
CTX_MV,D,20230525,000000,686.09,686.09,677.67,686.09,0,0
CTX_MV,D,20230526,000000,675.57,681.88,675.57,681.88,0,0
CTX_MV,D,20230529,000000,688.2,690.3,665.05,681.88,0,0
CTX_MV,D,20230530,000000,677.67,681.88,677.67,681.88,0,0
CTX_MV,D,20230531,000000,675.57,686.09,673.46,677.67,0,0
CTX_MV,D,20230601,000000,665.05,677.67,665.05,677.67,0,0
CTX_MV,D,20230602,000000,662.94,677.67,662.94,677.67,0,0
CTX_MV,D,20230605,000000,654.52,683.99,654.52,683.99,0,0
CTX_MV,D,20230606,000000,665.05,683.99,665.05,683.99,0,0
CTX_MV,D,20230607,000000,654.52,673.46,652.42,652.42,0,0
CTX_MV,D,20230609,000000,644,665.05,639.79,665.05,0,0
CTX_MV,D,20230612,000000,639.79,665.05,639.79,665.05,0,0
CTX_MV,D,20230613,000000,652.42,665.05,644,665.05,0,0
CTX_MV,D,20230614,000000,660.84,673.46,660.84,673.46,0,0
CTX_MV,D,20230616,000000,654.52,662.94,644,650.31,0,0
CTX_MV,D,20230619,000000,644,644,644,644,0,0
CTX_MV,D,20230620,000000,644,652.42,622.95,637.69,0,0
CTX_MV,D,20230621,000000,616.64,673.46,616.64,669.25,0,0
CTX_MV,D,20230622,000000,665.05,673.46,646.1,667.15,0,0
CTX_MV,D,20230623,000000,669.25,669.25,646.1,669.25,0,0
CTX_MV,D,20230626,000000,652.42,652.42,652.42,652.42,0,0
CTX_MV,D,20230627,000000,635.58,648.21,614.54,620.85,0,0
CTX_MV,D,20230628,000000,631.37,631.37,622.95,622.95,0,0
CTX_MV,D,20230629,000000,627.16,652.42,627.16,627.16,0,0
CTX_MV,D,20230630,000000,627.16,644,627.16,639.79,0,0
CTX_MV,D,20230703,000000,635.58,635.58,612.43,627.16,0,0
CTX_MV,D,20230704,000000,622.95,622.95,610.33,616.64,0,0
CTX_MV,D,20230705,000000,612.43,614.54,610.33,610.33,0,0
CTX_MV,D,20230706,000000,610.33,610.33,599.8,610.33,0,0
CTX_MV,D,20230707,000000,610.33,610.33,601.91,601.91,0,0
CTX_MV,D,20230710,000000,599.8,599.8,589.28,593.49,0,0
CTX_MV,D,20230711,000000,593.49,618.74,589.28,618.74,0,0
CTX_MV,D,20230712,000000,591.39,618.74,591.39,618.74,0,0
CTX_MV,D,20230713,000000,614.54,616.64,591.39,614.54,0,0
CTX_MV,D,20230714,000000,614.54,614.54,610.33,614.54,0,0
CTX_MV,D,20230717,000000,614.54,614.54,591.39,612.43,0,0
CTX_MV,D,20230718,000000,614.54,618.74,601.91,612.43,0,0
CTX_MV,D,20230719,000000,593.49,612.43,593.49,612.43,0,0
CTX_MV,D,20230720,000000,610.33,610.33,582.97,606.12,0,0
CTX_MV,D,20230721,000000,585.07,601.91,585.07,601.91,0,0
CTX_MV,D,20230724,000000,595.59,601.91,587.18,587.18,0,0
CTX_MV,D,20230725,000000,587.18,587.18,555.61,568.24,0,0
CTX_MV,D,20230726,000000,576.65,589.28,568.24,585.07,0,0
CTX_MV,D,20230727,000000,585.07,585.07,566.13,585.07,0,0
CTX_MV,D,20230728,000000,572.44,601.91,572.44,589.28,0,0
CTX_MV,D,20230731,000000,593.49,593.49,572.44,593.49,0,0
CTX_MV,D,20230801,000000,589.28,589.28,564.03,587.18,0,0
CTX_MV,D,20230802,000000,570.34,585.07,570.34,585.07,0,0
CTX_MV,D,20230803,000000,582.97,582.97,574.55,580.86,0,0
CTX_MV,D,20230804,000000,576.65,576.65,559.82,572.44,0,0
CTX_MV,D,20230807,000000,559.82,566.13,559.82,564.03,0,0
CTX_MV,D,20230808,000000,551.4,561.92,542.98,557.71,0,0
CTX_MV,D,20230809,000000,547.19,555.61,540.88,553.5,0,0
CTX_MV,D,20230810,000000,553.5,553.5,534.56,549.29,0,0
CTX_MV,D,20230811,000000,538.77,547.19,505.1,542.98,0,0
CTX_MV,D,20230814,000000,542.98,545.08,542.98,545.08,0,0
CTX_MV,D,20230816,000000,538.77,538.77,526.14,532.46,0,0
CTX_MV,D,20230817,000000,526.14,526.14,519.83,526.14,0,0
CTX_MV,D,20230818,000000,519.83,519.83,511.41,519.11,0,0
CTX_MV,D,20230821,000000,527.56,527.56,508.56,519.11,0,0
CTX_MV,D,20230822,000000,514.89,531.78,514.89,527.56,0,0
CTX_MV,D,20230823,000000,527.56,527.56,514.89,527.56,0,0
CTX_MV,D,20230824,000000,527.56,527.56,519.11,519.11,0,0
CTX_MV,D,20230825,000000,517,523.33,517,523.33,0,0
CTX_MV,D,20230828,000000,519.11,531.78,519.11,531.78,0,0
CTX_MV,D,20230829,000000,531.78,531.78,531.78,531.78,0,0
CTX_MV,D,20230830,000000,517,529.67,512.78,529.67,0,0
CTX_MV,D,20230831,000000,529.67,531.78,527.56,531.78,0,0
CTX_MV,D,20230901,000000,531.78,540.22,519.11,540.22,0,0
CTX_MV,D,20230904,000000,540.22,540.22,525.44,540.22,0,0
CTX_MV,D,20230905,000000,523.33,540.22,523.33,540.22,0,0
CTX_MV,D,20230906,000000,531.78,531.78,519.11,519.11,0,0
CTX_MV,D,20230907,000000,514.89,514.89,506.45,510.67,0,0
CTX_MV,D,20230908,000000,527.56,531.78,506.45,506.45,0,0
CTX_MV,D,20230911,000000,508.56,510.67,498.01,506.45,0,0
CTX_MV,D,20230912,000000,506.45,529.67,498.01,529.67,0,0
CTX_MV,D,20230913,000000,527.56,527.56,500.12,506.45,0,0
CTX_MV,D,20230914,000000,508.56,508.56,493.79,498.01,0,0
CTX_MV,D,20230915,000000,500.12,512.78,487.46,506.45,0,0
CTX_MV,D,20230918,000000,510.67,519.11,510.67,519.11,0,0
CTX_MV,D,20230919,000000,500.12,506.45,487.46,502.23,0,0
CTX_MV,D,20230920,000000,498.01,500.12,491.68,496.75,0,0
CTX_MV,D,20230921,000000,498.87,498.87,488.26,488.26,0,0
CTX_MV,D,20230922,000000,486.13,560.43,486.13,509.49,0,0
CTX_MV,D,20230925,000000,496.75,513.73,488.26,513.73,0,0
CTX_MV,D,20230926,000000,477.64,500.99,471.27,475.52,0,0
CTX_MV,D,20230927,000000,494.63,496.75,471.27,496.75,0,0
CTX_MV,D,20230928,000000,473.4,496.75,469.15,481.89,0,0
CTX_MV,D,20230929,000000,481.89,481.89,467.03,467.03,0,0
CTX_MV,D,20231002,000000,467.03,467.03,437.31,452.17,0,0
CTX_MV,D,20231003,000000,439.43,452.17,424.57,424.57,0,0
CTX_MV,D,20231004,000000,433.06,437.31,424.57,437.31,0,0
