<TICKER>,<PER>,<DATE>,<TIME>,<OPEN>,<HIGH>,<LOW>,<CLOSE>,<VOL>,<OPENINT>
DAD_PB,D,20210312,000000,14.9622,14.9622,14.9622,14.9622,0,0
DAD_PB,D,20210315,000000,14.9622,15.2679,14.8438,15.2679,0,0
DAD_PB,D,20210316,000000,15.2581,15.2581,14.9425,14.9622,0,0
DAD_PB,D,20210317,000000,15.0707,15.189,14.8833,15.189,0,0
DAD_PB,D,20210318,000000,15.0707,15.2679,15.0016,15.0312,0,0
DAD_PB,D,20210319,000000,15.337,15.6427,15.0411,15.6427,0,0
DAD_PB,D,20210322,000000,15.6427,16.6981,15.6427,16.6981,0,0
DAD_PB,D,20210323,000000,16.6981,16.7178,15.84,15.84,0,0
DAD_PB,D,20210324,000000,16.0274,16.1063,15.8696,15.8696,0,0
DAD_PB,D,20210325,000000,16.0274,16.0274,15.6822,15.7611,0,0
DAD_PB,D,20210326,000000,15.7216,15.8005,15.6526,15.6822,0,0
DAD_PB,D,20210329,000000,15.6427,16.0274,15.6427,15.9485,0,0
DAD_PB,D,20210330,000000,15.9584,15.9584,15.6033,15.7216,0,0
DAD_PB,D,20210331,000000,15.8005,16.0274,15.5737,15.6526,0,0
DAD_PB,D,20210401,000000,15.6427,16.0274,15.5737,15.84,0,0
DAD_PB,D,20210406,000000,16.0175,16.0175,15.6427,15.9879,0,0
DAD_PB,D,20210407,000000,16.0175,16.0175,15.7216,15.909,0,0
DAD_PB,D,20210408,000000,16.1063,16.7178,16.0274,16.3332,0,0
DAD_PB,D,20210409,000000,16.491,16.9545,16.2937,16.9545,0,0
DAD_PB,D,20210412,000000,17.0334,18.1677,17.0334,17.931,0,0
DAD_PB,D,20210413,000000,18.1479,18.1479,17.5562,17.783,0,0
DAD_PB,D,20210414,000000,18.1677,18.1677,15.6329,15.6329,0,0
DAD_PB,D,20210415,000000,15.6329,15.8499,15.5836,15.8301,0,0
DAD_PB,D,20210416,000000,15.6822,16.6882,15.6822,16.3134,0,0
DAD_PB,D,20210419,000000,16.3134,16.6389,16.1162,16.3233,0,0
DAD_PB,D,20210420,000000,16.3233,16.4515,16.1162,16.1162,0,0
DAD_PB,D,20210421,000000,16.1162,16.4022,16.1162,16.1556,0,0
DAD_PB,D,20210422,000000,16.2148,16.3923,16.2148,16.2148,0,0
DAD_PB,D,20210423,000000,16.2247,16.4515,16.1162,16.2444,0,0
DAD_PB,D,20210426,000000,16.4515,16.4515,16.2542,16.2542,0,0
DAD_PB,D,20210427,000000,16.4318,16.5797,16.2542,16.5797,0,0
DAD_PB,D,20210428,000000,16.5205,17.1222,16.3923,17.063,0,0
DAD_PB,D,20210429,000000,17.4575,17.7337,17.063,17.7337,0,0
DAD_PB,D,20210430,000000,17.8619,17.931,17.4674,17.931,0,0
DAD_PB,D,20210504,000000,18.1381,18.1677,17.3984,17.4674,0,0
DAD_PB,D,20210505,000000,17.8027,17.8027,16.8953,17.3984,0,0
DAD_PB,D,20210506,000000,17.4674,18.6016,16.9249,17.4674,0,0
DAD_PB,D,20210507,000000,17.4674,17.4674,17.1912,17.4575,0,0
DAD_PB,D,20210510,000000,17.2603,17.4674,17.063,17.1912,0,0
DAD_PB,D,20210511,000000,17.1912,17.1912,16.5896,16.6192,0,0
DAD_PB,D,20210512,000000,16.5896,16.5896,15.5145,16.4121,0,0
DAD_PB,D,20210513,000000,16.4121,16.7868,16.2542,16.2542,0,0
DAD_PB,D,20210514,000000,16.5304,16.7868,16.3923,16.7277,0,0
DAD_PB,D,20210517,000000,16.7868,16.7868,16.5304,16.7277,0,0
DAD_PB,D,20210518,000000,16.5501,16.7277,16.3529,16.3529,0,0
DAD_PB,D,20210519,000000,16.5205,16.7178,16.3529,16.4515,0,0
DAD_PB,D,20210520,000000,16.6389,16.6586,16.4515,16.4614,0,0
DAD_PB,D,20210521,000000,16.5304,17.3195,16.5304,17.2997,0,0
DAD_PB,D,20210524,000000,17.4674,17.4674,2.99836,2.99836,0,0
DAD_PB,D,20210525,000000,3.00822,3.00822,2.9589,2.9589,0,0
DAD_PB,D,20210526,000000,2.9589,2.9589,2.9589,2.9589,0,0
DAD_PB,D,20210527,000000,2.9589,2.9589,2.94904,2.94904,0,0
DAD_PB,D,20210528,000000,2.94904,2.94904,2.83068,2.84055,0,0
DAD_PB,D,20210531,000000,2.83068,2.88,2.79123,2.83068,0,0
DAD_PB,D,20210601,000000,2.82082,2.82082,2.78137,2.79123,0,0
DAD_PB,D,20210602,000000,2.79123,2.79123,2.64329,2.6926,0,0
DAD_PB,D,20210604,000000,2.67288,2.82082,2.67288,2.82082,0,0
DAD_PB,D,20210607,000000,2.78137,2.85041,2.78137,2.85041,0,0
DAD_PB,D,20210608,000000,2.87014,2.88,2.77151,2.88,0,0
DAD_PB,D,20210609,000000,2.88986,2.88986,2.8011,2.86027,0,0
DAD_PB,D,20210610,000000,2.86027,2.86027,2.79123,2.79123,0,0
DAD_PB,D,20210611,000000,2.78137,2.78137,2.74192,2.74192,0,0
DAD_PB,D,20210614,000000,2.73205,2.74192,2.68274,2.73205,0,0
DAD_PB,D,20210615,000000,2.78137,2.78137,2.72219,2.73205,0,0
DAD_PB,D,20210616,000000,2.78137,2.81096,2.72219,2.81096,0,0
DAD_PB,D,20210617,000000,2.83068,2.94904,2.81096,2.94904,0,0
DAD_PB,D,20210618,000000,2.96877,3.00822,2.90959,2.94904,0,0
DAD_PB,D,20210621,000000,2.94904,2.98849,2.82082,2.86027,0,0
DAD_PB,D,20210622,000000,2.88,2.88,2.8011,2.86027,0,0
DAD_PB,D,20210623,000000,2.88,2.88,2.82082,2.82082,0,0
DAD_PB,D,20210624,000000,2.83068,2.85041,2.82082,2.83068,0,0
DAD_PB,D,20210625,000000,2.78137,2.88,2.77151,2.88,0,0
DAD_PB,D,20210628,000000,2.88,2.88,2.76164,2.77151,0,0
DAD_PB,D,20210629,000000,2.77151,2.82082,2.76164,2.82082,0,0
DAD_PB,D,20210630,000000,2.81096,2.83068,2.71233,2.74192,0,0
DAD_PB,D,20210701,000000,2.74192,2.8011,2.72219,2.72219,0,0
DAD_PB,D,20210702,000000,2.74192,2.83068,2.72219,2.74192,0,0
DAD_PB,D,20210705,000000,2.78137,2.78137,2.75178,2.78137,0,0
DAD_PB,D,20210706,000000,2.79123,2.83068,2.58411,2.67288,0,0
DAD_PB,D,20210707,000000,2.63342,2.71233,2.6137,2.63342,0,0
DAD_PB,D,20210708,000000,2.66301,2.66301,2.60384,2.64329,0,0
DAD_PB,D,20210709,000000,2.6137,2.64329,2.58411,2.6137,0,0
DAD_PB,D,20210712,000000,2.64329,2.64329,2.46575,2.54466,0,0
DAD_PB,D,20210713,000000,2.60384,2.64329,2.54466,2.64329,0,0
DAD_PB,D,20210714,000000,2.64329,2.71233,2.64329,2.67288,0,0
DAD_PB,D,20210715,000000,2.67288,2.67288,2.66301,2.66301,0,0
DAD_PB,D,20210716,000000,2.67288,2.67288,2.66301,2.67288,0,0
DAD_PB,D,20210719,000000,2.6926,2.6926,2.56438,2.58411,0,0
DAD_PB,D,20210720,000000,2.56438,2.64329,2.56438,2.64329,0,0
DAD_PB,D,20210721,000000,2.64329,2.66301,2.57425,2.63342,0,0
DAD_PB,D,20210722,000000,2.65315,2.65315,2.60384,2.6137,0,0
DAD_PB,D,20210723,000000,2.6137,2.6137,2.59397,2.59397,0,0
DAD_PB,D,20210726,000000,2.58411,2.60384,2.54466,2.54466,0,0
DAD_PB,D,20210727,000000,2.56438,2.60384,2.54466,2.56438,0,0
DAD_PB,D,20210728,000000,2.57425,2.63342,2.55452,2.55452,0,0
DAD_PB,D,20210729,000000,2.60384,2.64329,2.55452,2.56438,0,0
DAD_PB,D,20210730,000000,2.56438,2.56438,2.54466,2.54466,0,0
DAD_PB,D,20210802,000000,2.55452,2.62356,2.55452,2.60384,0,0
DAD_PB,D,20210803,000000,2.6137,2.64329,2.54466,2.64329,0,0
DAD_PB,D,20210804,000000,2.6926,2.6926,2.59397,2.60384,0,0
DAD_PB,D,20210805,000000,2.60384,2.64329,2.55452,2.55452,0,0
DAD_PB,D,20210806,000000,2.64329,2.64329,2.54466,2.59397,0,0
DAD_PB,D,20210809,000000,2.53479,2.60384,2.40658,2.52493,0,0
DAD_PB,D,20210810,000000,2.52493,2.55452,2.48548,2.55452,0,0
DAD_PB,D,20210811,000000,2.54466,2.54466,2.48548,2.48548,0,0
DAD_PB,D,20210812,000000,2.51507,2.54466,2.48548,2.48548,0,0
DAD_PB,D,20210813,000000,2.53479,2.53479,2.48548,2.52493,0,0
DAD_PB,D,20210816,000000,2.53479,2.53479,2.49534,2.50521,0,0
DAD_PB,D,20210817,000000,2.52493,2.52493,2.49534,2.50521,0,0
DAD_PB,D,20210818,000000,2.48548,2.52493,2.48548,2.48548,0,0
DAD_PB,D,20210819,000000,2.47562,2.48548,2.45589,2.48548,0,0
DAD_PB,D,20210820,000000,2.48548,2.50521,2.4263,2.44603,0,0
DAD_PB,D,20210823,000000,2.51507,2.58411,2.48548,2.53479,0,0
DAD_PB,D,20210824,000000,2.49534,2.50521,2.48548,2.50521,0,0
DAD_PB,D,20210825,000000,2.49534,2.49534,2.38685,2.38685,0,0
DAD_PB,D,20210826,000000,2.39671,2.39671,2.38685,2.38685,0,0
DAD_PB,D,20210827,000000,2.39671,2.39671,2.30795,2.31781,0,0
DAD_PB,D,20210830,000000,2.3474,2.35726,2.15014,2.18959,0,0
DAD_PB,D,20210831,000000,2.26849,2.26849,2.18959,2.2389,0,0
DAD_PB,D,20210901,000000,2.27836,2.27836,2.21918,2.21918,0,0
DAD_PB,D,20210902,000000,2.27836,2.27836,2.25863,2.25863,0,0
DAD_PB,D,20210903,000000,2.27836,2.33753,2.27836,2.28822,0,0
DAD_PB,D,20210906,000000,2.28822,2.28822,2.24877,2.24877,0,0
DAD_PB,D,20210907,000000,2.24877,2.3474,2.24877,2.32767,0,0
DAD_PB,D,20210908,000000,2.31781,2.31781,2.28822,2.29808,0,0
DAD_PB,D,20210909,000000,2.33753,2.33753,2.27836,2.31781,0,0
DAD_PB,D,20210910,000000,2.32767,2.32767,2.28822,2.30795,0,0
DAD_PB,D,20210913,000000,2.33753,2.33753,2.26849,2.26849,0,0
DAD_PB,D,20210914,000000,2.30795,2.30795,2.20932,2.2389,0,0
DAD_PB,D,20210915,000000,2.25863,2.27836,2.2389,2.27836,0,0
DAD_PB,D,20210916,000000,2.30795,2.30795,2.25863,2.27836,0,0
DAD_PB,D,20210917,000000,2.27836,2.28822,2.2389,2.27836,0,0
DAD_PB,D,20210920,000000,2.24877,2.26849,2.21918,2.24877,0,0
DAD_PB,D,20210921,000000,2.26849,2.26849,2.18959,2.19945,0,0
DAD_PB,D,20210922,000000,2.25863,2.25863,2.20932,2.20932,0,0
DAD_PB,D,20210923,000000,2.25863,2.25863,2.19945,2.22904,0,0
DAD_PB,D,20210924,000000,2.22904,2.22904,2.18959,2.18959,0,0
DAD_PB,D,20210927,000000,2.18959,2.18959,2.18959,2.18959,0,0
DAD_PB,D,20210928,000000,2.20932,2.20932,2.12055,2.14027,0,0
DAD_PB,D,20210929,000000,2.16986,2.16986,2.14027,2.16986,0,0
DAD_PB,D,20210930,000000,2.16986,2.17973,2.15014,2.16,0,0
DAD_PB,D,20211001,000000,2.18959,2.18959,2.15014,2.16986,0,0
DAD_PB,D,20211004,000000,2.16986,2.16986,2.14027,2.16,0,0
DAD_PB,D,20211005,000000,2.15014,2.15014,2.13041,2.13041,0,0
DAD_PB,D,20211006,000000,2.13041,2.15014,2.11068,2.11068,0,0
DAD_PB,D,20211007,000000,2.13041,2.13041,2.04164,2.06137,0,0
DAD_PB,D,20211008,000000,2.09096,2.16,2.09096,2.16,0,0
DAD_PB,D,20211011,000000,2.11068,2.18959,2.11068,2.18959,0,0
DAD_PB,D,20211012,000000,2.18959,2.18959,2.09096,2.18959,0,0
DAD_PB,D,20211013,000000,2.18959,2.18959,2.11068,2.12055,0,0
DAD_PB,D,20211014,000000,2.12055,2.12055,2.05151,2.06137,0,0
DAD_PB,D,20211015,000000,2.06137,2.11068,2.06137,2.11068,0,0
DAD_PB,D,20211018,000000,2.11068,2.13041,2.06137,2.09096,0,0
DAD_PB,D,20211019,000000,2.09096,2.09096,2.06137,2.07123,0,0
DAD_PB,D,20211020,000000,2.09096,2.09096,1.94301,1.96274,0,0
DAD_PB,D,20211021,000000,1.98247,2.03178,1.95288,1.95288,0,0
DAD_PB,D,20211022,000000,1.95288,1.99233,1.94301,1.99233,0,0
DAD_PB,D,20211025,000000,1.98247,1.98247,1.96274,1.96274,0,0
DAD_PB,D,20211026,000000,1.99233,1.99233,1.90356,1.91342,0,0
DAD_PB,D,20211027,000000,1.93315,1.94301,1.83452,1.92329,0,0
DAD_PB,D,20211028,000000,1.94301,1.94301,1.88384,1.90356,0,0
DAD_PB,D,20211029,000000,1.91342,1.94301,1.90356,1.94301,0,0
DAD_PB,D,20211102,000000,1.8937,1.91342,1.8937,1.8937,0,0
DAD_PB,D,20211103,000000,1.8937,1.90356,1.87397,1.8937,0,0
DAD_PB,D,20211104,000000,1.93315,1.96274,1.8937,1.96274,0,0
DAD_PB,D,20211105,000000,1.96274,2.04164,1.92329,1.94301,0,0
DAD_PB,D,20211108,000000,1.99233,1.99233,1.93315,1.93315,0,0
DAD_PB,D,20211109,000000,1.93315,1.9726,1.93315,1.93315,0,0
DAD_PB,D,20211110,000000,1.96274,1.96274,1.8937,1.8937,0,0
DAD_PB,D,20211112,000000,1.96274,1.96274,1.88384,1.90356,0,0
DAD_PB,D,20211115,000000,1.90356,1.91342,1.90356,1.90356,0,0
DAD_PB,D,20211116,000000,1.92329,1.92329,1.8937,1.8937,0,0
DAD_PB,D,20211117,000000,1.91342,1.91342,1.88384,1.91342,0,0
DAD_PB,D,20211118,000000,1.91342,1.91342,1.86411,1.88384,0,0
DAD_PB,D,20211119,000000,1.88384,1.91342,1.86411,1.86411,0,0
DAD_PB,D,20211122,000000,1.85425,1.85425,1.74575,1.77534,0,0
DAD_PB,D,20211123,000000,1.75562,1.79507,1.74575,1.75562,0,0
DAD_PB,D,20211124,000000,1.74575,1.85425,1.72603,1.82466,0,0
DAD_PB,D,20211125,000000,1.82466,1.82466,1.77534,1.82466,0,0
DAD_PB,D,20211126,000000,1.81479,1.81479,1.74575,1.75562,0,0
DAD_PB,D,20211129,000000,1.75562,1.75562,1.72603,1.74575,0,0
DAD_PB,D,20211130,000000,1.74575,1.74575,1.68658,1.68658,0,0
DAD_PB,D,20211201,000000,1.68658,1.7063,1.67671,1.68658,0,0
DAD_PB,D,20211202,000000,1.7063,1.7063,1.6274,1.68658,0,0
DAD_PB,D,20211203,000000,1.69644,1.74575,1.69644,1.74575,0,0
DAD_PB,D,20211206,000000,1.74575,1.79507,1.72603,1.79507,0,0
DAD_PB,D,20211207,000000,1.81479,1.81479,1.73589,1.78521,0,0
DAD_PB,D,20211208,000000,1.78521,1.78521,1.76548,1.78521,0,0
DAD_PB,D,20211209,000000,1.78521,1.79507,1.74575,1.75562,0,0
DAD_PB,D,20211210,000000,1.79507,1.79507,1.71616,1.71616,0,0
DAD_PB,D,20211213,000000,1.74575,1.74575,1.7063,1.73589,0,0
DAD_PB,D,20211214,000000,1.74575,1.76548,1.71616,1.75562,0,0
DAD_PB,D,20211215,000000,1.75562,1.75562,1.7063,1.73589,0,0
DAD_PB,D,20211216,000000,1.72603,1.72603,1.63726,1.72603,0,0
DAD_PB,D,20211217,000000,1.71616,1.72603,1.65699,1.65699,0,0
DAD_PB,D,20211220,000000,1.65699,1.65699,1.60767,1.60767,0,0
DAD_PB,D,20211221,000000,1.60767,1.6274,1.55836,1.55836,0,0
DAD_PB,D,20211222,000000,1.5189,1.56822,1.5189,1.53863,0,0
DAD_PB,D,20211223,000000,1.53863,1.55836,1.53863,1.53863,0,0
DAD_PB,D,20211227,000000,1.53863,1.55836,1.52877,1.55836,0,0
DAD_PB,D,20211228,000000,1.55836,1.55836,1.52877,1.52877,0,0
DAD_PB,D,20211229,000000,1.55836,1.55836,1.52877,1.55836,0,0
DAD_PB,D,20211230,000000,1.55836,1.55836,1.53863,1.54849,0,0
DAD_PB,D,20220103,000000,1.55836,1.6274,1.55836,1.59781,0,0
DAD_PB,D,20220104,000000,1.60767,1.8937,1.60767,1.85425,0,0
DAD_PB,D,20220105,000000,1.88384,1.94301,1.81479,1.84438,0,0
DAD_PB,D,20220107,000000,1.91342,1.91342,1.82466,1.8937,0,0
DAD_PB,D,20220110,000000,1.91342,1.92329,1.91342,1.91342,0,0
DAD_PB,D,20220111,000000,1.93315,2.00219,1.93315,1.95288,0,0
DAD_PB,D,20220112,000000,2.00219,2.00219,1.95288,2.00219,0,0
DAD_PB,D,20220113,000000,2.00219,2.01205,1.95288,2.00219,0,0
DAD_PB,D,20220114,000000,2.00219,2.00219,1.96274,1.9726,0,0
DAD_PB,D,20220117,000000,2.01205,2.01205,1.99233,2.00219,0,0
DAD_PB,D,20220118,000000,2.02192,2.04164,2.02192,2.03178,0,0
DAD_PB,D,20220119,000000,2.03178,2.03178,1.98247,2.01205,0,0
DAD_PB,D,20220120,000000,2.01205,2.01205,1.92329,1.93315,0,0
DAD_PB,D,20220121,000000,1.93315,1.93315,1.82466,1.88384,0,0
DAD_PB,D,20220124,000000,1.85425,1.92329,1.71616,1.71616,0,0
DAD_PB,D,20220125,000000,1.69644,1.79507,1.69644,1.73589,0,0
DAD_PB,D,20220126,000000,1.80493,1.92329,1.80493,1.8937,0,0
DAD_PB,D,20220127,000000,1.91342,1.91342,1.85425,1.85425,0,0
DAD_PB,D,20220128,000000,1.8937,1.93315,1.85425,1.90356,0,0
DAD_PB,D,20220131,000000,1.93315,1.93315,1.84438,1.84438,0,0
DAD_PB,D,20220201,000000,1.93315,1.93315,1.88384,1.91342,0,0
DAD_PB,D,20220202,000000,1.98247,2.02192,1.98247,2.02192,0,0
DAD_PB,D,20220203,000000,2.02192,2.02192,1.98247,2.01205,0,0
DAD_PB,D,20220204,000000,2.01205,2.01205,1.94301,1.99233,0,0
DAD_PB,D,20220207,000000,2.00219,2.00219,1.94301,1.96274,0,0
DAD_PB,D,20220208,000000,1.98247,1.98247,1.94301,1.94301,0,0
DAD_PB,D,20220209,000000,1.98247,1.98247,1.92329,1.92329,0,0
DAD_PB,D,20220210,000000,1.95288,1.95288,1.92329,1.92329,0,0
DAD_PB,D,20220211,000000,1.90356,1.90356,1.80493,1.83452,0,0
DAD_PB,D,20220214,000000,1.83452,1.8937,1.77534,1.77534,0,0
DAD_PB,D,20220215,000000,1.76548,1.86411,1.76548,1.84438,0,0
DAD_PB,D,20220216,000000,1.85425,1.85425,1.76548,1.83452,0,0
DAD_PB,D,20220217,000000,1.85425,1.85425,1.77534,1.80493,0,0
DAD_PB,D,20220218,000000,1.77534,1.80493,1.77534,1.78521,0,0
DAD_PB,D,20220221,000000,1.80493,1.80493,1.67671,1.75562,0,0
DAD_PB,D,20220222,000000,1.69644,1.77534,1.69644,1.73589,0,0
DAD_PB,D,20220223,000000,1.78521,1.78521,1.66685,1.66685,0,0
DAD_PB,D,20220224,000000,1.6274,1.64712,1.30192,1.56822,0,0
DAD_PB,D,20220225,000000,1.56822,1.57808,1.48932,1.5189,0,0
DAD_PB,D,20220228,000000,1.48932,1.5189,1.45973,1.5189,0,0
DAD_PB,D,20220301,000000,1.5189,1.53863,1.50904,1.50904,0,0
DAD_PB,D,20220302,000000,1.53863,1.55836,1.49918,1.54849,0,0
DAD_PB,D,20220303,000000,1.57808,1.69644,1.57808,1.64712,0,0
DAD_PB,D,20220304,000000,1.72603,1.72603,1.54849,1.55836,0,0
DAD_PB,D,20220307,000000,1.52877,1.57808,1.52877,1.55836,0,0
DAD_PB,D,20220308,000000,1.55836,1.57808,1.49918,1.49918,0,0
DAD_PB,D,20220309,000000,1.46959,1.53863,1.46959,1.53863,0,0
DAD_PB,D,20220310,000000,1.56822,1.56822,1.48932,1.50904,0,0
DAD_PB,D,20220311,000000,1.50904,1.52877,1.49918,1.5189,0,0
DAD_PB,D,20220314,000000,1.5189,1.5189,1.45973,1.45973,0,0
DAD_PB,D,20220315,000000,1.45973,1.45973,1.40055,1.44986,0,0
DAD_PB,D,20220316,000000,1.42027,1.46959,1.42027,1.44,0,0
DAD_PB,D,20220317,000000,1.46959,1.5189,1.46959,1.46959,0,0
DAD_PB,D,20220318,000000,1.46959,1.48932,1.45973,1.47945,0,0
DAD_PB,D,20220321,000000,1.47945,1.49918,1.46959,1.46959,0,0
DAD_PB,D,20220322,000000,1.45973,1.46959,1.41041,1.46959,0,0
DAD_PB,D,20220323,000000,1.46959,1.54849,1.46959,1.49918,0,0
DAD_PB,D,20220324,000000,1.6274,1.64712,1.61753,1.61753,0,0
DAD_PB,D,20220325,000000,1.60767,1.61753,1.56822,1.60767,0,0
DAD_PB,D,20220328,000000,1.69644,1.69644,1.55836,1.61753,0,0
DAD_PB,D,20220329,000000,1.68658,1.68658,1.57808,1.59781,0,0
DAD_PB,D,20220330,000000,1.67671,1.67671,1.55836,1.57808,0,0
DAD_PB,D,20220331,000000,1.57808,1.57808,1.54849,1.54849,0,0
DAD_PB,D,20220401,000000,1.54849,1.55836,1.52877,1.54849,0,0
DAD_PB,D,20220404,000000,1.55836,1.55836,1.54849,1.55836,0,0
DAD_PB,D,20220405,000000,1.57808,1.57808,1.54849,1.55836,0,0
DAD_PB,D,20220406,000000,1.57808,1.64712,1.52877,1.52877,0,0
DAD_PB,D,20220407,000000,1.55836,1.55836,1.52877,1.52877,0,0
DAD_PB,D,20220408,000000,1.5189,1.53863,1.48932,1.49918,0,0
DAD_PB,D,20220411,000000,1.52877,1.52877,1.48932,1.48932,0,0
DAD_PB,D,20220412,000000,1.48932,1.48932,1.45973,1.48932,0,0
DAD_PB,D,20220413,000000,1.50904,1.5189,1.44986,1.5189,0,0
DAD_PB,D,20220414,000000,1.5189,1.54849,1.47945,1.54849,0,0
DAD_PB,D,20220419,000000,1.49918,1.56822,1.49918,1.55836,0,0
DAD_PB,D,20220420,000000,1.56822,1.56822,1.45973,1.48932,0,0
DAD_PB,D,20220421,000000,1.46959,1.48932,1.45973,1.48932,0,0
DAD_PB,D,20220422,000000,1.48932,1.48932,1.46959,1.48932,0,0
DAD_PB,D,20220425,000000,1.48932,1.48932,1.40055,1.40055,0,0
DAD_PB,D,20220426,000000,1.44,1.44,1.31178,1.35123,0,0
DAD_PB,D,20220427,000000,1.41041,1.41041,1.35123,1.41041,0,0
DAD_PB,D,20220428,000000,1.41041,1.41041,1.35123,1.40055,0,0
DAD_PB,D,20220429,000000,1.40055,1.40055,1.35123,1.35123,0,0
DAD_PB,D,20220502,000000,1.35123,1.35123,1.31178,1.31178,0,0
DAD_PB,D,20220504,000000,1.40055,1.40055,1.33151,1.38082,0,0
DAD_PB,D,20220505,000000,1.38082,1.40055,1.3611,1.3611,0,0
DAD_PB,D,20220506,000000,1.31178,1.35123,1.30192,1.35123,0,0
DAD_PB,D,20220509,000000,1.35123,1.35123,1.30192,1.30192,0,0
DAD_PB,D,20220510,000000,1.35123,1.35123,1.30192,1.34137,0,0
DAD_PB,D,20220511,000000,1.34137,1.34137,1.26247,1.26247,0,0
DAD_PB,D,20220512,000000,1.30192,1.30192,1.2526,1.2526,0,0
DAD_PB,D,20220513,000000,1.2526,1.29205,1.2526,1.28219,0,0
DAD_PB,D,20220516,000000,1.30192,1.31178,1.26247,1.31178,0,0
DAD_PB,D,20220517,000000,1.31178,1.34137,1.26247,1.34137,0,0
DAD_PB,D,20220518,000000,1.34137,1.34137,1.31178,1.32164,0,0
DAD_PB,D,20220519,000000,1.34137,1.34137,1.31178,1.31178,0,0
DAD_PB,D,20220520,000000,1.34137,1.34137,1.31178,1.33151,0,0
DAD_PB,D,20220523,000000,1.37096,1.37096,1.2526,1.2526,0,0
DAD_PB,D,20220524,000000,1.27233,1.30192,1.2526,1.27233,0,0
DAD_PB,D,20220525,000000,1.28219,1.28219,1.2526,1.2526,0,0
DAD_PB,D,20220526,000000,1.2526,1.28219,1.24274,1.24274,0,0
DAD_PB,D,20220527,000000,1.31178,1.31178,1.26247,1.26247,0,0
DAD_PB,D,20220530,000000,1.2526,1.27233,1.2526,1.2526,0,0
DAD_PB,D,20220531,000000,1.26247,1.31178,1.26247,1.27233,0,0
DAD_PB,D,20220601,000000,1.31178,1.31178,1.2526,1.26247,0,0
DAD_PB,D,20220602,000000,1.29205,1.29205,1.23288,1.23288,0,0
DAD_PB,D,20220603,000000,1.27233,1.27233,1.23288,1.26247,0,0
DAD_PB,D,20220606,000000,1.27233,1.27233,1.21315,1.21315,0,0
DAD_PB,D,20220607,000000,1.26247,1.26247,1.20329,1.20329,0,0
DAD_PB,D,20220608,000000,1.2526,1.2526,1.15397,1.15397,0,0
DAD_PB,D,20220609,000000,1.20329,1.20329,1.15397,1.19342,0,0
DAD_PB,D,20220610,000000,1.20329,1.20329,1.15397,1.20329,0,0
DAD_PB,D,20220613,000000,1.22,1.22,1.13,1.17,0,0
DAD_PB,D,20220614,000000,1.21,1.21,1.17,1.17,0,0
DAD_PB,D,20220615,000000,1.21,1.21,1.17,1.21,0,0
DAD_PB,D,20220617,000000,1.21,1.21,1.17,1.19,0,0
DAD_PB,D,20220620,000000,1.2,1.2,1.17,1.17,0,0
DAD_PB,D,20220621,000000,1.2,1.22,1.17,1.22,0,0
DAD_PB,D,20220622,000000,1.19,1.2,1.19,1.2,0,0
DAD_PB,D,20220623,000000,1.22,1.22,1.21,1.21,0,0
DAD_PB,D,20220624,000000,1.23,1.23,1.21,1.23,0,0
DAD_PB,D,20220627,000000,1.23,1.28,1.22,1.28,0,0
DAD_PB,D,20220628,000000,1.27,1.33,1.23,1.33,0,0
DAD_PB,D,20220629,000000,1.35,1.35,1.29,1.35,0,0
DAD_PB,D,20220630,000000,1.38,1.38,1.32,1.33,0,0
DAD_PB,D,20220701,000000,1.33,1.37,1.33,1.35,0,0
DAD_PB,D,20220704,000000,1.33,1.37,1.33,1.33,0,0
DAD_PB,D,20220705,000000,1.37,1.37,1.29,1.29,0,0
DAD_PB,D,20220706,000000,1.32,1.39,1.31,1.37,0,0
DAD_PB,D,20220707,000000,1.39,1.41,1.37,1.39,0,0
DAD_PB,D,20220708,000000,1.39,1.4,1.39,1.4,0,0
DAD_PB,D,20220711,000000,1.4,1.4,1.38,1.4,0,0
DAD_PB,D,20220712,000000,1.4,1.4,1.37,1.38,0,0
DAD_PB,D,20220713,000000,1.38,1.38,1.38,1.38,0,0
DAD_PB,D,20220714,000000,1.42,1.42,1.33,1.41,0,0
DAD_PB,D,20220715,000000,1.41,1.41,1.39,1.41,0,0
DAD_PB,D,20220718,000000,1.41,1.41,1.34,1.41,0,0
DAD_PB,D,20220719,000000,1.41,1.41,1.34,1.4,0,0
DAD_PB,D,20220720,000000,1.42,1.42,1.37,1.4,0,0
DAD_PB,D,20220721,000000,1.41,1.41,1.36,1.36,0,0
DAD_PB,D,20220722,000000,1.39,1.39,1.33,1.37,0,0
DAD_PB,D,20220725,000000,1.38,1.38,1.31,1.31,0,0
DAD_PB,D,20220726,000000,1.31,1.33,1.31,1.33,0,0
DAD_PB,D,20220727,000000,1.38,1.38,1.37,1.37,0,0
DAD_PB,D,20220728,000000,1.38,1.41,1.29,1.29,0,0
DAD_PB,D,20220729,000000,1.29,1.29,1.22,1.22,0,0
DAD_PB,D,20220801,000000,1.22,1.22,1.22,1.22,0,0
DAD_PB,D,20220802,000000,1.27,1.27,1.24,1.24,0,0
DAD_PB,D,20220803,000000,1.24,1.27,1.24,1.24,0,0
DAD_PB,D,20220804,000000,1.24,1.31,1.24,1.31,0,0
DAD_PB,D,20220805,000000,1.33,1.33,1.27,1.27,0,0
DAD_PB,D,20220808,000000,1.29,1.31,1.29,1.31,0,0
DAD_PB,D,20220809,000000,1.3,1.32,1.27,1.31,0,0
DAD_PB,D,20220810,000000,1.31,1.31,1.26,1.29,0,0
DAD_PB,D,20220811,000000,1.31,1.31,1.3,1.31,0,0
DAD_PB,D,20220812,000000,1.31,1.31,1.3,1.3,0,0
DAD_PB,D,20220816,000000,1.32,1.32,1.3,1.32,0,0
DAD_PB,D,20220817,000000,1.32,1.32,1.26,1.32,0,0
DAD_PB,D,20220818,000000,1.32,1.32,1.27,1.31,0,0
DAD_PB,D,20220819,000000,1.31,1.31,1.26,1.3,0,0
DAD_PB,D,20220822,000000,1.31,1.31,1.26,1.27,0,0
DAD_PB,D,20220823,000000,1.28,1.28,1.25,1.25,0,0
DAD_PB,D,20220824,000000,1.25,1.29,1.24,1.24,0,0
DAD_PB,D,20220825,000000,1.24,1.24,1.19,1.22,0,0
DAD_PB,D,20220826,000000,1.24,1.24,1.17,1.17,0,0
DAD_PB,D,20220829,000000,1.17,1.17,1.16,1.17,0,0
DAD_PB,D,20220830,000000,1.14,1.24,1.14,1.24,0,0
DAD_PB,D,20220831,000000,1.24,1.24,1.17,1.2,0,0
DAD_PB,D,20220901,000000,1.21,1.21,1.17,1.18,0,0
DAD_PB,D,20220902,000000,1.18,1.18,1.14,1.17,0,0
DAD_PB,D,20220905,000000,1.18,1.18,1.16,1.16,0,0
DAD_PB,D,20220906,000000,1.16,1.17,1.16,1.16,0,0
DAD_PB,D,20220907,000000,1.18,1.18,1.17,1.17,0,0
DAD_PB,D,20220908,000000,1.18,1.18,1.14,1.14,0,0
DAD_PB,D,20220909,000000,1.14,1.17,1.14,1.17,0,0
DAD_PB,D,20220912,000000,1.15,1.16,1.15,1.16,0,0
DAD_PB,D,20220913,000000,1.15,1.15,1.11,1.11,0,0
DAD_PB,D,20220914,000000,1.11,1.16,1.11,1.16,0,0
DAD_PB,D,20220915,000000,1.16,1.16,1.11,1.11,0,0
DAD_PB,D,20220916,000000,1.13,1.13,1.06,1.06,0,0
DAD_PB,D,20220919,000000,1.06,1.08,1.06,1.06,0,0
DAD_PB,D,20220920,000000,1.05,1.07,1.02,1.02,0,0
DAD_PB,D,20220921,000000,1.06,1.06,0.96,0.97,0,0
DAD_PB,D,20220922,000000,1,1,0.96,1,0,0
DAD_PB,D,20220923,000000,1,1.02,0.96,1.02,0,0
DAD_PB,D,20220926,000000,1.04,1.04,0.97,1,0,0
DAD_PB,D,20220927,000000,1,1,0.96,0.98,0,0
DAD_PB,D,20220928,000000,1,1,0.95,0.95,0,0
DAD_PB,D,20220929,000000,0.97,0.97,0.94,0.95,0,0
DAD_PB,D,20220930,000000,1,1,0.96,0.96,0,0
DAD_PB,D,20221003,000000,0.96,0.97,0.96,0.96,0,0
DAD_PB,D,20221004,000000,0.97,0.97,0.93,0.93,0,0
DAD_PB,D,20221005,000000,0.93,1,0.93,0.96,0,0
DAD_PB,D,20221006,000000,1,1,0.97,0.99,0,0
DAD_PB,D,20221007,000000,1,1.1,0.98,1.1,0,0
DAD_PB,D,20221010,000000,1.09,1.09,0.98,0.98,0,0
DAD_PB,D,20221011,000000,1.01,1.02,0.96,0.96,0,0
DAD_PB,D,20221012,000000,1.03,1.03,1,1,0,0
DAD_PB,D,20221013,000000,0.99,0.99,0.99,0.99,0,0
DAD_PB,D,20221014,000000,1.09,1.09,1.01,1.01,0,0
DAD_PB,D,20221017,000000,1.06,1.06,0.98,0.98,0,0
DAD_PB,D,20221018,000000,0.98,1.02,0.97,1.01,0,0
DAD_PB,D,20221019,000000,1.04,1.04,1,1.01,0,0
DAD_PB,D,20221020,000000,1.01,1.01,0.97,0.98,0,0
DAD_PB,D,20221021,000000,1,1,1,1,0,0
DAD_PB,D,20221024,000000,1,1.01,0.99,1.01,0,0
DAD_PB,D,20221025,000000,1,1,0.98,1,0,0
DAD_PB,D,20221026,000000,1,1.01,0.99,1.01,0,0
DAD_PB,D,20221027,000000,1.01,1.01,0.99,1.01,0,0
DAD_PB,D,20221028,000000,1.01,1.02,1.01,1.02,0,0
DAD_PB,D,20221031,000000,1.01,1.07,1.01,1.06,0,0
DAD_PB,D,20221102,000000,1.06,1.13,1.05,1.13,0,0
DAD_PB,D,20221103,000000,1.13,1.13,1.07,1.11,0,0
DAD_PB,D,20221104,000000,1.09,1.13,1.09,1.13,0,0
DAD_PB,D,20221107,000000,1.13,1.13,1.09,1.09,0,0
DAD_PB,D,20221108,000000,1.1,1.1,1.06,1.09,0,0
DAD_PB,D,20221109,000000,1.13,1.13,1.05,1.1,0,0
DAD_PB,D,20221110,000000,1.08,1.1,1.03,1.03,0,0
DAD_PB,D,20221114,000000,1.07,1.1,1.01,1.02,0,0
DAD_PB,D,20221115,000000,1.05,1.05,1.02,1.04,0,0
DAD_PB,D,20221116,000000,1.04,1.04,0.95,1.01,0,0
DAD_PB,D,20221117,000000,1.01,1.01,1,1,0,0
DAD_PB,D,20221118,000000,1.01,1.01,0.97,1.01,0,0
DAD_PB,D,20221121,000000,1.01,1.01,0.99,1,0,0
DAD_PB,D,20221122,000000,1.01,1.01,0.98,1.01,0,0
DAD_PB,D,20221123,000000,1.01,1.02,1.01,1.02,0,0
DAD_PB,D,20221124,000000,1.03,1.03,1,1.03,0,0
DAD_PB,D,20221125,000000,1.03,1.09,1.03,1.07,0,0
DAD_PB,D,20221128,000000,1.08,1.08,1.06,1.06,0,0
DAD_PB,D,20221129,000000,1.08,1.08,1,1.06,0,0
DAD_PB,D,20221130,000000,1.07,1.07,1.03,1.03,0,0
DAD_PB,D,20221201,000000,1.05,1.07,1.03,1.07,0,0
DAD_PB,D,20221202,000000,1.08,1.08,1.03,1.08,0,0
DAD_PB,D,20221205,000000,1.07,1.07,1.04,1.04,0,0
DAD_PB,D,20221206,000000,1.04,1.06,1.04,1.06,0,0
DAD_PB,D,20221207,000000,1.06,1.06,1.04,1.05,0,0
DAD_PB,D,20221208,000000,1.05,1.07,1.05,1.05,0,0
DAD_PB,D,20221209,000000,1.05,1.08,1.05,1.08,0,0
DAD_PB,D,20221212,000000,1.08,1.1,1.08,1.1,0,0
DAD_PB,D,20221213,000000,1.1,1.13,1.1,1.11,0,0
DAD_PB,D,20221214,000000,1.11,1.16,1.11,1.13,0,0
DAD_PB,D,20221215,000000,1.13,1.13,1.08,1.08,0,0
DAD_PB,D,20221216,000000,1.1,1.12,1.08,1.11,0,0
DAD_PB,D,20221219,000000,1.13,1.14,1.08,1.08,0,0
DAD_PB,D,20221220,000000,1.08,1.08,1.07,1.07,0,0
DAD_PB,D,20221221,000000,1.06,1.07,1.05,1.06,0,0
DAD_PB,D,20221222,000000,1.06,1.07,1.06,1.06,0,0
DAD_PB,D,20221223,000000,1.06,1.1,1.06,1.08,0,0
DAD_PB,D,20221227,000000,1.08,1.1,1.08,1.1,0,0
DAD_PB,D,20221228,000000,1.11,1.11,1.07,1.1,0,0
DAD_PB,D,20221229,000000,1.1,1.12,1.09,1.12,0,0
DAD_PB,D,20221230,000000,1.12,1.12,1.1,1.11,0,0
DAD_PB,D,20230102,000000,1.12,1.12,1.11,1.12,0,0
DAD_PB,D,20230103,000000,1.11,1.13,1.11,1.13,0,0
DAD_PB,D,20230104,000000,1.14,1.2,1.14,1.2,0,0
DAD_PB,D,20230105,000000,1.22,1.23,1.2,1.23,0,0
DAD_PB,D,20230109,000000,1.23,1.23,1.2,1.23,0,0
DAD_PB,D,20230110,000000,1.26,1.27,1.23,1.23,0,0
DAD_PB,D,20230111,000000,1.27,1.27,1.23,1.23,0,0
DAD_PB,D,20230112,000000,1.25,1.25,1.24,1.25,0,0
DAD_PB,D,20230113,000000,1.25,1.25,1.22,1.22,0,0
DAD_PB,D,20230116,000000,1.26,1.28,1.24,1.25,0,0
DAD_PB,D,20230117,000000,1.27,1.29,1.27,1.27,0,0
DAD_PB,D,20230118,000000,1.28,1.29,1.25,1.25,0,0
DAD_PB,D,20230119,000000,1.25,1.25,1.24,1.24,0,0
DAD_PB,D,20230120,000000,1.25,1.25,1.24,1.24,0,0
DAD_PB,D,20230123,000000,1.24,1.29,1.24,1.24,0,0
DAD_PB,D,20230124,000000,1.24,1.27,1.24,1.25,0,0
DAD_PB,D,20230125,000000,1.26,1.29,1.25,1.29,0,0
DAD_PB,D,20230126,000000,1.29,1.31,1.28,1.29,0,0
DAD_PB,D,20230127,000000,1.29,1.31,1.28,1.29,0,0
DAD_PB,D,20230130,000000,1.3,1.3,1.23,1.24,0,0
DAD_PB,D,20230131,000000,1.24,1.29,1.24,1.28,0,0
DAD_PB,D,20230201,000000,1.28,1.28,1.28,1.28,0,0
DAD_PB,D,20230202,000000,1.28,1.29,1.28,1.29,0,0
DAD_PB,D,20230203,000000,1.29,1.31,1.29,1.3,0,0
DAD_PB,D,20230206,000000,1.3,1.3,1.26,1.26,0,0
DAD_PB,D,20230207,000000,1.26,1.3,1.26,1.28,0,0
DAD_PB,D,20230208,000000,1.3,1.3,1.26,1.26,0,0
DAD_PB,D,20230209,000000,1.27,1.28,1.26,1.26,0,0
DAD_PB,D,20230210,000000,1.26,1.26,1.19,1.19,0,0
DAD_PB,D,20230213,000000,1.19,1.21,1.19,1.19,0,0
DAD_PB,D,20230214,000000,1.19,1.21,1.19,1.21,0,0
DAD_PB,D,20230215,000000,1.19,1.21,1.15,1.18,0,0
DAD_PB,D,20230216,000000,1.18,1.21,1.17,1.17,0,0
DAD_PB,D,20230217,000000,1.2,1.2,1.16,1.2,0,0
DAD_PB,D,20230220,000000,1.2,1.21,1.17,1.2,0,0
DAD_PB,D,20230221,000000,1.2,1.2,1.15,1.19,0,0
DAD_PB,D,20230222,000000,1.19,1.19,1.19,1.19,0,0
DAD_PB,D,20230223,000000,1.19,1.2,1.19,1.2,0,0
DAD_PB,D,20230224,000000,1.2,1.21,1.2,1.21,0,0
DAD_PB,D,20230227,000000,1.2,1.23,1.2,1.23,0,0
DAD_PB,D,20230228,000000,1.23,1.23,1.2,1.23,0,0
DAD_PB,D,20230301,000000,1.23,1.27,1.23,1.26,0,0
DAD_PB,D,20230302,000000,1.26,1.26,1.22,1.22,0,0
DAD_PB,D,20230303,000000,1.25,1.27,1.22,1.26,0,0
DAD_PB,D,20230306,000000,1.26,1.27,1.26,1.27,0,0
DAD_PB,D,20230307,000000,1.27,1.27,1.22,1.25,0,0
DAD_PB,D,20230308,000000,1.25,1.28,1.25,1.28,0,0
DAD_PB,D,20230309,000000,1.28,1.28,1.24,1.24,0,0
DAD_PB,D,20230310,000000,1.24,1.24,1.21,1.21,0,0
DAD_PB,D,20230313,000000,1.22,1.22,1.19,1.19,0,0
DAD_PB,D,20230314,000000,1.19,1.19,1.16,1.19,0,0
DAD_PB,D,20230315,000000,1.19,1.19,1.15,1.15,0,0
DAD_PB,D,20230316,000000,1.16,1.18,1.15,1.18,0,0
DAD_PB,D,20230317,000000,1.2,1.23,1.18,1.18,0,0
DAD_PB,D,20230320,000000,1.18,1.23,1.15,1.15,0,0
DAD_PB,D,20230321,000000,1.16,1.22,1.16,1.22,0,0
DAD_PB,D,20230322,000000,1.2,1.2,1.14,1.15,0,0
DAD_PB,D,20230323,000000,1.15,1.18,1.11,1.12,0,0
DAD_PB,D,20230324,000000,1.09,1.12,1.09,1.11,0,0
DAD_PB,D,20230327,000000,1.14,1.18,1.12,1.17,0,0
DAD_PB,D,20230328,000000,1.18,1.18,1.15,1.15,0,0
DAD_PB,D,20230329,000000,1.15,1.15,1.13,1.13,0,0
DAD_PB,D,20230330,000000,1.13,1.2,1.13,1.19,0,0
DAD_PB,D,20230331,000000,1.2,1.2,1.19,1.19,0,0
DAD_PB,D,20230403,000000,1.2,1.23,1.19,1.21,0,0
DAD_PB,D,20230404,000000,1.22,1.27,1.18,1.18,0,0
DAD_PB,D,20230405,000000,1.18,1.22,1.18,1.18,0,0
DAD_PB,D,20230406,000000,1.2,1.26,1.18,1.25,0,0
DAD_PB,D,20230411,000000,1.27,1.39,1.27,1.39,0,0
DAD_PB,D,20230412,000000,1.37,1.39,1.34,1.34,0,0
DAD_PB,D,20230413,000000,1.37,1.42,1.37,1.41,0,0
DAD_PB,D,20230414,000000,1.41,1.48,1.39,1.4,0,0
DAD_PB,D,20230417,000000,1.4,1.44,1.37,1.43,0,0
DAD_PB,D,20230418,000000,1.43,1.45,1.41,1.44,0,0
DAD_PB,D,20230419,000000,1.45,1.47,1.41,1.41,0,0
DAD_PB,D,20230420,000000,1.41,1.45,1.36,1.36,0,0
DAD_PB,D,20230421,000000,1.37,1.46,1.37,1.37,0,0
DAD_PB,D,20230424,000000,1.42,1.42,1.38,1.42,0,0
DAD_PB,D,20230425,000000,1.42,1.42,1.38,1.38,0,0
DAD_PB,D,20230426,000000,1.38,1.42,1.36,1.42,0,0
DAD_PB,D,20230427,000000,1.42,1.53,1.35,1.53,0,0
DAD_PB,D,20230428,000000,1.54,1.57,1.53,1.53,0,0
DAD_PB,D,20230502,000000,1.53,1.61,1.53,1.6,0,0
DAD_PB,D,20230504,000000,1.61,1.62,1.55,1.55,0,0
DAD_PB,D,20230505,000000,1.55,1.57,1.54,1.57,0,0
DAD_PB,D,20230508,000000,1.57,1.62,1.57,1.57,0,0
DAD_PB,D,20230509,000000,1.61,1.61,1.56,1.56,0,0
DAD_PB,D,20230510,000000,1.54,1.54,1.43,1.48,0,0
DAD_PB,D,20230511,000000,1.52,1.52,1.44,1.45,0,0
DAD_PB,D,20230512,000000,1.51,1.56,1.48,1.54,0,0
DAD_PB,D,20230515,000000,1.53,1.54,1.48,1.53,0,0
DAD_PB,D,20230516,000000,1.54,1.55,1.49,1.55,0,0
DAD_PB,D,20230517,000000,1.56,1.56,1.51,1.56,0,0
DAD_PB,D,20230518,000000,1.56,1.56,1.51,1.54,0,0
DAD_PB,D,20230519,000000,1.53,1.53,1.51,1.51,0,0
DAD_PB,D,20230522,000000,1.53,1.62,1.5,1.56,0,0
DAD_PB,D,20230523,000000,1.6,1.72,1.59,1.7,0,0
DAD_PB,D,20230524,000000,1.71,1.71,1.64,1.67,0,0
DAD_PB,D,20230525,000000,1.64,1.69,1.62,1.66,0,0
DAD_PB,D,20230526,000000,1.69,1.73,1.64,1.69,0,0
DAD_PB,D,20230529,000000,1.66,1.68,1.66,1.68,0,0
DAD_PB,D,20230530,000000,1.68,1.7,1.65,1.69,0,0
DAD_PB,D,20230531,000000,1.68,1.68,1.59,1.66,0,0
DAD_PB,D,20230601,000000,1.59,1.66,1.59,1.66,0,0
DAD_PB,D,20230602,000000,1.7,1.7,1.66,1.66,0,0
DAD_PB,D,20230605,000000,1.71,1.76,1.71,1.76,0,0
DAD_PB,D,20230606,000000,1.75,1.75,1.73,1.75,0,0
DAD_PB,D,20230607,000000,1.75,1.75,1.69,1.73,0,0
DAD_PB,D,20230609,000000,1.71,1.72,1.69,1.69,0,0
DAD_PB,D,20230612,000000,1.71,1.74,1.71,1.71,0,0
DAD_PB,D,20230613,000000,1.74,1.82,1.7,1.81,0,0
DAD_PB,D,20230614,000000,1.82,1.82,1.75,1.77,0,0
DAD_PB,D,20230615,000000,1.77,1.77,1.74,1.77,0,0
DAD_PB,D,20230616,000000,1.77,1.79,1.74,1.79,0,0
DAD_PB,D,20230619,000000,1.78,1.78,1.71,1.71,0,0
DAD_PB,D,20230620,000000,1.78,1.78,1.7,1.71,0,0
DAD_PB,D,20230621,000000,1.69,1.77,1.69,1.71,0,0
DAD_PB,D,20230622,000000,1.76,1.77,1.69,1.77,0,0
DAD_PB,D,20230623,000000,1.77,1.77,1.72,1.76,0,0
DAD_PB,D,20230626,000000,1.75,1.75,1.74,1.74,0,0
DAD_PB,D,20230627,000000,1.74,1.75,1.72,1.72,0,0
DAD_PB,D,20230628,000000,1.69,1.75,1.69,1.75,0,0
DAD_PB,D,20230629,000000,1.77,1.77,1.7,1.77,0,0
DAD_PB,D,20230630,000000,1.76,1.76,1.7,1.72,0,0
DAD_PB,D,20230703,000000,1.76,1.76,1.73,1.76,0,0
DAD_PB,D,20230704,000000,1.75,1.82,1.75,1.77,0,0
DAD_PB,D,20230705,000000,1.82,1.82,1.76,1.79,0,0
DAD_PB,D,20230706,000000,1.79,1.79,1.7,1.75,0,0
DAD_PB,D,20230707,000000,1.71,1.75,1.71,1.75,0,0
DAD_PB,D,20230710,000000,1.75,1.75,1.73,1.75,0,0
DAD_PB,D,20230711,000000,1.76,1.76,1.72,1.72,0,0
DAD_PB,D,20230712,000000,1.72,1.72,1.66,1.68,0,0
DAD_PB,D,20230713,000000,1.69,1.69,1.66,1.69,0,0
DAD_PB,D,20230714,000000,1.71,1.72,1.67,1.7,0,0
DAD_PB,D,20230717,000000,1.7,1.7,1.67,1.7,0,0
DAD_PB,D,20230718,000000,1.7,1.7,1.69,1.69,0,0
DAD_PB,D,20230719,000000,1.7,1.74,1.67,1.74,0,0
DAD_PB,D,20230720,000000,1.74,1.76,1.72,1.72,0,0
DAD_PB,D,20230721,000000,1.76,1.77,1.72,1.72,0,0
DAD_PB,D,20230724,000000,1.72,1.78,1.72,1.78,0,0
DAD_PB,D,20230725,000000,1.8,1.87,1.8,1.87,0,0
DAD_PB,D,20230726,000000,1.87,1.87,1.83,1.84,0,0
DAD_PB,D,20230727,000000,1.86,1.86,1.84,1.86,0,0
DAD_PB,D,20230728,000000,1.86,1.88,1.86,1.87,0,0
DAD_PB,D,20230731,000000,1.87,1.89,1.87,1.88,0,0
DAD_PB,D,20230801,000000,1.87,1.88,1.86,1.87,0,0
DAD_PB,D,20230802,000000,1.87,1.88,1.86,1.86,0,0
DAD_PB,D,20230803,000000,1.84,1.86,1.84,1.84,0,0
DAD_PB,D,20230804,000000,1.84,1.85,1.835,1.835,0,0
DAD_PB,D,20230807,000000,1.835,1.846,1.835,1.835,0,0
DAD_PB,D,20230808,000000,1.835,1.863,1.835,1.841,0,0
DAD_PB,D,20230809,000000,1.841,1.852,1.835,1.841,0,0
DAD_PB,D,20230810,000000,1.841,1.869,1.835,1.869,0,0
DAD_PB,D,20230811,000000,1.869,1.869,1.835,1.852,0,0
DAD_PB,D,20230814,000000,1.852,1.852,1.846,1.846,0,0
DAD_PB,D,20230816,000000,1.846,1.846,1.835,1.835,0,0
DAD_PB,D,20230817,000000,1.835,1.841,1.774,1.841,0,0
DAD_PB,D,20230818,000000,1.746,1.869,1.746,1.824,0,0
DAD_PB,D,20230821,000000,1.791,1.835,1.773,1.773,0,0
DAD_PB,D,20230822,000000,1.779,1.8,1.762,1.8,0,0
DAD_PB,D,20230823,000000,1.8,1.8,1.757,1.757,0,0
DAD_PB,D,20230824,000000,1.757,1.795,1.741,1.795,0,0
DAD_PB,D,20230825,000000,1.79,1.8,1.752,1.8,0,0
DAD_PB,D,20230828,000000,1.8,1.8,1.79,1.8,0,0
DAD_PB,D,20230829,000000,1.795,1.795,1.752,1.79,0,0
DAD_PB,D,20230830,000000,1.79,1.79,1.73,1.735,0,0
DAD_PB,D,20230831,000000,1.714,1.795,1.714,1.757,0,0
DAD_PB,D,20230901,000000,1.795,1.795,1.719,1.784,0,0
DAD_PB,D,20230904,000000,1.784,1.795,1.725,1.773,0,0
DAD_PB,D,20230905,000000,1.735,1.784,1.735,1.784,0,0
DAD_PB,D,20230906,000000,1.79,1.795,1.746,1.795,0,0
DAD_PB,D,20230907,000000,1.795,1.795,1.757,1.795,0,0
DAD_PB,D,20230908,000000,1.795,1.795,1.762,1.779,0,0
DAD_PB,D,20230911,000000,1.806,1.806,1.79,1.8,0,0
DAD_PB,D,20230912,000000,1.8,1.8,1.79,1.79,0,0
DAD_PB,D,20230913,000000,1.8,1.8,1.79,1.79,0,0
DAD_PB,D,20230914,000000,1.79,1.795,1.768,1.79,0,0
DAD_PB,D,20230915,000000,1.795,1.795,1.795,1.795,0,0
DAD_PB,D,20230918,000000,1.795,1.795,1.746,1.79,0,0
DAD_PB,D,20230919,000000,1.79,1.79,1.768,1.79,0,0
DAD_PB,D,20230920,000000,1.784,1.79,1.746,1.79,0,0
DAD_PB,D,20230921,000000,1.795,1.795,1.746,1.746,0,0
DAD_PB,D,20230922,000000,1.746,1.746,1.746,1.746,0,0
DAD_PB,D,20230925,000000,1.79,1.795,1.773,1.79,0,0
DAD_PB,D,20230926,000000,1.795,1.795,1.741,1.79,0,0
DAD_PB,D,20230927,000000,1.779,1.779,1.779,1.779,0,0
DAD_PB,D,20230928,000000,1.779,1.795,1.752,1.79,0,0
DAD_PB,D,20230929,000000,1.79,1.79,1.768,1.768,0,0
DAD_PB,D,20231002,000000,1.746,1.822,1.746,1.79,0,0
DAD_PB,D,20231003,000000,1.79,1.822,1.768,1.79,0,0
DAD_PB,D,20231004,000000,1.806,1.806,1.762,1.768,0,0
