<TICKER>,<PER>,<DATE>,<TIME>,<OPEN>,<HIGH>,<LOW>,<CLOSE>,<VOL>,<OPENINT>
GIF_MV,D,20200723,000000,68.508,68.508,68.508,68.508,0,0
GIF_MV,D,20200724,000000,154.25,154.25,117.09,138.34,0,0
GIF_MV,D,20200727,000000,154.7,176.79,146.76,176.79,0,0
GIF_MV,D,20200728,000000,198.89,212.17,161.11,161.11,0,0
GIF_MV,D,20200729,000000,160.88,160.88,141.44,149.39,0,0
GIF_MV,D,20200730,000000,152.49,152.49,121.99,121.99,0,0
GIF_MV,D,20200804,000000,145.86,145.86,131.27,137.02,0,0
GIF_MV,D,20200805,000000,142.32,142.32,130.39,131.05,0,0
GIF_MV,D,20200806,000000,134.81,134.81,118.89,121.55,0,0
GIF_MV,D,20200807,000000,125.52,125.52,110.58,116.24,0,0
GIF_MV,D,20200810,000000,121.99,121.99,114.12,114.92,0,0
GIF_MV,D,20200811,000000,114.26,114.26,99.91,103.92,0,0
GIF_MV,D,20200812,000000,102.12,102.12,92.817,97.659,0,0
GIF_MV,D,20200813,000000,97.659,108.29,97.659,108.29,0,0
GIF_MV,D,20200814,000000,112.71,115.36,111.82,111.82,0,0
GIF_MV,D,20200817,000000,116.24,116.24,105.63,110.5,0,0
GIF_MV,D,20200818,000000,116.03,116.03,106.13,107.84,0,0
GIF_MV,D,20200819,000000,103.87,112.67,102.59,110.5,0,0
GIF_MV,D,20200820,000000,111.73,114.47,106.1,109.17,0,0
GIF_MV,D,20200821,000000,109.17,110.03,106.15,108.29,0,0
GIF_MV,D,20200824,000000,109.17,116.24,106.08,109.17,0,0
GIF_MV,D,20200825,000000,112.26,112.69,110.5,112.67,0,0
GIF_MV,D,20200826,000000,116.11,116.11,113.15,113.2,0,0
GIF_MV,D,20200827,000000,114.47,116.24,111.03,113.59,0,0
GIF_MV,D,20200828,000000,114.92,114.92,110.5,113.59,0,0
GIF_MV,D,20200831,000000,110.55,110.94,108.29,110.94,0,0
GIF_MV,D,20200901,000000,111.16,111.4,105.19,108.29,0,0
GIF_MV,D,20200902,000000,109.61,112.71,106.52,108.29,0,0
GIF_MV,D,20200903,000000,110.92,110.92,108.39,110.05,0,0
GIF_MV,D,20200904,000000,104.75,106.08,102.1,102.32,0,0
GIF_MV,D,20200907,000000,103.87,107.31,98.563,105.63,0,0
GIF_MV,D,20200908,000000,103.87,103.87,81.267,98.828,0,0
GIF_MV,D,20200909,000000,92.817,95.665,92.817,93.701,0,0
GIF_MV,D,20200910,000000,93.701,98.936,92.817,96.353,0,0
GIF_MV,D,20200911,000000,99.447,102.5,99.005,99.496,0,0
GIF_MV,D,20200914,000000,101.66,101.66,99.005,99.025,0,0
GIF_MV,D,20200915,000000,99.025,101.59,94.015,95.027,0,0
GIF_MV,D,20200916,000000,95.027,97.237,94.143,96.795,0,0
GIF_MV,D,20200917,000000,100.68,100.68,95.027,98.121,0,0
GIF_MV,D,20200918,000000,100.33,100.33,93.721,95.253,0,0
GIF_MV,D,20200921,000000,95.253,96.795,88.839,92.817,0,0
GIF_MV,D,20200922,000000,92.817,92.817,85.922,92.778,0,0
GIF_MV,D,20200923,000000,92.817,92.817,83.977,86.983,0,0
GIF_MV,D,20200924,000000,87.955,87.955,83.103,83.977,0,0
GIF_MV,D,20200925,000000,83.977,83.977,77.348,81.728,0,0
GIF_MV,D,20200928,000000,81.728,83.604,79.145,81.325,0,0
GIF_MV,D,20200929,000000,83.977,88.397,83.093,87.965,0,0
GIF_MV,D,20200930,000000,90.342,90.342,83.977,84.861,0,0
GIF_MV,D,20201001,000000,88.368,88.368,83.977,84.419,0,0
GIF_MV,D,20201002,000000,83.535,83.545,77.348,79.558,0,0
GIF_MV,D,20201005,000000,81.502,83.751,80.658,81.767,0,0
GIF_MV,D,20201006,000000,83.093,83.093,79.607,79.607,0,0
GIF_MV,D,20201007,000000,79.607,81.767,79.548,79.558,0,0
GIF_MV,D,20201008,000000,79.558,81.679,78.232,81.679,0,0
GIF_MV,D,20201009,000000,81.767,81.767,77.348,79.469,0,0
GIF_MV,D,20201012,000000,81.325,81.325,75.128,75.806,0,0
GIF_MV,D,20201013,000000,74.038,74.038,66.661,70.708,0,0
GIF_MV,D,20201014,000000,67.182,69.392,64.088,66.298,0,0
GIF_MV,D,20201015,000000,66.298,76.906,66.298,70.06,0,0
GIF_MV,D,20201016,000000,68.154,78.015,68.154,74.607,0,0
GIF_MV,D,20201019,000000,77.397,83.977,71.16,80.442,0,0
GIF_MV,D,20201020,000000,81.325,82.612,75.629,79.518,0,0
GIF_MV,D,20201021,000000,83.319,86.187,79.636,81.325,0,0
GIF_MV,D,20201022,000000,81.325,83.437,73.419,79.558,0,0
GIF_MV,D,20201023,000000,79.558,79.558,73.547,76.464,0,0
GIF_MV,D,20201026,000000,79.341,79.341,71.602,74.696,0,0
GIF_MV,D,20201027,000000,72.928,76.454,70.718,70.718,0,0
GIF_MV,D,20201028,000000,70.276,70.629,61.878,66.298,0,0
GIF_MV,D,20201029,000000,62.85,66.2,59.717,61.456,0,0
GIF_MV,D,20201030,000000,60.552,63.558,59.963,63.558,0,0
GIF_MV,D,20201102,000000,65.64,65.64,59.668,61.426,0,0
GIF_MV,D,20201103,000000,62.762,62.762,60.061,61.829,0,0
GIF_MV,D,20201104,000000,61.829,65.502,61.829,63.646,0,0
GIF_MV,D,20201105,000000,65.502,67.614,64.088,67.496,0,0
GIF_MV,D,20201106,000000,70.276,70.276,64.088,67.319,0,0
GIF_MV,D,20201109,000000,69.706,69.706,63.204,66.298,0,0
GIF_MV,D,20201110,000000,64.078,65.63,63.646,64.088,0,0
GIF_MV,D,20201112,000000,64.088,74.696,63.646,74.696,0,0
GIF_MV,D,20201113,000000,78.232,78.232,69.264,72.613,0,0
GIF_MV,D,20201116,000000,72.623,72.928,66.524,66.524,0,0
GIF_MV,D,20201117,000000,66.524,70.011,66.524,66.652,0,0
GIF_MV,D,20201118,000000,66.74,70.276,66.612,70.276,0,0
GIF_MV,D,20201119,000000,71.16,72.918,67.673,70.679,0,0
GIF_MV,D,20201120,000000,70.718,71.946,66.74,70.718,0,0
GIF_MV,D,20201123,000000,72.486,72.486,66.74,70.276,0,0
GIF_MV,D,20201124,000000,70.276,72.27,67.83,68.115,0,0
GIF_MV,D,20201125,000000,70.718,70.806,67.192,67.192,0,0
GIF_MV,D,20201126,000000,70.698,70.698,67.408,67.408,0,0
GIF_MV,D,20201127,000000,68.233,68.734,66.74,66.76,0,0
GIF_MV,D,20201130,000000,67.182,67.182,66.298,66.956,0,0
GIF_MV,D,20201201,000000,64.176,67.182,64.176,66.298,0,0
GIF_MV,D,20201202,000000,66.966,67.182,65.846,66.74,0,0
GIF_MV,D,20201203,000000,67.182,67.182,65.856,67.162,0,0
GIF_MV,D,20201204,000000,67.162,67.162,63.165,64.933,0,0
GIF_MV,D,20201207,000000,66.033,66.033,64.186,65.414,0,0
GIF_MV,D,20201208,000000,66.259,66.259,64.756,64.756,0,0
GIF_MV,D,20201209,000000,65.414,70.718,65.149,70.718,0,0
GIF_MV,D,20201210,000000,70.718,70.718,65.463,66.298,0,0
GIF_MV,D,20201211,000000,67.182,67.182,64.137,66.298,0,0
GIF_MV,D,20201214,000000,66.298,66.298,62.762,63.43,0,0
GIF_MV,D,20201215,000000,62.32,64.039,61.878,63.43,0,0
GIF_MV,D,20201216,000000,62.762,64.53,61.927,62.772,0,0
GIF_MV,D,20201217,000000,63.204,63.695,62.556,62.566,0,0
GIF_MV,D,20201218,000000,63.204,63.204,57.468,61.839,0,0
GIF_MV,D,20201221,000000,61.79,61.79,57.949,59.668,0,0
GIF_MV,D,20201222,000000,61.79,61.79,58.873,59.629,0,0
GIF_MV,D,20201223,000000,59.629,60.994,58.038,60.984,0,0
GIF_MV,D,20201228,000000,60.552,60.552,56.8,57.203,0,0
GIF_MV,D,20201229,000000,57.458,59.668,57.458,59.668,0,0
GIF_MV,D,20201230,000000,59.668,61.839,59.668,59.933,0,0
GIF_MV,D,20210104,000000,60.552,77.348,60.552,77.348,0,0
GIF_MV,D,20210105,000000,80.225,97.237,80.225,88.397,0,0
GIF_MV,D,20210107,000000,88.397,96.795,81.856,88.839,0,0
GIF_MV,D,20210108,000000,92.817,92.817,82.651,85.264,0,0
GIF_MV,D,20210111,000000,87.513,92.071,83.093,88.397,0,0
GIF_MV,D,20210112,000000,93.701,93.701,84.331,87.071,0,0
GIF_MV,D,20210113,000000,87.955,88.397,81.777,84.557,0,0
GIF_MV,D,20210114,000000,83.977,84.419,77.397,79.558,0,0
GIF_MV,D,20210115,000000,79.558,81.021,79.116,79.116,0,0
GIF_MV,D,20210118,000000,77.574,99.005,77.574,99.005,0,0
GIF_MV,D,20210119,000000,97.905,101.2,97.905,98.73,0,0
GIF_MV,D,20210120,000000,98.357,100.1,97.63,97.915,0,0
GIF_MV,D,20210121,000000,97.689,98.946,90.204,95.096,0,0
GIF_MV,D,20210122,000000,95.685,95.685,90.813,91.58,0,0
GIF_MV,D,20210125,000000,91.58,94.88,90.204,90.204,0,0
GIF_MV,D,20210126,000000,90.204,91.756,88.279,91.305,0,0
GIF_MV,D,20210127,000000,93.505,101.21,93.505,96.196,0,0
GIF_MV,D,20210128,000000,96.53,96.53,91.305,95.155,0,0
GIF_MV,D,20210129,000000,95.155,96.137,92.434,92.464,0,0
GIF_MV,D,20210201,000000,92.189,93.23,90.755,91.334,0,0
GIF_MV,D,20210202,000000,92.405,92.405,90.755,91.855,0,0
GIF_MV,D,20210203,000000,91.305,98.386,90.755,90.755,0,0
GIF_MV,D,20210204,000000,92.405,92.886,90.755,91.855,0,0
GIF_MV,D,20210205,000000,92.405,95.096,91.363,92.375,0,0
GIF_MV,D,20210208,000000,92.375,93.446,91.305,91.305,0,0
GIF_MV,D,20210209,000000,92.405,92.405,90.755,91.246,0,0
GIF_MV,D,20210210,000000,91.845,91.845,88.898,89.438,0,0
GIF_MV,D,20210211,000000,90.755,91.58,89.104,91.58,0,0
GIF_MV,D,20210212,000000,91.58,94.025,91.58,92.896,0,0
GIF_MV,D,20210215,000000,92.955,94.33,91.413,93.23,0,0
GIF_MV,D,20210216,000000,93.514,93.514,91.295,93.338,0,0
GIF_MV,D,20210217,000000,93.338,93.338,90.755,90.755,0,0
GIF_MV,D,20210218,000000,92.405,92.405,89.212,90.204,0,0
GIF_MV,D,20210219,000000,89.104,90.204,86.963,86.963,0,0
GIF_MV,D,20210222,000000,91.187,91.187,86.079,89.026,0,0
GIF_MV,D,20210223,000000,89.546,90.106,86.138,86.354,0,0
GIF_MV,D,20210224,000000,86.354,89.527,85.244,89.487,0,0
GIF_MV,D,20210225,000000,90.096,90.096,88.004,88.004,0,0
GIF_MV,D,20210226,000000,87.995,87.995,85.195,86.344,0,0
GIF_MV,D,20210301,000000,83.673,86.796,83.673,86.796,0,0
GIF_MV,D,20210302,000000,86.796,88.004,85.254,85.313,0,0
GIF_MV,D,20210303,000000,87.454,87.454,85.313,85.814,0,0
GIF_MV,D,20210304,000000,84.488,85.804,83.437,83.712,0,0
GIF_MV,D,20210305,000000,85.254,86.57,81.954,83.054,0,0
GIF_MV,D,20210308,000000,82.013,85.421,81.64,85.421,0,0
GIF_MV,D,20210309,000000,83.113,85.411,83.113,84.154,0,0
GIF_MV,D,20210310,000000,85.254,87.395,82.995,85.264,0,0
GIF_MV,D,20210311,000000,85.264,87.17,84.419,86.138,0,0
GIF_MV,D,20210312,000000,86.138,86.138,84.704,84.704,0,0
GIF_MV,D,20210315,000000,85.254,85.254,82.229,82.504,0,0
GIF_MV,D,20210316,000000,83.604,84.871,82.504,82.524,0,0
GIF_MV,D,20210317,000000,83.545,84.626,82.504,83.388,0,0
GIF_MV,D,20210318,000000,83.604,84.694,82.524,83.054,0,0
GIF_MV,D,20210319,000000,84.37,84.37,82.779,83.064,0,0
GIF_MV,D,20210322,000000,83.113,83.113,81.964,83.025,0,0
GIF_MV,D,20210323,000000,84.095,84.095,81.522,82.995,0,0
GIF_MV,D,20210324,000000,82.995,82.995,80.854,82.484,0,0
GIF_MV,D,20210325,000000,81.404,82.484,77.004,79.204,0,0
GIF_MV,D,20210326,000000,81.404,81.404,77.004,81.394,0,0
GIF_MV,D,20210329,000000,81.394,82.504,77.063,82.504,0,0
GIF_MV,D,20210330,000000,85.794,86.629,83.064,86.629,0,0
GIF_MV,D,20210331,000000,87.945,87.945,82.74,83.054,0,0
GIF_MV,D,20210401,000000,83.054,83.054,79.204,80.854,0,0
GIF_MV,D,20210406,000000,81.738,85.146,80.638,85.038,0,0
GIF_MV,D,20210407,000000,84.92,86.462,82.72,84.37,0,0
GIF_MV,D,20210408,000000,84.488,85.254,83.496,85.038,0,0
GIF_MV,D,20210409,000000,85.038,90.204,84.92,88.112,0,0
GIF_MV,D,20210412,000000,88.554,90.096,87.12,88.888,0,0
GIF_MV,D,20210413,000000,89.654,90.204,87.896,88.996,0,0
GIF_MV,D,20210414,000000,88.996,89.988,88.112,88.888,0,0
GIF_MV,D,20210415,000000,88.004,88.996,85.254,88.004,0,0
GIF_MV,D,20210416,000000,88.004,88.004,86.246,87.346,0,0
GIF_MV,D,20210419,000000,86.246,86.354,84.596,84.596,0,0
GIF_MV,D,20210420,000000,84.596,84.704,81.846,82.838,0,0
GIF_MV,D,20210421,000000,82.72,82.72,80.52,80.52,0,0
GIF_MV,D,20210422,000000,80.52,81.954,78.104,80.854,0,0
GIF_MV,D,20210423,000000,78.988,81.07,78.762,80.638,0,0
GIF_MV,D,20210426,000000,79.862,80.52,77.996,79.754,0,0
GIF_MV,D,20210427,000000,80.304,80.304,78.104,78.212,0,0
GIF_MV,D,20210428,000000,78.654,79.754,77.888,78.212,0,0
GIF_MV,D,20210429,000000,79.538,84.154,78.654,83.712,0,0
GIF_MV,D,20210430,000000,83.604,83.604,80.196,81.846,0,0
GIF_MV,D,20210504,000000,82.504,82.504,80.638,81.404,0,0
GIF_MV,D,20210505,000000,81.404,81.404,79.42,80.638,0,0
GIF_MV,D,20210506,000000,80.304,82.17,78.654,79.096,0,0
GIF_MV,D,20210507,000000,80.304,81.846,79.204,81.512,0,0
GIF_MV,D,20210510,000000,81.188,82.288,80.638,81.07,0,0
GIF_MV,D,20210511,000000,80.52,81.404,79.204,80.304,0,0
GIF_MV,D,20210512,000000,80.962,82.062,79.538,80.304,0,0
GIF_MV,D,20210513,000000,80.75,81.65,79.52,79.52,0,0
GIF_MV,D,20210514,000000,79.63,81.2,79.52,80.98,0,0
GIF_MV,D,20210517,000000,79.52,81.31,79.18,81.31,0,0
GIF_MV,D,20210518,000000,81.42,81.42,77.84,78.96,0,0
GIF_MV,D,20210519,000000,78.74,78.85,75.6,76.72,0,0
GIF_MV,D,20210520,000000,76.05,77.84,75.71,77.06,0,0
GIF_MV,D,20210521,000000,77.62,78.85,77.62,78.85,0,0
GIF_MV,D,20210524,000000,79.74,83.55,79.63,81.2,0,0
GIF_MV,D,20210525,000000,81.2,81.2,78.85,80.75,0,0
GIF_MV,D,20210526,000000,81.2,83.22,80.64,80.64,0,0
GIF_MV,D,20210527,000000,82.21,82.21,79.52,80.86,0,0
GIF_MV,D,20210528,000000,80.75,80.75,78.85,80.64,0,0
GIF_MV,D,20210531,000000,78.4,79.52,77.84,77.84,0,0
GIF_MV,D,20210601,000000,77.95,78.96,76.5,78.4,0,0
GIF_MV,D,20210602,000000,77.84,78.29,77.62,78.29,0,0
GIF_MV,D,20210604,000000,79.3,79.3,77.95,78.4,0,0
GIF_MV,D,20210607,000000,78.51,80.08,77.84,79.3,0,0
GIF_MV,D,20210608,000000,79.3,79.3,77.84,79.18,0,0
GIF_MV,D,20210609,000000,79.52,79.63,77.73,79.41,0,0
GIF_MV,D,20210610,000000,78.96,78.96,77.84,78.4,0,0
GIF_MV,D,20210611,000000,78.96,78.96,77.84,78.96,0,0
GIF_MV,D,20210614,000000,79.18,79.52,77.5,79.52,0,0
GIF_MV,D,20210615,000000,79.97,79.97,77.84,78.96,0,0
GIF_MV,D,20210616,000000,77.84,78.96,76.27,78.96,0,0
GIF_MV,D,20210617,000000,79.41,79.41,75.6,77.17,0,0
GIF_MV,D,20210618,000000,76.72,76.83,75.94,76.16,0,0
GIF_MV,D,20210621,000000,76.16,76.16,72.8,74.48,0,0
GIF_MV,D,20210622,000000,75.26,75.6,72.8,73.36,0,0
GIF_MV,D,20210623,000000,74.37,74.37,72.8,74.26,0,0
GIF_MV,D,20210624,000000,75.15,75.15,72.8,74.14,0,0
GIF_MV,D,20210625,000000,74.14,74.14,70,72.69,0,0
GIF_MV,D,20210628,000000,70.78,72.58,70.78,71.12,0,0
GIF_MV,D,20210629,000000,71.12,72.8,70.56,70.56,0,0
GIF_MV,D,20210630,000000,72.02,72.02,70,71.12,0,0
GIF_MV,D,20210701,000000,72.02,72.8,71.12,72.8,0,0
GIF_MV,D,20210702,000000,72.46,73.7,71.68,72.35,0,0
GIF_MV,D,20210705,000000,72.24,72.24,71.34,71.34,0,0
GIF_MV,D,20210706,000000,70.78,72.13,70.56,70.78,0,0
GIF_MV,D,20210707,000000,71.9,73.25,70.9,73.25,0,0
GIF_MV,D,20210708,000000,73.25,73.25,71.34,72.8,0,0
GIF_MV,D,20210709,000000,73.25,73.25,71.79,73.02,0,0
GIF_MV,D,20210712,000000,73.02,73.02,71.12,71.12,0,0
GIF_MV,D,20210713,000000,72.8,73.14,70.9,71.12,0,0
GIF_MV,D,20210714,000000,71.12,71.12,70.67,71.01,0,0
GIF_MV,D,20210715,000000,71.01,72.24,70.56,72.13,0,0
GIF_MV,D,20210716,000000,71.01,71.68,71.01,71.68,0,0
GIF_MV,D,20210719,000000,72.69,72.69,68.99,69.44,0,0
GIF_MV,D,20210720,000000,69.89,70.45,68.88,69.89,0,0
GIF_MV,D,20210721,000000,70.11,70.11,68.32,68.32,0,0
GIF_MV,D,20210722,000000,70,72.24,68.77,69.89,0,0
GIF_MV,D,20210723,000000,69.44,69.44,65.74,67.2,0,0
GIF_MV,D,20210726,000000,67.2,67.2,65.63,67.2,0,0
GIF_MV,D,20210727,000000,65.52,67.2,62.83,65.63,0,0
GIF_MV,D,20210728,000000,65.97,65.97,62.72,64.4,0,0
GIF_MV,D,20210729,000000,64.4,64.4,60.82,60.82,0,0
GIF_MV,D,20210730,000000,61.49,63.06,60.59,63.06,0,0
GIF_MV,D,20210802,000000,63.5,63.5,59.92,61.15,0,0
GIF_MV,D,20210803,000000,58.8,58.8,57.68,58.24,0,0
GIF_MV,D,20210804,000000,57.57,59.92,55.55,56,0,0
GIF_MV,D,20210805,000000,56,57.12,54.88,57.12,0,0
GIF_MV,D,20210806,000000,55.44,57.12,55.44,56.78,0,0
GIF_MV,D,20210809,000000,56.78,56.78,53.82,53.82,0,0
GIF_MV,D,20210810,000000,54.32,55.38,54.32,55.22,0,0
GIF_MV,D,20210811,000000,55.16,55.27,54.99,54.99,0,0
GIF_MV,D,20210812,000000,54.99,55.61,54.77,55.61,0,0
GIF_MV,D,20210813,000000,55.94,55.94,54.15,55.66,0,0
GIF_MV,D,20210816,000000,55.66,55.66,53.82,54.6,0,0
GIF_MV,D,20210817,000000,55.38,57.12,54.32,57.01,0,0
GIF_MV,D,20210818,000000,57.12,58.24,53.7,55.22,0,0
GIF_MV,D,20210819,000000,55.22,55.55,53.48,53.98,0,0
GIF_MV,D,20210820,000000,53.76,53.76,51.07,51.69,0,0
GIF_MV,D,20210823,000000,51.69,51.69,49.84,49.95,0,0
GIF_MV,D,20210824,000000,49.95,57.46,49.95,57.46,0,0
GIF_MV,D,20210825,000000,58.8,63.84,58.13,60.14,0,0
GIF_MV,D,20210826,000000,59.14,59.81,56,56,0,0
GIF_MV,D,20210827,000000,56,59.25,56,57.34,0,0
GIF_MV,D,20210830,000000,56,57.46,55.44,55.44,0,0
GIF_MV,D,20210831,000000,56,57.79,55.44,57.46,0,0
GIF_MV,D,20210901,000000,57.68,57.79,56.56,57.12,0,0
GIF_MV,D,20210902,000000,56,56.78,53.2,56.45,0,0
GIF_MV,D,20210903,000000,56.78,57.12,54.88,56.9,0,0
GIF_MV,D,20210906,000000,57.01,57.46,54.99,55.78,0,0
GIF_MV,D,20210907,000000,55.78,57.01,55.44,55.55,0,0
GIF_MV,D,20210908,000000,55.94,57.12,55.27,56,0,0
GIF_MV,D,20210909,000000,57.34,57.34,53.31,53.65,0,0
GIF_MV,D,20210910,000000,56.9,56.9,53.65,56,0,0
GIF_MV,D,20210913,000000,56.45,56.45,54.6,56.22,0,0
GIF_MV,D,20210914,000000,56.22,56.34,55.05,56.34,0,0
GIF_MV,D,20210915,000000,56.56,56.56,56,56.45,0,0
GIF_MV,D,20210916,000000,56.34,56.56,55.38,56.45,0,0
GIF_MV,D,20210917,000000,56,57.34,56,56.9,0,0
GIF_MV,D,20210920,000000,56.9,56.9,54.6,55.27,0,0
GIF_MV,D,20210921,000000,54.43,55.72,54.32,55.72,0,0
GIF_MV,D,20210922,000000,55.72,56,54.94,55.94,0,0
GIF_MV,D,20210923,000000,55.44,56.22,55.44,56.22,0,0
GIF_MV,D,20210924,000000,54.99,56,54.88,55.89,0,0
GIF_MV,D,20210927,000000,54.88,55.72,54.66,55.72,0,0
GIF_MV,D,20210928,000000,55.66,56,54.32,55.72,0,0
GIF_MV,D,20210929,000000,55.66,55.89,54.94,55.83,0,0
GIF_MV,D,20210930,000000,55.83,55.83,54.49,55.61,0,0
GIF_MV,D,20211001,000000,55.61,55.61,54.54,55.33,0,0
GIF_MV,D,20211004,000000,55.61,55.83,52.92,55.38,0,0
GIF_MV,D,20211005,000000,55.33,55.61,54.71,55.61,0,0
GIF_MV,D,20211006,000000,55.55,56.11,54.32,55.72,0,0
GIF_MV,D,20211007,000000,55.38,56.11,54.88,55.72,0,0
GIF_MV,D,20211008,000000,55.44,56,55.1,55.94,0,0
GIF_MV,D,20211011,000000,56.45,56.9,55.27,56.56,0,0
GIF_MV,D,20211012,000000,56.56,57.01,56,57.01,0,0
GIF_MV,D,20211013,000000,57.01,59.58,56.22,59.58,0,0
GIF_MV,D,20211014,000000,59.7,61.49,57.68,57.68,0,0
GIF_MV,D,20211015,000000,57.79,59.92,57.68,58.8,0,0
GIF_MV,D,20211018,000000,59.36,60.82,59.36,59.7,0,0
GIF_MV,D,20211019,000000,60.37,60.37,55.44,57.9,0,0
GIF_MV,D,20211020,000000,57.9,57.9,55.44,56.78,0,0
GIF_MV,D,20211021,000000,56.78,56.78,54.94,54.99,0,0
GIF_MV,D,20211022,000000,55.44,55.94,54.99,55.83,0,0
GIF_MV,D,20211025,000000,55.83,56,55.44,55.44,0,0
GIF_MV,D,20211026,000000,55.94,56,54.94,55.94,0,0
GIF_MV,D,20211027,000000,55.16,56,55.16,55.94,0,0
GIF_MV,D,20211028,000000,55.94,56,53.76,55.72,0,0
GIF_MV,D,20211029,000000,55.72,56,54.88,56,0,0
GIF_MV,D,20211102,000000,56,56,53.82,55.66,0,0
GIF_MV,D,20211103,000000,55.89,55.89,54.49,55.72,0,0
GIF_MV,D,20211104,000000,55.78,55.83,54.66,54.66,0,0
GIF_MV,D,20211105,000000,55.38,55.38,53.76,54.32,0,0
GIF_MV,D,20211108,000000,54.32,55.66,53.76,53.76,0,0
GIF_MV,D,20211109,000000,54.04,54.82,52.7,54.04,0,0
GIF_MV,D,20211110,000000,54.21,54.21,51.41,53.2,0,0
GIF_MV,D,20211112,000000,52.08,53.48,52.08,53.14,0,0
GIF_MV,D,20211115,000000,53.2,53.2,52.08,53.14,0,0
GIF_MV,D,20211116,000000,53.2,53.2,51.74,53.2,0,0
GIF_MV,D,20211117,000000,53.09,53.09,51.24,51.69,0,0
GIF_MV,D,20211118,000000,51.69,51.69,50.4,50.68,0,0
GIF_MV,D,20211119,000000,50.4,51.35,50.4,50.96,0,0
GIF_MV,D,20211122,000000,50.96,50.96,49,49.84,0,0
GIF_MV,D,20211123,000000,49.84,49.84,49.22,49.28,0,0
GIF_MV,D,20211124,000000,49.5,49.5,48.83,49,0,0
GIF_MV,D,20211125,000000,49.5,49.5,48.27,48.27,0,0
GIF_MV,D,20211126,000000,48.27,49.22,47.88,48.44,0,0
GIF_MV,D,20211129,000000,49,49,39.98,39.98,0,0
GIF_MV,D,20211130,000000,39.93,40.88,37.52,39.76,0,0
GIF_MV,D,20211201,000000,40.6,41.64,40.6,41.64,0,0
GIF_MV,D,20211202,000000,42.49,42.49,40.52,41.64,0,0
GIF_MV,D,20211203,000000,41.64,41.64,39.51,40.46,0,0
GIF_MV,D,20211206,000000,40.46,41.03,37.82,39.62,0,0
GIF_MV,D,20211207,000000,39.39,41.53,39.39,40.91,0,0
GIF_MV,D,20211208,000000,41.08,41.25,40.8,41.08,0,0
GIF_MV,D,20211209,000000,41.53,41.53,39.84,40.63,0,0
GIF_MV,D,20211210,000000,40.63,41.08,39.96,41.08,0,0
GIF_MV,D,20211213,000000,41.08,41.08,39.96,40.91,0,0
GIF_MV,D,20211214,000000,39.45,40.58,39.39,39.96,0,0
GIF_MV,D,20211215,000000,39.39,40.52,39.39,40.07,0,0
GIF_MV,D,20211216,000000,40.52,40.52,39.45,39.79,0,0
GIF_MV,D,20211217,000000,40.46,40.46,39.39,39.39,0,0
GIF_MV,D,20211220,000000,39.39,39.39,38.1,38.72,0,0
GIF_MV,D,20211221,000000,38.83,38.83,36.81,37.71,0,0
GIF_MV,D,20211222,000000,37.71,37.71,37.03,37.59,0,0
GIF_MV,D,20211223,000000,37.59,37.59,36.02,37.14,0,0
GIF_MV,D,20211227,000000,36.86,37.09,34.33,34.33,0,0
GIF_MV,D,20211228,000000,34.33,35.57,33.77,34.89,0,0
GIF_MV,D,20211229,000000,35.68,39.39,35.68,39.39,0,0
GIF_MV,D,20211230,000000,39.39,39.39,38.49,39.23,0,0
GIF_MV,D,20220103,000000,39.23,41.98,39.23,41.36,0,0
GIF_MV,D,20220104,000000,41.64,42.1,41.64,42.1,0,0
GIF_MV,D,20220105,000000,42.04,42.21,42.04,42.21,0,0
GIF_MV,D,20220107,000000,42.21,50.31,42.21,50.09,0,0
GIF_MV,D,20220110,000000,51.21,56.28,51.21,55.71,0,0
GIF_MV,D,20220111,000000,56.73,56.73,53.46,54.81,0,0
GIF_MV,D,20220112,000000,55.1,55.1,52.34,53.41,0,0
GIF_MV,D,20220113,000000,53.41,53.41,50.82,51.04,0,0
GIF_MV,D,20220114,000000,51.21,51.49,50.65,51.21,0,0
GIF_MV,D,20220117,000000,51.21,51.21,50.42,50.42,0,0
GIF_MV,D,20220118,000000,50.42,50.42,47.27,48.96,0,0
GIF_MV,D,20220119,000000,48.62,48.62,45.02,46.77,0,0
GIF_MV,D,20220120,000000,45.36,47.22,45.36,47.22,0,0
GIF_MV,D,20220121,000000,47.16,47.22,45.92,47.05,0,0
GIF_MV,D,20220124,000000,47.22,47.22,42.26,42.38,0,0
GIF_MV,D,20220125,000000,42.21,44.35,42.21,42.77,0,0
GIF_MV,D,20220126,000000,43.33,45.3,42.66,43.61,0,0
GIF_MV,D,20220127,000000,43.61,46.15,43.61,46.15,0,0
GIF_MV,D,20220128,000000,47.05,47.1,43.28,45.53,0,0
GIF_MV,D,20220131,000000,42.83,46.15,42.83,46.15,0,0
GIF_MV,D,20220201,000000,46.15,46.15,44.85,46.15,0,0
GIF_MV,D,20220202,000000,46.15,47.1,45.02,46.6,0,0
GIF_MV,D,20220203,000000,46.6,46.6,45.08,46.43,0,0
GIF_MV,D,20220204,000000,46.32,46.43,45.75,46.26,0,0
GIF_MV,D,20220207,000000,45.87,46.26,45.08,46.26,0,0
GIF_MV,D,20220208,000000,46.26,46.26,46.15,46.15,0,0
GIF_MV,D,20220209,000000,46.26,46.71,46.26,46.71,0,0
GIF_MV,D,20220210,000000,46.71,46.71,45.58,46.71,0,0
GIF_MV,D,20220211,000000,47.27,47.27,43.9,46.32,0,0
GIF_MV,D,20220214,000000,45.02,45.02,40.52,42.77,0,0
GIF_MV,D,20220215,000000,42.55,44.63,41.64,44.63,0,0
GIF_MV,D,20220216,000000,46.15,46.15,42.83,44.35,0,0
GIF_MV,D,20220217,000000,45.98,45.98,43.11,43.9,0,0
GIF_MV,D,20220218,000000,43.9,43.9,43.84,43.84,0,0
GIF_MV,D,20220221,000000,43.9,43.9,41.64,43.84,0,0
GIF_MV,D,20220222,000000,43.9,46.6,41.76,46.6,0,0
GIF_MV,D,20220223,000000,46.6,46.82,45.02,45.02,0,0
GIF_MV,D,20220224,000000,43.84,43.84,36.64,40.52,0,0
GIF_MV,D,20220225,000000,40.52,43.33,38.27,43.33,0,0
GIF_MV,D,20220228,000000,43.56,43.56,40.52,42.94,0,0
GIF_MV,D,20220301,000000,44.97,44.97,41.19,43.33,0,0
GIF_MV,D,20220302,000000,43.33,43.33,40.74,43.16,0,0
GIF_MV,D,20220303,000000,43.16,43.16,40.8,41.64,0,0
GIF_MV,D,20220304,000000,43.16,43.16,40.8,41.64,0,0
GIF_MV,D,20220307,000000,41.64,41.64,40.07,41.31,0,0
GIF_MV,D,20220308,000000,43.16,43.16,40.18,40.18,0,0
GIF_MV,D,20220309,000000,43.16,43.16,40.18,40.24,0,0
GIF_MV,D,20220310,000000,40.52,41.36,40.24,41.36,0,0
GIF_MV,D,20220311,000000,42.77,44.46,41.36,44.46,0,0
GIF_MV,D,20220314,000000,44.46,44.46,42.77,44.46,0,0
GIF_MV,D,20220315,000000,44.46,44.46,43.05,44.46,0,0
GIF_MV,D,20220316,000000,44.46,45.02,43.33,45.02,0,0
GIF_MV,D,20220317,000000,46.82,46.82,44.35,44.46,0,0
GIF_MV,D,20220318,000000,45.02,46.15,44.01,44.85,0,0
GIF_MV,D,20220321,000000,44.46,46.6,41.7,46.54,0,0
GIF_MV,D,20220322,000000,46.6,46.65,45.58,46.65,0,0
GIF_MV,D,20220323,000000,43.9,46.65,43.9,46.65,0,0
GIF_MV,D,20220324,000000,46.6,46.65,45.02,46.65,0,0
GIF_MV,D,20220325,000000,46.71,46.71,46.65,46.65,0,0
GIF_MV,D,20220328,000000,46.65,46.71,45.08,46.71,0,0
GIF_MV,D,20220329,000000,46.54,47.67,46.54,47.67,0,0
GIF_MV,D,20220330,000000,47.61,49.3,47.27,48.96,0,0
GIF_MV,D,20220331,000000,49.24,49.24,46.71,48.06,0,0
GIF_MV,D,20220401,000000,48.96,48.96,45.02,46.65,0,0
GIF_MV,D,20220404,000000,46.15,46.15,44.8,44.85,0,0
GIF_MV,D,20220405,000000,44.85,46.09,44.85,45.02,0,0
GIF_MV,D,20220406,000000,45.87,46.03,45.87,45.92,0,0
GIF_MV,D,20220407,000000,45.3,46.03,45.25,46.03,0,0
GIF_MV,D,20220408,000000,48.4,48.4,46.03,47.61,0,0
GIF_MV,D,20220411,000000,47.61,47.61,45.42,45.42,0,0
GIF_MV,D,20220412,000000,46.88,46.88,45.42,46.6,0,0
GIF_MV,D,20220413,000000,47.16,47.16,45.02,46.15,0,0
GIF_MV,D,20220414,000000,46.26,46.26,44.46,44.68,0,0
GIF_MV,D,20220419,000000,46.15,46.15,45.92,46.15,0,0
GIF_MV,D,20220420,000000,46.26,46.26,44.91,46.03,0,0
GIF_MV,D,20220421,000000,46.03,46.03,43.33,45.58,0,0
GIF_MV,D,20220422,000000,46.15,46.15,45.02,45.92,0,0
GIF_MV,D,20220425,000000,45.92,45.92,44.23,44.23,0,0
GIF_MV,D,20220426,000000,45.92,45.92,42.32,43.22,0,0
GIF_MV,D,20220427,000000,43.22,43.22,40.07,42.21,0,0
GIF_MV,D,20220428,000000,43.33,43.33,40.41,42.77,0,0
GIF_MV,D,20220429,000000,41.64,43.33,41.64,43.33,0,0
GIF_MV,D,20220502,000000,43.33,43.33,40.07,43.22,0,0
GIF_MV,D,20220504,000000,43.33,43.33,39.06,39.28,0,0
GIF_MV,D,20220505,000000,39.73,39.73,36.13,36.35,0,0
GIF_MV,D,20220506,000000,36.02,36.02,34.1,35.34,0,0
GIF_MV,D,20220509,000000,35.34,35.34,33.65,33.65,0,0
GIF_MV,D,20220510,000000,34.1,35.68,33.54,35.68,0,0
GIF_MV,D,20220511,000000,36.24,36.24,34.22,35,0,0
GIF_MV,D,20220512,000000,35.9,35.9,33.99,35.57,0,0
GIF_MV,D,20220513,000000,35.45,35.45,34.22,35.45,0,0
GIF_MV,D,20220516,000000,36.02,36.02,34.55,36.02,0,0
GIF_MV,D,20220517,000000,35.9,37.37,35.9,36.13,0,0
GIF_MV,D,20220518,000000,36.13,36.13,36.02,36.02,0,0
GIF_MV,D,20220519,000000,36.02,36.02,35.9,35.9,0,0
GIF_MV,D,20220520,000000,35.79,35.79,34.44,34.44,0,0
GIF_MV,D,20220523,000000,35.45,35.57,34.55,35.57,0,0
GIF_MV,D,20220524,000000,35.45,35.57,34.44,34.44,0,0
GIF_MV,D,20220525,000000,34.89,37.14,34.44,34.44,0,0
GIF_MV,D,20220526,000000,34.33,35.23,34.33,35.23,0,0
GIF_MV,D,20220527,000000,34.33,35.34,34.33,35.34,0,0
GIF_MV,D,20220530,000000,34.33,35.34,34.33,35.34,0,0
GIF_MV,D,20220531,000000,35.45,35.68,34.55,34.55,0,0
GIF_MV,D,20220601,000000,34.55,35.68,34.55,35.45,0,0
GIF_MV,D,20220602,000000,35.45,35.45,33.43,33.65,0,0
GIF_MV,D,20220603,000000,34.22,36.69,33.32,34.33,0,0
GIF_MV,D,20220606,000000,34.89,35.79,34.1,35.79,0,0
GIF_MV,D,20220607,000000,35.79,35.79,34.1,34.44,0,0
GIF_MV,D,20220608,000000,34.44,34.44,34.44,34.44,0,0
GIF_MV,D,20220609,000000,33.88,34.67,31.85,32.64,0,0
GIF_MV,D,20220610,000000,32.64,33.65,32.53,33.65,0,0
GIF_MV,D,20220613,000000,30.73,33.43,30.73,33.2,0,0
GIF_MV,D,20220614,000000,33.77,33.77,31.97,32.42,0,0
GIF_MV,D,20220615,000000,32.98,32.98,31.63,32.64,0,0
GIF_MV,D,20220617,000000,32.98,33.43,32.19,33.43,0,0
GIF_MV,D,20220620,000000,33.43,33.43,30.95,32.19,0,0
GIF_MV,D,20220621,000000,31.52,31.97,31.52,31.97,0,0
GIF_MV,D,20220622,000000,31.52,31.85,30.95,31.18,0,0
GIF_MV,D,20220623,000000,31.18,32.75,31.18,31.63,0,0
GIF_MV,D,20220624,000000,32.64,33.43,32.53,32.53,0,0
GIF_MV,D,20220627,000000,32.53,33.77,32.53,33.77,0,0
GIF_MV,D,20220628,000000,33.2,33.65,32.42,33.65,0,0
GIF_MV,D,20220629,000000,33.65,33.65,32.64,33.54,0,0
GIF_MV,D,20220630,000000,32.98,32.98,32.98,32.98,0,0
GIF_MV,D,20220701,000000,33.43,33.43,31.85,33.2,0,0
GIF_MV,D,20220704,000000,33.2,36.47,32.19,36.47,0,0
GIF_MV,D,20220705,000000,36.69,36.69,34.33,36.13,0,0
GIF_MV,D,20220706,000000,36.02,36.02,34.44,35.9,0,0
GIF_MV,D,20220707,000000,35.9,36.02,34.67,35.9,0,0
GIF_MV,D,20220708,000000,36.13,36.13,34.89,35.9,0,0
GIF_MV,D,20220711,000000,35.45,35.45,33.2,35.45,0,0
GIF_MV,D,20220712,000000,34.33,34.67,33.77,34.67,0,0
GIF_MV,D,20220713,000000,34.78,34.78,33.43,33.77,0,0
GIF_MV,D,20220714,000000,34.33,34.33,32.87,33.2,0,0
GIF_MV,D,20220715,000000,32.19,32.64,31.85,32.64,0,0
GIF_MV,D,20220718,000000,31.52,33.77,31.52,33.54,0,0
GIF_MV,D,20220719,000000,33.54,33.65,32.64,33.65,0,0
GIF_MV,D,20220720,000000,33.65,33.65,31.97,32.64,0,0
GIF_MV,D,20220721,000000,33.54,33.54,33.2,33.2,0,0
GIF_MV,D,20220722,000000,33.54,34.78,33.54,34.78,0,0
GIF_MV,D,20220725,000000,34.78,34.78,34.33,34.33,0,0
GIF_MV,D,20220726,000000,34.44,34.55,34.22,34.33,0,0
GIF_MV,D,20220727,000000,34.33,34.55,33.32,34.33,0,0
GIF_MV,D,20220728,000000,34.55,34.55,33.43,34.44,0,0
GIF_MV,D,20220729,000000,34.44,34.44,33.65,33.77,0,0
GIF_MV,D,20220801,000000,34.33,34.78,33.65,34.1,0,0
GIF_MV,D,20220802,000000,33.77,34.55,33.65,34.55,0,0
GIF_MV,D,20220803,000000,34.55,34.89,33.54,33.77,0,0
GIF_MV,D,20220804,000000,33.77,35,33.77,34.89,0,0
GIF_MV,D,20220805,000000,34.89,34.89,34.1,34.33,0,0
GIF_MV,D,20220808,000000,34.55,34.67,33.65,34.67,0,0
GIF_MV,D,20220809,000000,34.89,35,33.88,35,0,0
GIF_MV,D,20220810,000000,37.26,37.26,35.45,35.57,0,0
GIF_MV,D,20220811,000000,36.58,41.08,36.58,41.08,0,0
GIF_MV,D,20220812,000000,41.53,42.1,38.61,41.08,0,0
GIF_MV,D,20220816,000000,41.42,43.33,39.51,43.33,0,0
GIF_MV,D,20220817,000000,43.22,43.22,40.07,41.64,0,0
GIF_MV,D,20220818,000000,39.62,41.31,36.92,39.17,0,0
GIF_MV,D,20220819,000000,39.28,39.28,36.24,38.61,0,0
GIF_MV,D,20220822,000000,36.58,38.04,36.58,38.04,0,0
GIF_MV,D,20220823,000000,38.04,38.04,35.57,37.37,0,0
GIF_MV,D,20220824,000000,37.37,37.37,35.79,37.03,0,0
GIF_MV,D,20220825,000000,37.14,39.06,37.03,37.03,0,0
GIF_MV,D,20220826,000000,37.14,37.14,35.79,36.69,0,0
GIF_MV,D,20220829,000000,37.37,37.37,35.45,35.68,0,0
GIF_MV,D,20220830,000000,35.79,37.14,35.79,36.58,0,0
GIF_MV,D,20220831,000000,37.14,37.14,35.79,37.14,0,0
GIF_MV,D,20220901,000000,37.14,37.37,37.14,37.37,0,0
GIF_MV,D,20220902,000000,38.27,38.83,36.13,37.82,0,0
GIF_MV,D,20220905,000000,37.82,40.18,37.26,40.18,0,0
GIF_MV,D,20220906,000000,39.96,40.18,38.38,40.07,0,0
GIF_MV,D,20220907,000000,39.73,40.41,36.81,40.41,0,0
GIF_MV,D,20220908,000000,40.41,40.41,38.83,39.39,0,0
GIF_MV,D,20220909,000000,40.18,40.18,38.38,39.84,0,0
GIF_MV,D,20220912,000000,40.41,40.41,36.81,38.83,0,0
GIF_MV,D,20220913,000000,38.83,38.83,37.37,38.83,0,0
GIF_MV,D,20220914,000000,38.83,38.83,37.71,38.83,0,0
GIF_MV,D,20220915,000000,38.72,39.84,37.71,39.84,0,0
GIF_MV,D,20220916,000000,39.28,39.28,37.14,38.61,0,0
GIF_MV,D,20220919,000000,38.94,39.06,36.81,39.06,0,0
GIF_MV,D,20220920,000000,38.94,39.73,38.27,38.27,0,0
GIF_MV,D,20220921,000000,38.27,40.41,37.26,39.84,0,0
GIF_MV,D,20220922,000000,38.94,39.06,36.58,36.81,0,0
GIF_MV,D,20220923,000000,38.04,38.04,34.33,36.35,0,0
GIF_MV,D,20220926,000000,34.22,35.34,32.64,33.77,0,0
GIF_MV,D,20220927,000000,33.77,34.67,33.2,34.67,0,0
GIF_MV,D,20220928,000000,33.77,33.77,33.65,33.65,0,0
GIF_MV,D,20220929,000000,33.77,34.67,33.54,33.54,0,0
GIF_MV,D,20220930,000000,32.19,33.65,32.19,33.2,0,0
GIF_MV,D,20221003,000000,32.08,32.75,30.61,31.29,0,0
GIF_MV,D,20221004,000000,31.4,31.4,30.39,30.84,0,0
GIF_MV,D,20221005,000000,30.39,30.84,30.39,30.84,0,0
GIF_MV,D,20221006,000000,30.61,30.61,29.71,30.39,0,0
GIF_MV,D,20221007,000000,30.39,30.95,29.71,30.05,0,0
GIF_MV,D,20221010,000000,29.83,30.73,28.7,28.7,0,0
GIF_MV,D,20221011,000000,30.39,30.39,28.14,29.04,0,0
GIF_MV,D,20221012,000000,29.04,29.04,28.14,28.7,0,0
GIF_MV,D,20221013,000000,27.58,28.08,27.24,28.08,0,0
GIF_MV,D,20221014,000000,28.14,29.6,26.96,29.6,0,0
GIF_MV,D,20221017,000000,29.6,29.6,29.26,29.26,0,0
GIF_MV,D,20221018,000000,29.26,29.49,28.81,29.38,0,0
GIF_MV,D,20221019,000000,29.49,29.6,29.49,29.6,0,0
GIF_MV,D,20221020,000000,29.49,30.73,29.49,30.73,0,0
GIF_MV,D,20221021,000000,30.28,30.28,28.03,28.7,0,0
GIF_MV,D,20221024,000000,28.59,28.59,27.07,27.29,0,0
GIF_MV,D,20221025,000000,27.29,28.36,27.01,27.01,0,0
GIF_MV,D,20221026,000000,27.01,27.86,25.83,27.86,0,0
GIF_MV,D,20221027,000000,28.59,28.59,27.29,28.48,0,0
GIF_MV,D,20221028,000000,28.48,28.48,28.25,28.25,0,0
GIF_MV,D,20221031,000000,28.48,29.83,28.36,29.71,0,0
GIF_MV,D,20221102,000000,29.6,31.18,29.6,30.39,0,0
GIF_MV,D,20221103,000000,30.84,32.64,29.83,32.64,0,0
GIF_MV,D,20221104,000000,31.29,32.53,31.29,32.08,0,0
GIF_MV,D,20221107,000000,32.64,32.64,32.08,32.64,0,0
GIF_MV,D,20221108,000000,32.3,32.42,30.61,32.42,0,0
GIF_MV,D,20221109,000000,32.53,32.53,30.28,31.29,0,0
GIF_MV,D,20221110,000000,31.52,31.52,30.39,30.5,0,0
GIF_MV,D,20221114,000000,31.18,31.18,29.83,30.95,0,0
GIF_MV,D,20221115,000000,31.29,31.52,30.73,31.52,0,0
GIF_MV,D,20221116,000000,31.52,31.52,30.05,31.06,0,0
GIF_MV,D,20221117,000000,31.52,32.64,31.52,31.52,0,0
GIF_MV,D,20221118,000000,32.64,32.64,31.06,32.3,0,0
GIF_MV,D,20221121,000000,32.3,32.53,31.97,32.42,0,0
GIF_MV,D,20221122,000000,32.42,32.42,31.52,32.08,0,0
GIF_MV,D,20221123,000000,32.08,32.53,31.63,32.19,0,0
GIF_MV,D,20221124,000000,32.53,33.2,31.74,31.85,0,0
GIF_MV,D,20221125,000000,31.85,33.77,31.52,32.64,0,0
GIF_MV,D,20221128,000000,32.64,32.64,29.49,29.83,0,0
GIF_MV,D,20221129,000000,27.58,30.05,27.58,30.05,0,0
GIF_MV,D,20221130,000000,30.73,32.64,30.5,32.64,0,0
GIF_MV,D,20221201,000000,32.42,32.64,31.06,32.3,0,0
GIF_MV,D,20221202,000000,32.42,35.12,32.42,34.1,0,0
GIF_MV,D,20221205,000000,35.12,35.12,32.64,33.32,0,0
GIF_MV,D,20221206,000000,33.65,34.44,32.64,32.64,0,0
GIF_MV,D,20221207,000000,32.64,32.64,31.97,32.08,0,0
GIF_MV,D,20221208,000000,31.97,33.77,31.97,33.2,0,0
GIF_MV,D,20221209,000000,33.09,33.2,32.08,32.87,0,0
GIF_MV,D,20221212,000000,33.77,33.77,32.42,32.98,0,0
GIF_MV,D,20221213,000000,32.98,33.43,30.95,31.63,0,0
GIF_MV,D,20221214,000000,31.63,32.64,31.63,31.85,0,0
GIF_MV,D,20221215,000000,33.09,33.09,31.85,32.3,0,0
GIF_MV,D,20221216,000000,32.19,32.19,32.08,32.19,0,0
GIF_MV,D,20221219,000000,32.19,32.53,32.19,32.53,0,0
GIF_MV,D,20221220,000000,32.64,32.64,31.85,31.85,0,0
GIF_MV,D,20221221,000000,31.85,32.42,31.85,32.42,0,0
GIF_MV,D,20221222,000000,32.42,32.42,31.85,32.08,0,0
GIF_MV,D,20221223,000000,31.85,32.08,31.06,31.52,0,0
GIF_MV,D,20221227,000000,30.95,31.52,30.95,31.18,0,0
GIF_MV,D,20221228,000000,31.18,31.52,30.95,31.52,0,0
GIF_MV,D,20221229,000000,31.52,31.52,31.18,31.4,0,0
GIF_MV,D,20221230,000000,31.29,33.2,31.18,32.53,0,0
GIF_MV,D,20230102,000000,32.53,32.53,31.52,32.53,0,0
GIF_MV,D,20230103,000000,32.42,32.42,30.95,32.42,0,0
GIF_MV,D,20230104,000000,32.42,32.42,31.18,32.08,0,0
GIF_MV,D,20230105,000000,32.08,32.42,31.52,32.42,0,0
GIF_MV,D,20230109,000000,32.53,32.53,31.74,32.19,0,0
GIF_MV,D,20230110,000000,32.3,32.42,31.85,32.08,0,0
GIF_MV,D,20230111,000000,32.42,32.42,31.85,31.97,0,0
GIF_MV,D,20230112,000000,32.42,32.53,32.08,32.53,0,0
GIF_MV,D,20230113,000000,32.42,32.42,31.97,31.97,0,0
GIF_MV,D,20230116,000000,31.97,34.22,31.97,33.54,0,0
GIF_MV,D,20230117,000000,33.54,33.54,32.42,32.42,0,0
GIF_MV,D,20230118,000000,32.64,34.33,32.64,34.22,0,0
GIF_MV,D,20230119,000000,34.22,34.33,32.75,33.65,0,0
GIF_MV,D,20230120,000000,33.65,33.65,33.2,33.2,0,0
GIF_MV,D,20230123,000000,33.77,33.77,32.64,32.75,0,0
GIF_MV,D,20230124,000000,32.75,33.77,32.64,33.65,0,0
GIF_MV,D,20230125,000000,33.65,33.65,32.75,33.54,0,0
GIF_MV,D,20230126,000000,33.43,33.43,32.75,33.43,0,0
GIF_MV,D,20230127,000000,32.75,33.43,32.75,33.2,0,0
GIF_MV,D,20230130,000000,33.2,34.33,32.75,33.88,0,0
GIF_MV,D,20230131,000000,33.77,34.33,32.98,34.22,0,0
GIF_MV,D,20230201,000000,33.77,34.33,33.09,34.33,0,0
GIF_MV,D,20230202,000000,34.33,34.33,33.09,33.65,0,0
GIF_MV,D,20230203,000000,33.65,34.1,33.32,33.32,0,0
GIF_MV,D,20230206,000000,33.65,33.65,33.09,33.65,0,0
GIF_MV,D,20230207,000000,33.65,33.65,32.64,33.54,0,0
GIF_MV,D,20230208,000000,33.54,33.65,33.09,33.2,0,0
GIF_MV,D,20230209,000000,33.54,36.02,33.09,35.34,0,0
GIF_MV,D,20230210,000000,35.34,35.34,33.65,33.65,0,0
GIF_MV,D,20230213,000000,33.54,33.65,31.52,32.53,0,0
GIF_MV,D,20230214,000000,32.53,32.53,31.74,32.3,0,0
GIF_MV,D,20230215,000000,32.3,32.3,31.97,32.08,0,0
GIF_MV,D,20230216,000000,32.08,33.32,31.85,32.64,0,0
GIF_MV,D,20230217,000000,32.64,32.64,31.85,32.64,0,0
GIF_MV,D,20230220,000000,32.64,32.64,31.4,32.19,0,0
GIF_MV,D,20230221,000000,32.19,32.19,31.4,32.19,0,0
GIF_MV,D,20230222,000000,32.19,32.19,31.4,32.08,0,0
GIF_MV,D,20230223,000000,31.18,31.97,31.18,31.97,0,0
GIF_MV,D,20230224,000000,31.97,31.97,30.95,31.74,0,0
GIF_MV,D,20230227,000000,31.06,31.74,30.95,31.74,0,0
GIF_MV,D,20230228,000000,31.63,31.74,30.95,31.29,0,0
GIF_MV,D,20230301,000000,31.29,31.74,31.29,31.74,0,0
GIF_MV,D,20230302,000000,31.74,31.74,31.18,31.74,0,0
GIF_MV,D,20230303,000000,31.97,31.97,30.95,31.29,0,0
GIF_MV,D,20230306,000000,29.38,31.63,29.38,31.63,0,0
GIF_MV,D,20230307,000000,31.63,31.63,31.52,31.63,0,0
GIF_MV,D,20230308,000000,31.52,31.52,31.29,31.52,0,0
GIF_MV,D,20230309,000000,31.52,31.52,30.84,30.95,0,0
GIF_MV,D,20230310,000000,30.95,31.52,30.95,31.52,0,0
GIF_MV,D,20230313,000000,31.4,32.19,30.61,32.19,0,0
GIF_MV,D,20230314,000000,32.08,32.08,31.29,31.85,0,0
GIF_MV,D,20230315,000000,32.08,32.08,30.73,31.06,0,0
GIF_MV,D,20230316,000000,31.06,31.74,30.5,30.5,0,0
GIF_MV,D,20230317,000000,31.52,32.64,30.95,32.64,0,0
GIF_MV,D,20230320,000000,32.64,32.64,30.5,30.73,0,0
GIF_MV,D,20230321,000000,30.73,31.63,30.28,30.28,0,0
GIF_MV,D,20230322,000000,30.28,31.29,30.28,31.29,0,0
GIF_MV,D,20230323,000000,30.28,32.53,30.28,32.53,0,0
GIF_MV,D,20230324,000000,32.53,33.2,31.74,32.08,0,0
GIF_MV,D,20230327,000000,32.08,32.08,30.16,31.52,0,0
GIF_MV,D,20230328,000000,31.97,31.97,30.73,31.29,0,0
GIF_MV,D,20230329,000000,31.29,31.85,30.84,31.52,0,0
GIF_MV,D,20230330,000000,31.52,31.52,30.05,31.4,0,0
GIF_MV,D,20230331,000000,31.4,31.4,30.95,30.95,0,0
GIF_MV,D,20230403,000000,30.84,31.52,30.5,30.84,0,0
GIF_MV,D,20230404,000000,30.84,31.4,29.6,31.29,0,0
GIF_MV,D,20230405,000000,31.4,31.52,31.4,31.4,0,0
GIF_MV,D,20230406,000000,31.4,31.52,30.61,31.52,0,0
GIF_MV,D,20230411,000000,31.63,32.53,31.63,32.53,0,0
GIF_MV,D,20230412,000000,32.53,32.53,31.29,31.29,0,0
GIF_MV,D,20230413,000000,32.08,32.08,31.63,32.08,0,0
GIF_MV,D,20230414,000000,32.08,32.08,31.63,32.08,0,0
GIF_MV,D,20230417,000000,32.08,32.08,31.97,32.08,0,0
GIF_MV,D,20230418,000000,32.08,32.08,31.18,32.08,0,0
GIF_MV,D,20230419,000000,31.18,31.85,31.18,31.85,0,0
GIF_MV,D,20230420,000000,31.85,31.97,29.94,29.94,0,0
GIF_MV,D,20230421,000000,30.16,31.52,30.16,30.95,0,0
GIF_MV,D,20230424,000000,31.06,31.4,31.06,31.29,0,0
GIF_MV,D,20230425,000000,31.29,32.64,30.5,32.64,0,0
GIF_MV,D,20230426,000000,32.64,32.87,31.06,32.42,0,0
GIF_MV,D,20230427,000000,32.08,32.19,30.95,31.52,0,0
GIF_MV,D,20230428,000000,31.52,31.52,30.95,31.18,0,0
GIF_MV,D,20230502,000000,31.29,32.42,31.29,32.3,0,0
GIF_MV,D,20230504,000000,32.3,32.3,31.18,31.97,0,0
GIF_MV,D,20230505,000000,32.08,32.42,30.28,31.97,0,0
GIF_MV,D,20230508,000000,31.97,32.19,31.63,31.63,0,0
GIF_MV,D,20230509,000000,31.74,32.19,31.74,31.74,0,0
GIF_MV,D,20230510,000000,31.85,32.08,31.85,32.08,0,0
GIF_MV,D,20230511,000000,32.08,32.19,31.63,32.08,0,0
GIF_MV,D,20230512,000000,32.53,32.87,31.97,32.42,0,0
GIF_MV,D,20230515,000000,32.42,32.64,32.3,32.64,0,0
GIF_MV,D,20230516,000000,32.64,32.64,31.74,32.64,0,0
GIF_MV,D,20230517,000000,32.53,32.64,31.97,32.64,0,0
GIF_MV,D,20230518,000000,32.64,32.64,32.08,32.64,0,0
GIF_MV,D,20230519,000000,32.87,32.87,32.64,32.64,0,0
GIF_MV,D,20230522,000000,32.64,32.98,32.64,32.87,0,0
GIF_MV,D,20230523,000000,33.09,35.9,32.87,35.9,0,0
GIF_MV,D,20230524,000000,34.1,35.68,33.65,34.89,0,0
GIF_MV,D,20230525,000000,34.89,34.89,33.65,34.67,0,0
GIF_MV,D,20230526,000000,34.67,34.67,33.65,34.55,0,0
GIF_MV,D,20230529,000000,34.55,34.55,33.77,34.22,0,0
GIF_MV,D,20230530,000000,34.22,34.22,33.65,34.22,0,0
GIF_MV,D,20230531,000000,34.22,34.22,33.77,33.99,0,0
GIF_MV,D,20230601,000000,33.77,34.44,33.77,33.88,0,0
GIF_MV,D,20230602,000000,34.67,35.12,33.88,35,0,0
GIF_MV,D,20230605,000000,35.12,36.35,35,36.24,0,0
GIF_MV,D,20230606,000000,36.24,36.24,34.1,35.45,0,0
GIF_MV,D,20230607,000000,35.45,35.45,34.1,34.1,0,0
GIF_MV,D,20230609,000000,35,35.79,35,35.79,0,0
GIF_MV,D,20230612,000000,36.02,36.24,35.45,36.13,0,0
GIF_MV,D,20230613,000000,36.13,37.14,36.13,37.14,0,0
GIF_MV,D,20230614,000000,38.16,38.72,36.02,37.14,0,0
GIF_MV,D,20230615,000000,37.26,38.04,36.35,37.93,0,0
GIF_MV,D,20230616,000000,38.04,39.17,38.04,39.06,0,0
GIF_MV,D,20230619,000000,39.39,39.39,37.59,39.06,0,0
GIF_MV,D,20230620,000000,38.83,39.39,38.61,39.39,0,0
GIF_MV,D,20230621,000000,39.39,40.29,38.83,39.84,0,0
GIF_MV,D,20230622,000000,39.84,40.07,39.17,39.28,0,0
GIF_MV,D,20230623,000000,39.28,39.96,39.28,39.84,0,0
GIF_MV,D,20230626,000000,39.84,39.84,39.51,39.51,0,0
GIF_MV,D,20230627,000000,39.28,39.39,39.17,39.39,0,0
GIF_MV,D,20230628,000000,38.27,39.17,38.16,39.17,0,0
GIF_MV,D,20230629,000000,39.39,39.39,38.27,39.17,0,0
GIF_MV,D,20230630,000000,39.28,39.28,38.04,39.28,0,0
GIF_MV,D,20230703,000000,39.39,42.21,39.39,41.98,0,0
GIF_MV,D,20230704,000000,41.98,41.98,39.51,39.84,0,0
GIF_MV,D,20230705,000000,39.84,41.76,39.84,41.76,0,0
GIF_MV,D,20230706,000000,41.53,41.53,39.96,40.74,0,0
GIF_MV,D,20230707,000000,40.86,40.86,39.39,40.07,0,0
GIF_MV,D,20230710,000000,40.18,40.18,39.39,39.62,0,0
GIF_MV,D,20230711,000000,39.39,39.51,39.39,39.51,0,0
GIF_MV,D,20230712,000000,39.39,39.51,38.83,39.51,0,0
GIF_MV,D,20230713,000000,39.39,39.39,38.04,39.17,0,0
GIF_MV,D,20230714,000000,39.39,42.77,39.39,42.77,0,0
GIF_MV,D,20230717,000000,43.22,44.8,43.22,44.46,0,0
GIF_MV,D,20230718,000000,44.8,44.91,43.33,44.35,0,0
GIF_MV,D,20230719,000000,44.91,44.91,42.43,43.56,0,0
GIF_MV,D,20230720,000000,44.68,45.13,44.12,45.13,0,0
GIF_MV,D,20230721,000000,45.58,55.04,45.58,54.25,0,0
GIF_MV,D,20230724,000000,55.04,58.53,51.21,53.8,0,0
GIF_MV,D,20230725,000000,53.8,56.56,53.8,54.59,0,0
GIF_MV,D,20230726,000000,53.46,55.04,52.34,53.46,0,0
GIF_MV,D,20230727,000000,53.58,56.16,53.58,54.93,0,0
GIF_MV,D,20230728,000000,54.59,56.28,54.59,56.28,0,0
GIF_MV,D,20230731,000000,57.4,67.81,57.4,67.81,0,0
GIF_MV,D,20230801,000000,69.5,70.91,63.03,65.56,0,0
GIF_MV,D,20230802,000000,64.16,66.13,60.5,62.75,0,0
GIF_MV,D,20230803,000000,61.9,65.84,61.06,65.28,0,0
GIF_MV,D,20230804,000000,65,66.69,61.34,61.34,0,0
GIF_MV,D,20230807,000000,61.342,61.342,57.12,57.12,0,0
GIF_MV,D,20230808,000000,56.558,56.558,53.463,55.38,0,0
GIF_MV,D,20230809,000000,55.602,65.563,55.602,64.44,0,0
GIF_MV,D,20230810,000000,63.874,65.844,61.061,64.72,0,0
GIF_MV,D,20230811,000000,65,65.563,60.779,62.19,0,0
GIF_MV,D,20230814,000000,61.342,61.342,58.809,59.37,0,0
GIF_MV,D,20230816,000000,59.372,60.216,57.684,59.09,0,0
GIF_MV,D,20230817,000000,59.935,59.935,56.277,56.84,0,0
GIF_MV,D,20230818,000000,56.84,61.623,56.164,58.53,0,0
GIF_MV,D,20230821,000000,61.623,63.03,59.091,61.06,0,0
GIF_MV,D,20230822,000000,61.342,61.905,59.09,59.09,0,0
GIF_MV,D,20230823,000000,59.091,63.312,58.809,62.75,0,0
GIF_MV,D,20230824,000000,62.749,62.749,59.935,62.47,0,0
GIF_MV,D,20230825,000000,62.467,63.03,61.342,63.03,0,0
GIF_MV,D,20230828,000000,61.342,61.342,58.528,60.78,0,0
GIF_MV,D,20230829,000000,60.779,63.03,58.528,63.03,0,0
GIF_MV,D,20230830,000000,62.749,63.03,60.216,61.9,0,0
GIF_MV,D,20230831,000000,62.467,63.874,61.905,63.87,0,0
GIF_MV,D,20230901,000000,64.437,66.688,64.437,66.41,0,0
GIF_MV,D,20230904,000000,66.688,66.97,65.281,65.56,0,0
GIF_MV,D,20230905,000000,66.407,66.407,65,65.84,0,0
GIF_MV,D,20230906,000000,65.844,66.97,63.312,65.84,0,0
GIF_MV,D,20230907,000000,65.844,67.251,62.749,64.72,0,0
GIF_MV,D,20230908,000000,64.719,65,61.061,63.03,0,0
GIF_MV,D,20230911,000000,60.216,63.593,59.654,62.47,0,0
GIF_MV,D,20230912,000000,62.467,62.467,58.528,58.81,0,0
GIF_MV,D,20230913,000000,58.809,61.905,58.528,61.62,0,0
GIF_MV,D,20230914,000000,63.312,64.437,60.779,61.62,0,0
GIF_MV,D,20230915,000000,61.623,64.437,61.061,63.87,0,0
GIF_MV,D,20230918,000000,63.874,66.407,60.498,64.16,0,0
GIF_MV,D,20230919,000000,66.125,66.125,62.749,63.59,0,0
GIF_MV,D,20230920,000000,64.437,65.281,63.03,65.28,0,0
GIF_MV,D,20230921,000000,65.281,66.407,63.312,65.56,0,0
GIF_MV,D,20230922,000000,66.125,66.125,61.342,64.44,0,0
GIF_MV,D,20230925,000000,64.719,64.719,61.342,63.03,0,0
GIF_MV,D,20230926,000000,63.593,63.593,61.342,62.75,0,0
GIF_MV,D,20230927,000000,59.372,61.623,58.247,59.94,0,0
GIF_MV,D,20230928,000000,59.654,60.498,56.84,57.97,0,0
GIF_MV,D,20230929,000000,59.091,60.779,57.965,60.5,0,0
GIF_MV,D,20231002,000000,60.498,60.5,57.403,57.97,0,0
GIF_MV,D,20231003,000000,57.965,60.216,54.138,57.97,0,0
GIF_MV,D,20231004,000000,58.809,60.5,54.701,60.5,0,0
