<TICKER>,<PER>,<DATE>,<TIME>,<OPEN>,<HIGH>,<LOW>,<CLOSE>,<VOL>,<OPENINT>
GOP_PB,D,20200417,000000,23.8864,23.8864,23.8864,23.8864,0,0
GOP_PB,D,20200420,000000,26.4913,26.4913,22.9164,25.7822,0,0
GOP_PB,D,20200421,000000,26.0515,26.0515,24.129,24.6951,0,0
GOP_PB,D,20200422,000000,23.8864,23.8864,23.0962,23.3388,0,0
GOP_PB,D,20200423,000000,24.1022,26.5098,23.3388,23.3388,0,0
GOP_PB,D,20200424,000000,22.2516,22.5476,19.8708,22.5476,0,0
GOP_PB,D,20200427,000000,22.6112,23.5186,21.928,22.2064,0,0
GOP_PB,D,20200428,000000,22.2064,22.2064,20.7874,22.153,0,0
GOP_PB,D,20200429,000000,22.153,22.153,21.0658,21.1829,0,0
GOP_PB,D,20200430,000000,21.1829,21.1829,19.8892,20.7606,0,0
GOP_PB,D,20200504,000000,21.6947,22.7818,21.6412,22.7818,0,0
GOP_PB,D,20200505,000000,23.9132,23.9132,22.6647,23.1765,0,0
GOP_PB,D,20200506,000000,23.2308,23.2308,17.3738,17.3738,0,0
GOP_PB,D,20200507,000000,17.8856,17.8856,17.1046,17.1046,0,0
GOP_PB,D,20200508,000000,17.1046,17.3913,16.6371,16.9515,0,0
GOP_PB,D,20200511,000000,17.0861,17.0861,16.4121,16.673,0,0
GOP_PB,D,20200512,000000,16.7984,16.7984,16.1428,16.3678,0,0
GOP_PB,D,20200513,000000,16.4757,16.4757,15.8284,16.4121,0,0
GOP_PB,D,20200514,000000,16.6279,16.6279,15.7389,15.963,0,0
GOP_PB,D,20200515,000000,15.963,16.4932,15.7833,16.3853,0,0
GOP_PB,D,20200518,000000,16.4572,16.4572,16.0082,16.4038,0,0
GOP_PB,D,20200519,000000,16.2332,16.4121,16.188,16.2332,0,0
GOP_PB,D,20200520,000000,16.188,17.4365,16.188,17.4006,0,0
GOP_PB,D,20200521,000000,17.4006,17.4006,16.7716,17.005,0,0
GOP_PB,D,20200522,000000,16.8436,16.8436,16.3227,16.5476,0,0
GOP_PB,D,20200525,000000,16.2332,16.2332,15.963,16.1612,0,0
GOP_PB,D,20200526,000000,16.188,16.4932,16.0082,16.3227,0,0
GOP_PB,D,20200527,000000,16.4038,16.4038,16.0534,16.0534,0,0
GOP_PB,D,20200528,000000,16.188,16.3678,16.0257,16.3678,0,0
GOP_PB,D,20200529,000000,16.3678,16.8621,16.0534,16.3401,0,0
GOP_PB,D,20200601,000000,16.188,16.3678,15.4781,15.4781,0,0
GOP_PB,D,20200602,000000,15.6044,15.6044,15.3166,15.3434,0,0
GOP_PB,D,20200603,000000,15.3434,15.9004,15.2623,15.4328,0,0
GOP_PB,D,20200604,000000,15.4328,15.6044,15.1728,15.218,0,0
GOP_PB,D,20200605,000000,15.2355,15.5592,15.1276,15.4781,0,0
GOP_PB,D,20200608,000000,15.5592,15.5592,14.9211,15.4328,0,0
GOP_PB,D,20200609,000000,15.5592,15.7297,15.218,15.4781,0,0
GOP_PB,D,20200610,000000,15.5592,15.8017,15.3074,15.6486,0,0
GOP_PB,D,20200612,000000,14.9395,15.6486,14.9395,15.6486,0,0
GOP_PB,D,20200615,000000,15.6486,15.6486,15.218,15.3434,0,0
GOP_PB,D,20200616,000000,15.4781,15.6486,15.3074,15.6044,0,0
GOP_PB,D,20200617,000000,15.5767,15.5767,15.3702,15.5499,0,0
GOP_PB,D,20200618,000000,15.6486,19.1341,15.6486,19.1341,0,0
GOP_PB,D,20200619,000000,19.3323,19.8173,18.4876,19.3406,0,0
GOP_PB,D,20200622,000000,19.3406,19.3406,17.8856,18.1106,0,0
GOP_PB,D,20200623,000000,18.1189,18.6583,17.7509,18.0561,0,0
GOP_PB,D,20200624,000000,18.4425,18.4425,17.6256,18.236,0,0
GOP_PB,D,20200625,000000,18.4425,18.4425,17.643,18.0119,0,0
GOP_PB,D,20200626,000000,18.0294,18.0294,17.5352,17.5352,0,0
GOP_PB,D,20200629,000000,17.5352,17.5352,16.6822,16.7265,0,0
GOP_PB,D,20200630,000000,16.7265,17.4006,16.7265,16.7716,0,0
GOP_PB,D,20200701,000000,17.194,17.194,16.7716,16.9247,0,0
GOP_PB,D,20200702,000000,16.9331,17.9667,16.7716,17.6975,0,0
GOP_PB,D,20200703,000000,17.6975,19.0446,17.6975,18.7034,0,0
GOP_PB,D,20200706,000000,18.7034,19.7269,18.5329,19.7269,0,0
GOP_PB,D,20200707,000000,19.6467,19.9427,18.9192,19.0898,0,0
GOP_PB,D,20200708,000000,19.0806,19.0806,18.5329,18.5329,0,0
GOP_PB,D,20200709,000000,18.6131,18.8741,18.1013,18.4876,0,0
GOP_PB,D,20200710,000000,18.8741,18.8741,17.4992,18.0119,0,0
GOP_PB,D,20200713,000000,17.643,18.2719,17.643,17.8404,0,0
GOP_PB,D,20200714,000000,18.0561,18.0561,17.1488,17.4098,0,0
GOP_PB,D,20200715,000000,17.194,17.4909,16.9782,17.1488,0,0
GOP_PB,D,20200716,000000,17.1488,17.1488,16.7624,17.0234,0,0
GOP_PB,D,20200717,000000,17.005,17.005,16.1612,16.5919,0,0
GOP_PB,D,20200720,000000,16.0801,16.0801,15.6044,15.8192,0,0
GOP_PB,D,20200721,000000,15.7297,15.7297,15.0474,15.6938,0,0
GOP_PB,D,20200722,000000,15.6938,17.194,15.6044,16.5476,0,0
GOP_PB,D,20200723,000000,16.5476,16.5476,15.5684,16.0801,0,0
GOP_PB,D,20200724,000000,15.6938,15.9096,15.4781,15.4781,0,0
GOP_PB,D,20200727,000000,15.5592,15.6486,15.3074,15.4781,0,0
GOP_PB,D,20200728,000000,15.3886,15.4781,15.1728,15.2623,0,0
GOP_PB,D,20200729,000000,15.4781,16.3319,15.4781,15.9907,0,0
GOP_PB,D,20200730,000000,16.1612,16.1612,15.218,15.4153,0,0
GOP_PB,D,20200731,000000,15.2982,15.9004,15.1193,15.1193,0,0
GOP_PB,D,20200803,000000,15.9004,15.9004,15.0916,15.3886,0,0
GOP_PB,D,20200804,000000,15.3886,15.4781,15.0916,15.4781,0,0
GOP_PB,D,20200805,000000,15.6126,15.6126,15.2715,15.3258,0,0
GOP_PB,D,20200806,000000,15.3434,16.0175,15.3258,15.9096,0,0
GOP_PB,D,20200807,000000,15.9096,15.9096,15.3526,15.4781,0,0
GOP_PB,D,20200810,000000,15.3434,15.8551,15.3258,15.4781,0,0
GOP_PB,D,20200811,000000,15.4781,15.6938,15.4328,15.4328,0,0
GOP_PB,D,20200812,000000,15.4688,15.5592,15.1728,15.1995,0,0
GOP_PB,D,20200813,000000,15.1995,15.4781,15.1995,15.2355,0,0
GOP_PB,D,20200814,000000,15.1821,15.5592,15.1821,15.218,0,0
GOP_PB,D,20200817,000000,15.4781,16.2056,15.4781,15.9096,0,0
GOP_PB,D,20200818,000000,16.1253,16.1253,15.4965,15.6044,0,0
GOP_PB,D,20200819,000000,15.4873,16.0349,15.3434,15.6938,0,0
GOP_PB,D,20200820,000000,15.9096,15.9455,15.3074,15.9096,0,0
GOP_PB,D,20200821,000000,15.9096,16.7624,15.5232,16.7624,0,0
GOP_PB,D,20200824,000000,16.8981,17.6071,15.9096,17.0686,0,0
GOP_PB,D,20200825,000000,17.2834,17.2834,16.3319,16.4038,0,0
GOP_PB,D,20200826,000000,16.3319,16.6371,16.1612,16.5384,0,0
GOP_PB,D,20200827,000000,16.5743,16.7265,16.3319,16.3761,0,0
GOP_PB,D,20200828,000000,17.194,17.2834,16.7624,17.1488,0,0
GOP_PB,D,20200831,000000,18.0561,18.0561,16.6822,17.1488,0,0
GOP_PB,D,20200901,000000,17.1488,17.1488,16.2056,16.4664,0,0
GOP_PB,D,20200902,000000,16.5559,16.6822,15.9188,16.224,0,0
GOP_PB,D,20200903,000000,16.6463,16.6463,15.9096,15.9096,0,0
GOP_PB,D,20200904,000000,15.8644,16.1161,15.5232,15.9004,0,0
GOP_PB,D,20200907,000000,16.1253,16.1253,15.5684,15.8828,0,0
GOP_PB,D,20200908,000000,15.8192,15.8192,15.0916,15.4781,0,0
GOP_PB,D,20200909,000000,15.2807,15.7297,15.2807,15.7297,0,0
GOP_PB,D,20200910,000000,15.8644,15.8644,15.4781,15.7749,0,0
GOP_PB,D,20200911,000000,15.7749,15.7749,15.4781,15.6846,0,0
GOP_PB,D,20200914,000000,15.6763,15.6938,15.3434,15.5592,0,0
GOP_PB,D,20200915,000000,15.6846,15.6938,15.3074,15.6486,0,0
GOP_PB,D,20200916,000000,15.6938,15.6938,15.4873,15.667,0,0
GOP_PB,D,20200917,000000,15.6938,15.6938,15.2623,15.3434,0,0
GOP_PB,D,20200918,000000,15.667,15.667,15.218,15.2623,0,0
GOP_PB,D,20200921,000000,15.3074,15.5592,15.1544,15.1544,0,0
GOP_PB,D,20200922,000000,15.4421,15.4421,14.9211,15.218,0,0
GOP_PB,D,20200923,000000,15.0557,15.2263,14.6611,15.0474,0,0
GOP_PB,D,20200924,000000,15.0474,15.0474,14.5264,14.5264,0,0
GOP_PB,D,20200925,000000,14.212,14.6159,13.8884,14.0765,0,0
GOP_PB,D,20200928,000000,14.1844,14.1844,13.7537,14.1401,0,0
GOP_PB,D,20200929,000000,14.1401,14.9119,14.1401,14.6159,0,0
GOP_PB,D,20200930,000000,15.0474,15.6486,14.6159,15.2623,0,0
GOP_PB,D,20201001,000000,15.1728,15.1728,13.6542,13.7979,0,0
GOP_PB,D,20201002,000000,13.6634,13.6901,8.57008,8.57008,0,0
GOP_PB,D,20201005,000000,8.37239,9.02807,8.37239,8.90267,0,0
GOP_PB,D,20201006,000000,8.98289,9.14518,8.61498,9.01055,0,0
GOP_PB,D,20201007,000000,8.65095,9.14518,8.65095,8.87593,0,0
GOP_PB,D,20201008,000000,8.72278,8.87593,8.597,8.87593,0,0
GOP_PB,D,20201009,000000,8.92941,8.92941,8.51614,8.597,0,0
GOP_PB,D,20201012,000000,8.597,8.597,8.34546,8.45325,0,0
GOP_PB,D,20201013,000000,8.45325,8.48017,7.7616,7.81544,0,0
GOP_PB,D,20201014,000000,8.01304,8.01304,7.72564,7.72564,0,0
GOP_PB,D,20201015,000000,7.73458,7.73458,7.04293,7.2136,0,0
GOP_PB,D,20201016,000000,6.98898,7.61784,6.96206,7.33034,0,0
GOP_PB,D,20201019,000000,7.61784,7.61784,7.13274,7.3214,0,0
GOP_PB,D,20201020,000000,7.2136,7.24053,7.0788,7.14169,0,0
GOP_PB,D,20201021,000000,7.3214,7.3214,6.94409,7.20457,0,0
GOP_PB,D,20201022,000000,7.11476,7.15072,6.96206,7.08783,0,0
GOP_PB,D,20201023,000000,7.06986,7.06986,6.79138,7.05187,0,0
GOP_PB,D,20201026,000000,7.20457,7.20457,6.77341,6.8812,0,0
GOP_PB,D,20201027,000000,6.89015,6.91715,6.76437,6.89015,0,0
GOP_PB,D,20201028,000000,6.76437,6.76437,6.15359,6.15359,0,0
GOP_PB,D,20201029,000000,6.12657,6.12657,5.51569,6.01878,0,0
GOP_PB,D,20201030,000000,6.03675,6.03675,5.57858,5.62358,0,0
GOP_PB,D,20201102,000000,5.62358,6.18051,5.57858,6.12657,0,0
GOP_PB,D,20201103,000000,6.20743,6.2434,5.87503,6.09964,0,0
GOP_PB,D,20201104,000000,6.09964,6.34224,6.03675,6.09964,0,0
GOP_PB,D,20201105,000000,5.91098,6.35119,5.91098,6.35119,0,0
GOP_PB,D,20201106,000000,6.35119,6.35119,6.09964,6.2434,0,0
GOP_PB,D,20201109,000000,6.2434,6.2434,5.87503,5.96492,0,0
GOP_PB,D,20201110,000000,5.97387,6.12657,5.8481,6.12657,0,0
GOP_PB,D,20201112,000000,6.12657,8.04006,5.97387,7.82449,0,0
GOP_PB,D,20201113,000000,8.04006,8.04006,7.04293,7.57294,0,0
GOP_PB,D,20201116,000000,7.57294,7.57294,7.06986,7.09678,0,0
GOP_PB,D,20201117,000000,7.26746,7.34832,6.93514,7.2136,0,0
GOP_PB,D,20201118,000000,7.24053,7.24053,6.83629,7.15072,0,0
GOP_PB,D,20201119,000000,7.15072,7.2136,6.89015,7.2136,0,0
GOP_PB,D,20201120,000000,7.2136,7.2136,6.89015,7.15072,0,0
GOP_PB,D,20201123,000000,7.14169,7.53698,6.90812,7.53698,0,0
GOP_PB,D,20201124,000000,7.52804,7.53698,7.2136,7.4741,0,0
GOP_PB,D,20201125,000000,7.2136,7.4741,7.12371,7.29438,0,0
GOP_PB,D,20201126,000000,7.29438,7.29438,6.99793,7.2136,0,0
GOP_PB,D,20201127,000000,7.2136,7.45611,6.98898,7.18659,0,0
GOP_PB,D,20201130,000000,7.06986,7.06986,6.39609,6.39609,0,0
GOP_PB,D,20201201,000000,6.26137,6.47696,6.20743,6.26137,0,0
GOP_PB,D,20201202,000000,6.34224,6.34224,6.03675,6.20743,0,0
GOP_PB,D,20201203,000000,6.42302,6.42302,6.05474,6.05474,0,0
GOP_PB,D,20201204,000000,6.20743,6.20743,6.16253,6.16253,0,0
GOP_PB,D,20201207,000000,6.16253,6.34224,6.07272,6.20743,0,0
GOP_PB,D,20201208,000000,6.31523,6.34224,6.17147,6.22542,0,0
GOP_PB,D,20201209,000000,6.31523,6.42302,6.20743,6.31523,0,0
GOP_PB,D,20201210,000000,6.3332,6.3332,5.72233,6.07272,0,0
GOP_PB,D,20201211,000000,6.15359,6.18051,5.96492,6.18051,0,0
GOP_PB,D,20201214,000000,6.18051,6.18051,5.82118,5.98291,0,0
GOP_PB,D,20201215,000000,5.93791,6.07272,5.76724,5.89301,0,0
GOP_PB,D,20201216,000000,6.07272,6.07272,5.82118,5.88406,0,0
GOP_PB,D,20201217,000000,5.88406,5.99186,5.83012,5.93791,0,0
GOP_PB,D,20201218,000000,5.80319,5.99186,5.74935,5.83012,0,0
GOP_PB,D,20201221,000000,5.61454,5.82118,5.61454,5.61454,0,0
GOP_PB,D,20201222,000000,5.61454,5.93791,5.61454,5.72233,0,0
GOP_PB,D,20201223,000000,5.83012,5.85714,5.66848,5.69541,0,0
GOP_PB,D,20201228,000000,5.69541,5.69541,5.46184,5.47079,0,0
GOP_PB,D,20201229,000000,5.46184,5.93791,5.46184,5.52473,0,0
GOP_PB,D,20201230,000000,5.27319,5.74031,5.27319,5.59656,0,0
GOP_PB,D,20210104,000000,5.64147,6.20743,5.64147,6.05474,0,0
GOP_PB,D,20210105,000000,6.31523,6.47696,5.88406,6.07272,0,0
GOP_PB,D,20210107,000000,6.16253,6.47696,5.93791,6.01878,0,0
GOP_PB,D,20210108,000000,6.20743,6.34224,5.99186,6.0458,0,0
GOP_PB,D,20210111,000000,6.19849,6.20743,5.97387,6.0008,0,0
GOP_PB,D,20210112,000000,6.18946,6.18946,6.03675,6.03675,0,0
GOP_PB,D,20210113,000000,6.03675,6.18946,6.03675,6.18051,0,0
GOP_PB,D,20210114,000000,6.19849,6.34224,6.11763,6.26137,0,0
GOP_PB,D,20210115,000000,6.3332,6.42302,6.23436,6.39609,0,0
GOP_PB,D,20210118,000000,6.95303,8.10295,6.95303,8.10295,0,0
GOP_PB,D,20210119,000000,8.23766,8.23766,7.45611,7.45611,0,0
GOP_PB,D,20210120,000000,7.51005,7.77949,7.45611,7.59083,0,0
GOP_PB,D,20210121,000000,7.87833,8.07594,7.61784,8.07594,0,0
GOP_PB,D,20210122,000000,8.10295,8.36344,8.07594,8.36344,0,0
GOP_PB,D,20210125,000000,8.37239,8.63296,8.37239,8.62393,0,0
GOP_PB,D,20210126,000000,8.61498,8.61498,7.99516,8.21969,0,0
GOP_PB,D,20210127,000000,8.04901,8.34546,7.51005,7.82449,0,0
GOP_PB,D,20210128,000000,7.68967,8.10295,7.17765,7.99516,0,0
GOP_PB,D,20210129,000000,7.98612,7.98612,7.6717,7.83343,0,0
GOP_PB,D,20210201,000000,7.70766,7.94121,7.69872,7.69872,0,0
GOP_PB,D,20210202,000000,7.83343,8.06699,7.75256,8.04901,0,0
GOP_PB,D,20210203,000000,8.06699,8.24661,7.81544,7.83343,0,0
GOP_PB,D,20210204,000000,7.83343,8.48017,7.8065,8.45325,0,0
GOP_PB,D,20210205,000000,8.45325,8.88423,8.45325,8.80401,0,0
GOP_PB,D,20210208,000000,8.73172,9.04652,8.37239,8.58806,0,0
GOP_PB,D,20210209,000000,8.58806,8.58806,8.23766,8.37239,0,0
GOP_PB,D,20210210,000000,8.42633,8.48017,8.12988,8.13882,0,0
GOP_PB,D,20210211,000000,8.12988,8.37239,8.10295,8.37239,0,0
GOP_PB,D,20210212,000000,8.37239,8.37239,8.10295,8.22872,0,0
GOP_PB,D,20210215,000000,8.05805,8.50719,7.96815,8.50719,0,0
GOP_PB,D,20210216,000000,8.48017,8.50719,8.36344,8.36344,0,0
GOP_PB,D,20210217,000000,8.23766,8.50719,7.77949,8.37239,0,0
GOP_PB,D,20210218,000000,8.3994,8.77635,7.96815,8.10295,0,0
GOP_PB,D,20210219,000000,6.71947,8.10295,6.26137,6.61167,0,0
GOP_PB,D,20210222,000000,6.47696,6.47696,5.87503,6.02781,0,0
GOP_PB,D,20210223,000000,6.02781,6.0458,5.72233,5.80319,0,0
GOP_PB,D,20210224,000000,5.91098,6.08166,5.85714,6.07272,0,0
GOP_PB,D,20210225,000000,6.07272,6.09964,5.96492,5.99186,0,0
GOP_PB,D,20210226,000000,5.88406,5.93791,5.81214,5.85714,0,0
GOP_PB,D,20210301,000000,6.07272,6.07272,5.69541,5.83012,0,0
GOP_PB,D,20210302,000000,5.98291,5.98291,5.83012,5.93791,0,0
GOP_PB,D,20210303,000000,5.91098,5.93791,5.77627,5.77627,0,0
GOP_PB,D,20210304,000000,5.73136,5.76724,5.53367,5.76724,0,0
GOP_PB,D,20210305,000000,5.91098,5.91098,5.47079,5.55165,0,0
GOP_PB,D,20210308,000000,5.60559,5.6505,5.54271,5.60559,0,0
GOP_PB,D,20210309,000000,5.65944,5.85714,5.56964,5.79426,0,0
GOP_PB,D,20210310,000000,5.79426,5.79426,5.57858,5.61454,0,0
GOP_PB,D,20210311,000000,5.64147,5.80319,5.58761,5.61454,0,0
GOP_PB,D,20210312,000000,5.61454,5.6505,5.35405,5.50675,0,0
GOP_PB,D,20210315,000000,5.50675,5.53367,5.42588,5.50675,0,0
GOP_PB,D,20210316,000000,5.4529,5.4529,5.33607,5.37203,0,0
GOP_PB,D,20210317,000000,5.39896,5.39896,5.10251,5.20136,0,0
GOP_PB,D,20210318,000000,5.2103,5.37203,5.2103,5.34502,0,0
GOP_PB,D,20210319,000000,5.37203,5.37203,5.29116,5.29116,0,0
GOP_PB,D,20210322,000000,5.29116,5.6505,5.29116,5.60559,0,0
GOP_PB,D,20210323,000000,5.66848,5.66848,5.35405,5.35405,0,0
GOP_PB,D,20210324,000000,5.56069,5.56069,5.33607,5.36299,0,0
GOP_PB,D,20210325,000000,5.50675,5.56069,5.29116,5.47982,0,0
GOP_PB,D,20210326,000000,5.50675,5.50675,5.32713,5.50675,0,0
GOP_PB,D,20210329,000000,5.50675,5.56069,5.4529,5.4529,0,0
GOP_PB,D,20210330,000000,5.39896,5.57858,5.39896,5.4529,0,0
GOP_PB,D,20210331,000000,5.41694,5.41694,5.30011,5.34502,0,0
GOP_PB,D,20210401,000000,5.35405,5.37203,5.02164,5.37203,0,0
GOP_PB,D,20210406,000000,5.22828,5.35405,5.15645,5.21924,0,0
GOP_PB,D,20210407,000000,5.27319,5.38097,5.27319,5.32713,0,0
GOP_PB,D,20210408,000000,5.32713,5.38097,5.30011,5.38097,0,0
GOP_PB,D,20210409,000000,5.38097,5.43492,5.21924,5.35405,0,0
GOP_PB,D,20210412,000000,5.36299,5.36299,5.16539,5.21924,0,0
GOP_PB,D,20210413,000000,5.27319,5.27319,5.18337,5.26424,0,0
GOP_PB,D,20210414,000000,5.20136,5.24626,5.16539,5.21924,0,0
GOP_PB,D,20210415,000000,5.21924,5.21924,5.13847,5.16539,0,0
GOP_PB,D,20210416,000000,5.21924,5.27319,5.16539,5.2552,0,0
GOP_PB,D,20210419,000000,5.27319,5.30011,5.04857,5.12049,0,0
GOP_PB,D,20210420,000000,5.10251,5.10251,5.03068,5.03068,0,0
GOP_PB,D,20210421,000000,5.03068,5.10251,5.00366,5.10251,0,0
GOP_PB,D,20210422,000000,5.10251,5.10251,4.94981,4.94981,0,0
GOP_PB,D,20210423,000000,4.94981,5.0576,4.94981,4.97674,0,0
GOP_PB,D,20210426,000000,4.91385,4.91385,4.68029,4.86,0,0
GOP_PB,D,20210427,000000,4.86895,4.86895,4.53653,4.6623,0,0
GOP_PB,D,20210428,000000,4.61741,4.65336,4.51856,4.61741,0,0
GOP_PB,D,20210429,000000,4.56355,4.60846,4.56355,4.59047,0,0
GOP_PB,D,20210430,000000,4.59047,4.61741,4.54558,4.61741,0,0
GOP_PB,D,20210504,000000,4.61741,4.61741,4.51856,4.59942,0,0
GOP_PB,D,20210505,000000,4.59942,4.59942,4.51856,4.52759,0,0
GOP_PB,D,20210506,000000,4.52759,4.53653,4.1772,4.1772,0,0
GOP_PB,D,20210507,000000,4.1772,4.1772,4.07845,4.11432,0,0
GOP_PB,D,20210510,000000,4.09634,4.10537,3.97066,4.09634,0,0
GOP_PB,D,20210511,000000,4.09634,4.18624,4.07845,4.18624,0,0
GOP_PB,D,20210512,000000,4.18624,4.32096,4.15922,4.1772,0,0
GOP_PB,D,20210513,000000,4.1772,4.23114,3.98855,4.12335,0,0
GOP_PB,D,20210514,000000,3.98855,4.1772,3.98855,4.1772,0,0
GOP_PB,D,20210517,000000,4.1772,4.20422,4.07845,4.19518,0,0
GOP_PB,D,20210518,000000,4.19518,4.19518,4.13229,4.13229,0,0
GOP_PB,D,20210519,000000,4.14133,4.14133,4.08739,4.10537,0,0
GOP_PB,D,20210520,000000,4.09634,4.29403,3.98855,4.29403,0,0
GOP_PB,D,20210521,000000,4.29403,4.34788,4.2671,4.34788,0,0
GOP_PB,D,20210524,000000,4.34788,4.43778,4.27605,4.3749,0,0
GOP_PB,D,20210525,000000,4.42874,4.48268,4.34788,4.47365,0,0
GOP_PB,D,20210526,000000,4.4647,4.4647,4.25807,4.3749,0,0
GOP_PB,D,20210527,000000,4.34788,4.34788,4.00652,4.1772,0,0
GOP_PB,D,20210528,000000,4.13229,4.21316,4.13229,4.21316,0,0
GOP_PB,D,20210531,000000,4.34788,4.35691,3.88075,3.88075,0,0
GOP_PB,D,20210601,000000,3.97066,4.12335,3.84489,4.05143,0,0
GOP_PB,D,20210602,000000,4.11432,4.14133,4.05143,4.14133,0,0
GOP_PB,D,20210604,000000,4.14133,4.14133,4.04249,4.04249,0,0
GOP_PB,D,20210607,000000,4.04249,4.12335,3.92566,4.11432,0,0
GOP_PB,D,20210608,000000,4.11432,4.11432,4.01556,4.04249,0,0
GOP_PB,D,20210609,000000,4.11432,4.14133,4.04249,4.11432,0,0
GOP_PB,D,20210610,000000,4.11432,4.11432,3.84489,3.93469,0,0
GOP_PB,D,20210611,000000,3.93469,3.93469,3.91672,3.93469,0,0
GOP_PB,D,20210614,000000,3.93469,3.93469,3.88075,3.88075,0,0
GOP_PB,D,20210615,000000,3.93469,3.93469,3.88075,3.93469,0,0
GOP_PB,D,20210616,000000,3.92566,3.93469,3.89873,3.93469,0,0
GOP_PB,D,20210617,000000,3.93469,3.93469,3.782,3.782,0,0
GOP_PB,D,20210618,000000,3.782,3.86278,3.782,3.85383,0,0
GOP_PB,D,20210621,000000,3.85383,3.85383,3.67421,3.782,0,0
GOP_PB,D,20210622,000000,3.782,3.87181,3.67421,3.87181,0,0
GOP_PB,D,20210623,000000,3.75498,3.88075,3.75498,3.80892,0,0
GOP_PB,D,20210624,000000,3.88075,3.88075,3.87181,3.88075,0,0
GOP_PB,D,20210625,000000,3.88075,3.88075,3.83584,3.83584,0,0
GOP_PB,D,20210628,000000,3.88075,3.88075,3.83584,3.86278,0,0
GOP_PB,D,20210629,000000,3.86278,3.86278,3.83584,3.83584,0,0
GOP_PB,D,20210630,000000,3.88075,3.88075,3.83584,3.88075,0,0
GOP_PB,D,20210701,000000,3.88075,3.88075,3.86278,3.87181,0,0
GOP_PB,D,20210702,000000,3.87181,3.88075,3.86278,3.86278,0,0
GOP_PB,D,20210705,000000,3.86278,3.88075,3.83584,3.83584,0,0
GOP_PB,D,20210706,000000,3.84489,3.88075,3.8269,3.88075,0,0
GOP_PB,D,20210707,000000,3.83584,3.88075,3.80892,3.88075,0,0
GOP_PB,D,20210708,000000,3.88075,3.88075,3.88075,3.88075,0,0
GOP_PB,D,20210709,000000,3.88075,3.88075,3.88075,3.88075,0,0
GOP_PB,D,20210712,000000,3.88075,3.88075,3.75498,3.87181,0,0
GOP_PB,D,20210713,000000,3.87181,3.87181,3.74604,3.74604,0,0
GOP_PB,D,20210714,000000,3.782,3.87181,3.74604,3.74604,0,0
GOP_PB,D,20210715,000000,3.83584,3.83584,3.75498,3.8269,0,0
GOP_PB,D,20210716,000000,3.75498,3.80892,3.67421,3.80892,0,0
GOP_PB,D,20210719,000000,3.73701,3.80892,3.70113,3.73701,0,0
GOP_PB,D,20210720,000000,3.70113,3.85383,3.67421,3.67421,0,0
GOP_PB,D,20210721,000000,3.75498,3.75498,3.66518,3.67421,0,0
GOP_PB,D,20210722,000000,3.72806,3.72806,3.72806,3.72806,0,0
GOP_PB,D,20210723,000000,3.75498,3.75498,3.75498,3.75498,0,0
GOP_PB,D,20210726,000000,3.75498,3.75498,3.67421,3.75498,0,0
GOP_PB,D,20210727,000000,3.75498,3.75498,3.68315,3.71007,0,0
GOP_PB,D,20210728,000000,3.75498,3.75498,3.10823,3.10823,0,0
GOP_PB,D,20210729,000000,3.1891,3.19805,3.0992,3.0992,0,0
GOP_PB,D,20210730,000000,3.20699,3.20699,3.0992,3.19805,0,0
GOP_PB,D,20210802,000000,3.234,3.234,2.84766,2.9465,0,0
GOP_PB,D,20210803,000000,2.93756,2.93756,2.86564,2.92852,0,0
GOP_PB,D,20210804,000000,2.92852,2.92852,2.78486,2.84766,0,0
GOP_PB,D,20210805,000000,3.10823,3.10823,2.9016,3.09026,0,0
GOP_PB,D,20210806,000000,3.09026,3.10823,3.05429,3.10823,0,0
GOP_PB,D,20210809,000000,3.05429,3.17112,3.05429,3.10823,0,0
GOP_PB,D,20210810,000000,3.17112,3.17112,3.02737,3.08131,0,0
GOP_PB,D,20210811,000000,3.09026,3.09026,3.08131,3.09026,0,0
GOP_PB,D,20210812,000000,3.09026,3.09026,2.95554,2.96449,0,0
GOP_PB,D,20210813,000000,2.96449,3.07228,2.95554,3.07228,0,0
GOP_PB,D,20210816,000000,2.96449,3.07228,2.96449,2.99141,0,0
GOP_PB,D,20210817,000000,2.99141,3.10823,2.99141,3.10823,0,0
GOP_PB,D,20210818,000000,3.08131,3.08131,2.99141,3.05429,0,0
GOP_PB,D,20210819,000000,2.98246,3.02737,2.9016,3.01843,0,0
GOP_PB,D,20210820,000000,3.01843,3.01843,2.92852,2.93756,0,0
GOP_PB,D,20210823,000000,2.99141,3.12622,2.84766,3.12622,0,0
GOP_PB,D,20210824,000000,3.09026,3.12622,2.98246,3.01843,0,0
GOP_PB,D,20210825,000000,3.17112,3.234,3.00939,3.234,0,0
GOP_PB,D,20210826,000000,3.24295,3.26988,3.16209,3.234,0,0
GOP_PB,D,20210827,000000,3.234,3.26093,3.09026,3.15314,0,0
GOP_PB,D,20210830,000000,3.24295,3.24295,3.09026,3.22497,0,0
GOP_PB,D,20210831,000000,3.24295,3.24295,3.12622,3.13516,0,0
GOP_PB,D,20210901,000000,3.22497,3.22497,3.0992,3.19805,0,0
GOP_PB,D,20210902,000000,3.19805,3.19805,3.14411,3.17112,0,0
GOP_PB,D,20210903,000000,3.234,3.234,3.14411,3.22497,0,0
GOP_PB,D,20210906,000000,3.27891,3.32382,3.25199,3.27891,0,0
GOP_PB,D,20210907,000000,3.25199,3.27891,3.16209,3.1891,0,0
GOP_PB,D,20210908,000000,3.28786,3.48555,3.22497,3.44056,0,0
GOP_PB,D,20210909,000000,3.44056,3.51247,3.44056,3.50344,0,0
GOP_PB,D,20210910,000000,3.50344,3.50344,3.3867,3.3867,0,0
GOP_PB,D,20210913,000000,3.3867,3.50344,3.3867,3.50344,0,0
GOP_PB,D,20210914,000000,3.51247,3.51247,3.3867,3.46757,0,0
GOP_PB,D,20210915,000000,3.55,3.55,3.25494,3.33792,0,0
GOP_PB,D,20210916,000000,3.33792,3.37481,3.2365,3.37481,0,0
GOP_PB,D,20210917,000000,3.22728,3.37481,3.22728,3.31027,0,0
GOP_PB,D,20210920,000000,3.30104,3.30104,3.18117,3.2826,0,0
GOP_PB,D,20210921,000000,3.2826,3.37481,3.09818,3.37481,0,0
GOP_PB,D,20210922,000000,3.53157,3.53157,3.18117,3.47624,0,0
GOP_PB,D,20210923,000000,3.43935,3.5039,3.24572,3.46701,0,0
GOP_PB,D,20210924,000000,3.49468,3.49468,3.36558,3.43935,0,0
GOP_PB,D,20210927,000000,3.43935,3.53157,3.31948,3.53157,0,0
GOP_PB,D,20210928,000000,3.53157,3.54078,3.31948,3.39325,0,0
GOP_PB,D,20210929,000000,3.59611,3.59611,3.32871,3.47624,0,0
GOP_PB,D,20210930,000000,3.56844,3.63299,3.36558,3.53157,0,0
GOP_PB,D,20211001,000000,3.55923,3.8174,3.5039,3.8174,0,0
GOP_PB,D,20211004,000000,3.8174,3.90961,3.8174,3.84507,0,0
GOP_PB,D,20211005,000000,3.7252,3.86351,3.71598,3.84507,0,0
GOP_PB,D,20211006,000000,3.95572,3.95572,3.7252,3.7252,0,0
GOP_PB,D,20211007,000000,3.8174,3.8174,3.78053,3.78053,0,0
GOP_PB,D,20211008,000000,3.8174,3.8174,3.74364,3.74364,0,0
GOP_PB,D,20211011,000000,3.74364,3.84507,3.7252,3.76208,0,0
GOP_PB,D,20211012,000000,3.69754,3.78974,3.34715,3.66987,0,0
GOP_PB,D,20211013,000000,3.6791,3.7252,3.58688,3.7252,0,0
GOP_PB,D,20211014,000000,3.71598,3.74364,3.64221,3.66065,0,0
GOP_PB,D,20211015,000000,3.66987,3.69754,3.62377,3.62377,0,0
GOP_PB,D,20211018,000000,3.59611,3.62377,3.58688,3.58688,0,0
GOP_PB,D,20211019,000000,3.58688,3.64221,3.46701,3.64221,0,0
GOP_PB,D,20211020,000000,3.60533,3.60533,3.43935,3.52234,0,0
GOP_PB,D,20211021,000000,3.52234,3.52234,3.29182,3.37481,0,0
GOP_PB,D,20211022,000000,3.37481,3.44857,3.32871,3.32871,0,0
GOP_PB,D,20211025,000000,3.46701,3.48546,3.37481,3.37481,0,0
GOP_PB,D,20211026,000000,3.46701,3.46701,3.34715,3.37481,0,0
GOP_PB,D,20211027,000000,3.46701,3.46701,3.30104,3.35637,0,0
GOP_PB,D,20211028,000000,3.35637,3.39325,3.21805,3.2826,0,0
GOP_PB,D,20211029,000000,3.34715,3.34715,3.13507,3.19039,0,0
GOP_PB,D,20211102,000000,3.13507,3.17195,3.02442,3.17195,0,0
GOP_PB,D,20211103,000000,3.02442,3.13507,3.02442,3.13507,0,0
GOP_PB,D,20211104,000000,3.10741,3.11662,3.07974,3.10741,0,0
GOP_PB,D,20211105,000000,3.11662,3.16274,3.10741,3.16274,0,0
GOP_PB,D,20211108,000000,3.16274,3.2826,3.14429,3.14429,0,0
GOP_PB,D,20211109,000000,3.14429,3.20884,2.96909,2.99675,0,0
GOP_PB,D,20211110,000000,2.99675,2.99675,2.82156,2.96909,0,0
GOP_PB,D,20211112,000000,2.94143,3.02442,2.87689,2.87689,0,0
GOP_PB,D,20211115,000000,2.95065,2.95988,2.87689,2.87689,0,0
GOP_PB,D,20211116,000000,2.90455,2.93221,2.84922,2.93221,0,0
GOP_PB,D,20211117,000000,2.93221,2.93221,2.83078,2.89532,0,0
GOP_PB,D,20211118,000000,2.91377,2.93221,2.83078,2.90455,0,0
GOP_PB,D,20211119,000000,2.93221,2.93221,2.79389,2.79389,0,0
GOP_PB,D,20211122,000000,2.87689,2.87689,2.72013,2.78468,0,0
GOP_PB,D,20211123,000000,2.76624,2.87689,2.72935,2.87689,0,0
GOP_PB,D,20211124,000000,2.87689,2.87689,2.77546,2.83078,0,0
GOP_PB,D,20211125,000000,2.86766,2.86766,2.74779,2.79389,0,0
GOP_PB,D,20211126,000000,2.84922,2.84922,2.64636,2.70169,0,0
GOP_PB,D,20211129,000000,2.65559,2.82156,2.59105,2.68325,0,0
GOP_PB,D,20211130,000000,2.69247,2.70169,2.69247,2.70169,0,0
GOP_PB,D,20211201,000000,2.68325,2.68325,2.48962,2.48962,0,0
GOP_PB,D,20211202,000000,2.49883,2.49883,2.43429,2.46195,0,0
GOP_PB,D,20211203,000000,2.43429,2.48039,2.3974,2.43429,0,0
GOP_PB,D,20211206,000000,2.32364,2.45273,2.32364,2.43429,0,0
GOP_PB,D,20211207,000000,2.45273,2.70169,2.41585,2.70169,0,0
GOP_PB,D,20211208,000000,2.70169,2.72013,2.67403,2.72013,0,0
GOP_PB,D,20211209,000000,2.77546,2.77546,2.72935,2.72935,0,0
GOP_PB,D,20211210,000000,2.72935,2.77546,2.49883,2.69247,0,0
GOP_PB,D,20211213,000000,2.74779,2.74779,2.51728,2.65559,0,0
GOP_PB,D,20211214,000000,2.52649,2.64636,2.50806,2.56338,0,0
GOP_PB,D,20211215,000000,2.56338,2.56338,2.32364,2.50806,0,0
GOP_PB,D,20211216,000000,2.50806,2.50806,2.41585,2.50806,0,0
GOP_PB,D,20211217,000000,2.48039,2.48039,2.36974,2.37896,0,0
GOP_PB,D,20211220,000000,2.37896,2.45273,2.37896,2.37896,0,0
GOP_PB,D,20211221,000000,2.36974,2.45273,2.36974,2.42506,0,0
GOP_PB,D,20211222,000000,2.36974,2.50806,2.36052,2.48039,0,0
GOP_PB,D,20211223,000000,2.36974,2.42506,2.31442,2.42506,0,0
GOP_PB,D,20211227,000000,2.42506,2.42506,2.29597,2.3052,0,0
GOP_PB,D,20211228,000000,2.3052,2.34208,2.3052,2.3052,0,0
GOP_PB,D,20211229,000000,2.42506,2.6187,2.36974,2.59105,0,0
GOP_PB,D,20211230,000000,2.59105,2.59105,2.48039,2.59105,0,0
GOP_PB,D,20220103,000000,2.60948,2.60948,2.42506,2.56338,0,0
GOP_PB,D,20220104,000000,2.56338,2.59105,2.48039,2.51728,0,0
GOP_PB,D,20220105,000000,2.46195,2.52649,2.42506,2.43429,0,0
GOP_PB,D,20220107,000000,2.50806,2.53572,2.40663,2.45273,0,0
GOP_PB,D,20220110,000000,2.58182,2.58182,2.49883,2.56338,0,0
GOP_PB,D,20220111,000000,2.56338,2.70169,2.50806,2.70169,0,0
GOP_PB,D,20220112,000000,2.70169,2.70169,2.64636,2.70169,0,0
GOP_PB,D,20220113,000000,2.70169,2.70169,2.65559,2.70169,0,0
GOP_PB,D,20220114,000000,2.70169,2.72013,2.60948,2.67403,0,0
GOP_PB,D,20220117,000000,2.70169,2.72013,2.69247,2.72013,0,0
GOP_PB,D,20220118,000000,2.71091,2.72013,2.6187,2.70169,0,0
GOP_PB,D,20220119,000000,2.70169,2.70169,2.58182,2.68325,0,0
GOP_PB,D,20220120,000000,2.64636,2.66481,2.59105,2.66481,0,0
GOP_PB,D,20220121,000000,2.5726,2.62792,2.56338,2.60948,0,0
GOP_PB,D,20220124,000000,2.60948,2.60948,2.40663,2.42506,0,0
GOP_PB,D,20220125,000000,2.50806,2.50806,2.33286,2.44351,0,0
GOP_PB,D,20220126,000000,2.45273,2.45273,2.43429,2.43429,0,0
GOP_PB,D,20220127,000000,2.38819,2.45273,2.38819,2.45273,0,0
GOP_PB,D,20220128,000000,2.45273,2.45273,2.38819,2.43429,0,0
GOP_PB,D,20220131,000000,2.45273,2.56338,2.43429,2.56338,0,0
GOP_PB,D,20220201,000000,2.59105,2.59105,2.50806,2.56338,0,0
GOP_PB,D,20220202,000000,2.56338,2.56338,2.44351,2.55416,0,0
GOP_PB,D,20220203,000000,2.45273,2.55416,2.3974,2.45273,0,0
GOP_PB,D,20220204,000000,2.40663,2.52649,2.37896,2.52649,0,0
GOP_PB,D,20220207,000000,2.53572,2.53572,2.3974,2.49883,0,0
GOP_PB,D,20220208,000000,2.53572,2.53572,2.34208,2.42506,0,0
GOP_PB,D,20220209,000000,2.47117,2.47117,2.37896,2.44351,0,0
GOP_PB,D,20220210,000000,2.44351,2.45273,2.44351,2.45273,0,0
GOP_PB,D,20220211,000000,2.45273,2.45273,2.27753,2.36052,0,0
GOP_PB,D,20220214,000000,2.32364,2.3974,2.24065,2.25909,0,0
GOP_PB,D,20220215,000000,2.27753,2.29597,2.23143,2.29597,0,0
GOP_PB,D,20220216,000000,2.31442,2.36974,2.24987,2.32364,0,0
GOP_PB,D,20220217,000000,2.3052,2.32364,2.26832,2.31442,0,0
GOP_PB,D,20220218,000000,2.26832,2.32364,2.24065,2.3052,0,0
GOP_PB,D,20220221,000000,2.24987,2.31442,2.24987,2.31442,0,0
GOP_PB,D,20220222,000000,2.24987,2.29597,2.24987,2.28676,0,0
GOP_PB,D,20220223,000000,2.26832,2.26832,2.21299,2.26832,0,0
GOP_PB,D,20220224,000000,2.07467,2.1761,1.77039,1.97324,0,0
GOP_PB,D,20220225,000000,1.97324,2.13,1.9087,2.13,0,0
GOP_PB,D,20220228,000000,2.13,2.29597,2.0378,2.24065,0,0
GOP_PB,D,20220301,000000,2.24065,2.24987,2.13923,2.24987,0,0
GOP_PB,D,20220302,000000,2.15766,2.28676,2.0378,2.23143,0,0
GOP_PB,D,20220303,000000,2.23143,2.23143,2.18533,2.18533,0,0
GOP_PB,D,20220304,000000,2.18533,2.27753,2.12079,2.20377,0,0
GOP_PB,D,20220307,000000,2.15766,2.16689,2.07467,2.16689,0,0
GOP_PB,D,20220308,000000,2.20377,2.20377,2.13,2.16689,0,0
GOP_PB,D,20220309,000000,2.18533,2.25909,2.02857,2.15766,0,0
GOP_PB,D,20220310,000000,2.15766,2.15766,2.15766,2.15766,0,0
GOP_PB,D,20220311,000000,2.15766,2.23143,2.13,2.23143,0,0
GOP_PB,D,20220314,000000,2.15766,2.15766,2.0839,2.10234,0,0
GOP_PB,D,20220315,000000,2.18533,2.18533,2.10234,2.10234,0,0
GOP_PB,D,20220316,000000,2.07467,2.1761,2.07467,2.13923,0,0
GOP_PB,D,20220317,000000,2.14844,2.20377,2.14844,2.20377,0,0
GOP_PB,D,20220318,000000,2.20377,2.21299,2.18533,2.20377,0,0
GOP_PB,D,20220321,000000,2.21299,2.21299,2.21299,2.21299,0,0
GOP_PB,D,20220322,000000,2.25909,2.3513,2.25909,2.32364,0,0
GOP_PB,D,20220323,000000,2.34208,2.34208,2.19455,2.27753,0,0
GOP_PB,D,20220324,000000,2.27753,2.27753,2.24065,2.25909,0,0
GOP_PB,D,20220325,000000,2.26832,2.33286,2.18533,2.33286,0,0
GOP_PB,D,20220328,000000,2.33286,2.33286,2.22221,2.32364,0,0
GOP_PB,D,20220329,000000,2.34208,2.34208,2.21299,2.28676,0,0
GOP_PB,D,20220330,000000,2.26832,2.26832,2.21299,2.24987,0,0
GOP_PB,D,20220331,000000,2.25909,2.25909,2.18533,2.24065,0,0
GOP_PB,D,20220401,000000,2.24065,2.24065,2.18533,2.23143,0,0
GOP_PB,D,20220404,000000,2.23143,2.24065,2.15766,2.21299,0,0
GOP_PB,D,20220405,000000,2.22221,2.24065,2.00091,2.00091,0,0
GOP_PB,D,20220406,000000,2.0839,2.0839,1.91793,2.0378,0,0
GOP_PB,D,20220407,000000,2.04701,2.07467,1.99169,2.07467,0,0
GOP_PB,D,20220408,000000,2.07467,2.07467,1.9548,2.0378,0,0
GOP_PB,D,20220411,000000,2.06546,2.06546,1.9548,2.01013,0,0
GOP_PB,D,20220412,000000,2.04701,2.05623,1.96403,2.0378,0,0
GOP_PB,D,20220413,000000,2.07467,2.07467,1.9548,2.0378,0,0
GOP_PB,D,20220414,000000,2.06546,2.06546,1.9548,2.01013,0,0
GOP_PB,D,20220419,000000,2.04701,2.04701,1.94559,1.98247,0,0
GOP_PB,D,20220420,000000,2.04701,2.04701,1.89026,1.9548,0,0
GOP_PB,D,20220421,000000,2.01013,2.01013,1.89026,1.97324,0,0
GOP_PB,D,20220422,000000,1.85338,2.00091,1.85338,2.00091,0,0
GOP_PB,D,20220425,000000,2.00091,2.00091,1.80727,1.89026,0,0
GOP_PB,D,20220426,000000,1.92714,2.00091,1.88104,1.94559,0,0
GOP_PB,D,20220427,000000,1.94559,1.94559,1.80727,1.87182,0,0
GOP_PB,D,20220428,000000,1.9087,1.9087,1.77961,1.77961,0,0
GOP_PB,D,20220429,000000,1.80727,1.83494,1.74273,1.83494,0,0
GOP_PB,D,20220502,000000,1.83494,1.87182,1.76117,1.87182,0,0
GOP_PB,D,20220504,000000,1.87182,1.88104,1.8165,1.88104,0,0
GOP_PB,D,20220505,000000,1.8165,1.9087,1.8165,1.8626,0,0
GOP_PB,D,20220506,000000,1.8626,1.8626,1.77961,1.77961,0,0
GOP_PB,D,20220509,000000,1.89026,1.89026,1.73351,1.73351,0,0
GOP_PB,D,20220510,000000,1.73351,1.89026,1.73351,1.83494,0,0
GOP_PB,D,20220511,000000,1.83494,1.83494,1.75195,1.82571,0,0
GOP_PB,D,20220512,000000,1.83494,1.83494,1.76117,1.82571,0,0
GOP_PB,D,20220513,000000,1.82571,1.83494,1.76117,1.83494,0,0
GOP_PB,D,20220516,000000,1.85338,1.85338,1.80727,1.80727,0,0
GOP_PB,D,20220517,000000,1.80727,1.80727,1.73351,1.80727,0,0
GOP_PB,D,20220518,000000,1.80727,1.83494,1.75195,1.80727,0,0
GOP_PB,D,20220519,000000,1.83494,1.83494,1.70584,1.77961,0,0
GOP_PB,D,20220520,000000,1.77961,1.77961,1.70584,1.77961,0,0
GOP_PB,D,20220523,000000,1.77961,1.78883,1.77039,1.77039,0,0
GOP_PB,D,20220524,000000,1.78883,1.78883,1.77039,1.77961,0,0
GOP_PB,D,20220525,000000,1.78883,1.78883,1.71507,1.77961,0,0
GOP_PB,D,20220526,000000,1.77961,1.77961,1.73351,1.77961,0,0
GOP_PB,D,20220527,000000,1.77961,1.77961,1.77961,1.77961,0,0
GOP_PB,D,20220530,000000,1.78883,1.78883,1.71507,1.77961,0,0
GOP_PB,D,20220531,000000,1.79806,2.13,1.79806,2.13,0,0
GOP_PB,D,20220601,000000,2.05623,2.20377,1.99169,2.10234,0,0
GOP_PB,D,20220602,000000,2.10234,2.10234,2.00091,2.05623,0,0
GOP_PB,D,20220603,000000,2.05623,2.05623,1.9548,1.9548,0,0
GOP_PB,D,20220606,000000,1.94559,2.04701,1.94559,1.94559,0,0
GOP_PB,D,20220607,000000,2.0378,2.0378,1.91793,1.99169,0,0
GOP_PB,D,20220608,000000,1.99169,1.99169,1.83494,1.83494,0,0
GOP_PB,D,20220609,000000,1.96403,1.96403,1.83494,1.8626,0,0
GOP_PB,D,20220610,000000,1.8626,1.8626,1.74273,1.83494,0,0
GOP_PB,D,20220613,000000,1.83494,1.83494,1.61364,1.61364,0,0
GOP_PB,D,20220614,000000,1.5952,1.66897,1.5952,1.65974,0,0
GOP_PB,D,20220615,000000,1.65974,1.65974,1.65974,1.65974,0,0
GOP_PB,D,20220617,000000,1.65974,1.65974,1.6413,1.65974,0,0
GOP_PB,D,20220620,000000,1.65974,1.74273,1.5952,1.74273,0,0
GOP_PB,D,20220621,000000,1.71507,1.76117,1.71507,1.74273,0,0
GOP_PB,D,20220622,000000,1.73351,1.73351,1.65974,1.65974,0,0
GOP_PB,D,20220623,000000,1.71507,1.71507,1.57675,1.6413,0,0
GOP_PB,D,20220624,000000,1.6413,1.71507,1.5952,1.66897,0,0
GOP_PB,D,20220627,000000,1.6413,1.76117,1.61364,1.65052,0,0
GOP_PB,D,20220628,000000,1.71507,1.75195,1.61364,1.75195,0,0
GOP_PB,D,20220629,000000,1.74273,1.74273,1.61364,1.67818,0,0
GOP_PB,D,20220630,000000,1.71507,1.71507,1.63208,1.66897,0,0
GOP_PB,D,20220701,000000,1.71507,1.71507,1.61364,1.65974,0,0
GOP_PB,D,20220704,000000,1.6874,1.6874,1.5952,1.65052,0,0
GOP_PB,D,20220705,000000,1.6874,1.6874,1.5952,1.65052,0,0
GOP_PB,D,20220706,000000,1.6874,1.6874,1.5952,1.65974,0,0
GOP_PB,D,20220707,000000,1.6874,1.6874,1.62286,1.66897,0,0
GOP_PB,D,20220708,000000,1.66897,1.69663,1.65974,1.69663,0,0
GOP_PB,D,20220711,000000,1.71507,1.74273,1.66897,1.74273,0,0
GOP_PB,D,20220712,000000,1.74273,1.74273,1.71507,1.71507,0,0
GOP_PB,D,20220713,000000,1.74273,1.74273,1.69663,1.70584,0,0
GOP_PB,D,20220714,000000,1.71507,1.71507,1.70584,1.70584,0,0
GOP_PB,D,20220715,000000,1.70584,1.70584,1.65052,1.6874,0,0
GOP_PB,D,20220718,000000,1.71507,1.73351,1.62286,1.72429,0,0
GOP_PB,D,20220719,000000,1.73351,1.73351,1.66897,1.67818,0,0
GOP_PB,D,20220720,000000,1.73351,1.73351,1.63208,1.66897,0,0
GOP_PB,D,20220721,000000,1.73351,1.73351,1.6413,1.67818,0,0
GOP_PB,D,20220722,000000,1.67818,1.82571,1.6413,1.82571,0,0
GOP_PB,D,20220725,000000,1.75195,1.8165,1.75195,1.8165,0,0
GOP_PB,D,20220726,000000,1.8165,1.9548,1.77961,1.85338,0,0
GOP_PB,D,20220727,000000,1.91793,1.91793,1.77039,1.84416,0,0
GOP_PB,D,20220728,000000,1.84416,1.85338,1.74273,1.84416,0,0
GOP_PB,D,20220729,000000,1.77961,1.84416,1.77039,1.82571,0,0
GOP_PB,D,20220801,000000,1.83494,1.88104,1.76117,1.88104,0,0
GOP_PB,D,20220802,000000,1.96403,2.13923,1.93637,1.99169,0,0
GOP_PB,D,20220803,000000,1.99169,2.14844,1.89026,2.13923,0,0
GOP_PB,D,20220804,000000,2.13923,2.13923,2.0378,2.10234,0,0
GOP_PB,D,20220805,000000,2.10234,2.10234,2.00091,2.02857,0,0
GOP_PB,D,20220808,000000,1.93637,2.18533,1.93637,2.18533,0,0
GOP_PB,D,20220809,000000,2.18533,2.18533,2.0839,2.16689,0,0
GOP_PB,D,20220810,000000,2.20377,2.26832,2.09312,2.15766,0,0
GOP_PB,D,20220811,000000,2.15766,2.27753,2.15766,2.27753,0,0
GOP_PB,D,20220812,000000,2.27753,2.27753,2.14844,2.24987,0,0
GOP_PB,D,20220816,000000,2.21299,2.24987,2.13923,2.18533,0,0
GOP_PB,D,20220817,000000,2.24065,2.24065,2.11156,2.1761,0,0
GOP_PB,D,20220818,000000,2.16689,2.16689,2.06546,2.12079,0,0
GOP_PB,D,20220819,000000,2.15766,2.15766,2.01936,2.07467,0,0
GOP_PB,D,20220822,000000,2.05623,2.05623,1.97324,2.0378,0,0
GOP_PB,D,20220823,000000,2.04701,2.04701,2.0378,2.0378,0,0
GOP_PB,D,20220824,000000,2.02857,2.13923,2.02857,2.10234,0,0
GOP_PB,D,20220825,000000,2.20377,2.20377,2.13923,2.13923,0,0
GOP_PB,D,20220826,000000,2.19455,2.20377,2.13,2.13,0,0
GOP_PB,D,20220829,000000,2.12079,2.12079,2.00091,2.10234,0,0
GOP_PB,D,20220830,000000,2.10234,2.13923,2.10234,2.10234,0,0
GOP_PB,D,20220831,000000,2.13923,2.18533,2.06546,2.15766,0,0
GOP_PB,D,20220901,000000,2.18533,2.18533,2.02857,2.10234,0,0
GOP_PB,D,20220902,000000,2.16689,2.16689,2.15766,2.15766,0,0
GOP_PB,D,20220905,000000,2.13,2.23143,2.13,2.23143,0,0
GOP_PB,D,20220906,000000,2.23143,2.23143,2.15766,2.22221,0,0
GOP_PB,D,20220907,000000,2.23143,2.23143,2.15766,2.22221,0,0
GOP_PB,D,20220908,000000,2.24065,2.24065,2.16689,2.24065,0,0
GOP_PB,D,20220909,000000,2.23143,2.23143,2.1761,2.22221,0,0
GOP_PB,D,20220912,000000,2.23143,2.23143,2.13923,2.20377,0,0
GOP_PB,D,20220913,000000,2.21299,2.24987,2.12079,2.24987,0,0
GOP_PB,D,20220914,000000,2.24987,2.24987,2.13923,2.24987,0,0
GOP_PB,D,20220915,000000,2.18533,2.24987,2.13923,2.22221,0,0
GOP_PB,D,20220916,000000,2.21299,2.21299,2.15766,2.21299,0,0
GOP_PB,D,20220919,000000,2.21299,2.21299,2.15766,2.21299,0,0
GOP_PB,D,20220920,000000,2.24065,2.24065,2.14844,2.18533,0,0
GOP_PB,D,20220921,000000,2.22221,2.24065,2.1761,2.24065,0,0
GOP_PB,D,20220922,000000,2.24065,2.40663,2.21299,2.24987,0,0
GOP_PB,D,20220923,000000,2.27753,2.3052,2.18533,2.25909,0,0
GOP_PB,D,20220926,000000,2.25909,2.25909,2.04701,2.16689,0,0
GOP_PB,D,20220927,000000,2.24065,2.24065,2.13923,2.13923,0,0
GOP_PB,D,20220928,000000,2.18533,2.18533,2.13923,2.1761,0,0
GOP_PB,D,20220929,000000,2.01791,2.24104,2.01791,2.24104,0,0
GOP_PB,D,20220930,000000,2.12463,2.23134,2.12463,2.22164,0,0
GOP_PB,D,20221003,000000,2.21194,2.21194,2.14403,2.15373,0,0
GOP_PB,D,20221004,000000,2.15373,2.24104,2.11493,2.11493,0,0
GOP_PB,D,20221005,000000,2.11493,2.19254,2.04701,2.09552,0,0
GOP_PB,D,20221006,000000,2.10522,2.19254,2.10522,2.17313,0,0
GOP_PB,D,20221007,000000,2.27015,2.27015,2.14403,2.26045,0,0
GOP_PB,D,20221010,000000,2.34776,2.34776,2.19254,2.22164,0,0
GOP_PB,D,20221011,000000,2.27985,2.27985,2.10522,2.18284,0,0
GOP_PB,D,20221012,000000,2.25075,2.33806,2.06642,2.08582,0,0
GOP_PB,D,20221013,000000,2.08582,2.08582,1.9306,2.01791,0,0
GOP_PB,D,20221014,000000,2.08582,2.08582,1.99851,2.07612,0,0
GOP_PB,D,20221017,000000,2.08582,2.08582,1.9791,1.99851,0,0
GOP_PB,D,20221018,000000,2.08582,2.17313,1.9209,1.9597,0,0
GOP_PB,D,20221019,000000,2.01791,2.01791,1.82388,1.99851,0,0
GOP_PB,D,20221020,000000,1.88209,1.99851,1.88209,1.98881,0,0
GOP_PB,D,20221021,000000,1.98881,1.98881,1.85299,1.85299,0,0
GOP_PB,D,20221024,000000,1.86269,1.9694,1.85299,1.9694,0,0
GOP_PB,D,20221025,000000,1.9694,1.9694,1.85299,1.85299,0,0
GOP_PB,D,20221026,000000,1.9791,1.9791,1.85299,1.89179,0,0
GOP_PB,D,20221027,000000,1.9694,1.98881,1.89179,1.98881,0,0
GOP_PB,D,20221028,000000,1.98881,2.01791,1.9403,2.01791,0,0
GOP_PB,D,20221031,000000,1.98881,2.08582,1.9791,2.08582,0,0
GOP_PB,D,20221102,000000,2.08582,2.08582,1.9791,2.02761,0,0
GOP_PB,D,20221103,000000,2.06642,2.06642,2.02761,2.04701,0,0
GOP_PB,D,20221104,000000,2.00821,2.04701,2.00821,2.04701,0,0
GOP_PB,D,20221107,000000,2.06642,2.06642,1.98881,2.03731,0,0
GOP_PB,D,20221108,000000,2.06642,2.06642,2.04701,2.06642,0,0
GOP_PB,D,20221109,000000,1.9791,2.08582,1.9791,2.08582,0,0
GOP_PB,D,20221110,000000,2.08582,2.16343,2.06642,2.06642,0,0
GOP_PB,D,20221114,000000,2.01791,2.14403,2.01791,2.12463,0,0
GOP_PB,D,20221115,000000,2.15373,2.15373,2.06642,2.15373,0,0
GOP_PB,D,20221116,000000,2.15373,2.15373,2.03731,2.06642,0,0
GOP_PB,D,20221117,000000,2.16343,2.22164,2.09552,2.22164,0,0
GOP_PB,D,20221118,000000,2.22164,2.42537,2.21194,2.38657,0,0
GOP_PB,D,20221121,000000,2.38657,2.38657,2.31866,2.31866,0,0
GOP_PB,D,20221122,000000,2.37687,2.37687,2.31866,2.31866,0,0
GOP_PB,D,20221123,000000,2.34776,2.42537,2.34776,2.37687,0,0
GOP_PB,D,20221124,000000,2.37687,2.41567,2.28955,2.40597,0,0
GOP_PB,D,20221125,000000,2.42537,2.42537,2.34776,2.37687,0,0
GOP_PB,D,20221128,000000,2.34776,2.34776,2.28955,2.34776,0,0
GOP_PB,D,20221129,000000,2.29925,2.42537,2.12463,2.29925,0,0
GOP_PB,D,20221130,000000,2.31866,2.31866,2.28955,2.28955,0,0
GOP_PB,D,20221201,000000,2.28955,2.47388,2.28955,2.45448,0,0
GOP_PB,D,20221202,000000,2.40597,2.48358,2.40597,2.48358,0,0
GOP_PB,D,20221205,000000,2.5709,2.5709,2.48358,2.5709,0,0
GOP_PB,D,20221206,000000,2.51269,2.56119,2.36716,2.47388,0,0
GOP_PB,D,20221207,000000,2.52239,2.52239,2.32836,2.35746,0,0
GOP_PB,D,20221208,000000,2.45448,2.52239,2.35746,2.42537,0,0
GOP_PB,D,20221209,000000,2.50299,2.50299,2.37687,2.45448,0,0
GOP_PB,D,20221212,000000,2.45448,2.45448,2.37687,2.45448,0,0
GOP_PB,D,20221213,000000,2.45448,2.45448,2.25075,2.25075,0,0
GOP_PB,D,20221214,000000,2.25075,2.25075,2.25075,2.25075,0,0
GOP_PB,D,20221215,000000,2.25075,2.25075,2.15373,2.22164,0,0
GOP_PB,D,20221216,000000,2.23134,2.23134,2.13433,2.20224,0,0
GOP_PB,D,20221219,000000,2.13433,2.19254,2.07612,2.15373,0,0
GOP_PB,D,20221220,000000,2.15373,2.15373,2.07612,2.13433,0,0
GOP_PB,D,20221221,000000,2.13433,2.13433,2.03731,2.09552,0,0
GOP_PB,D,20221222,000000,2.09552,2.09552,2.01791,2.09552,0,0
GOP_PB,D,20221223,000000,2.09552,2.20224,2.09552,2.20224,0,0
GOP_PB,D,20221227,000000,2.20224,2.20224,2.10522,2.18284,0,0
GOP_PB,D,20221228,000000,2.18284,2.18284,2.07612,2.14403,0,0
GOP_PB,D,20221229,000000,2.14403,2.17313,2.07612,2.17313,0,0
GOP_PB,D,20221230,000000,2.15373,2.17313,2.14403,2.17313,0,0
GOP_PB,D,20230102,000000,2.26045,2.26045,2.15373,2.17313,0,0
GOP_PB,D,20230103,000000,2.15373,2.40597,2.15373,2.36716,0,0
GOP_PB,D,20230104,000000,2.36716,2.52239,2.33806,2.51269,0,0
GOP_PB,D,20230105,000000,2.50299,2.50299,2.40597,2.47388,0,0
GOP_PB,D,20230109,000000,2.47388,2.96866,2.46418,2.81343,0,0
GOP_PB,D,20230110,000000,2.81343,2.96866,2.69701,2.96866,0,0
GOP_PB,D,20230111,000000,2.98806,3.13358,2.90075,2.98806,0,0
GOP_PB,D,20230112,000000,2.96866,3.11418,2.89104,2.92985,0,0
GOP_PB,D,20230113,000000,2.95896,3.17239,2.95896,3.13358,0,0
GOP_PB,D,20230116,000000,3.21119,3.55075,3.19179,3.50224,0,0
GOP_PB,D,20230117,000000,3.37612,3.55075,3.14328,3.21119,0,0
GOP_PB,D,20230118,000000,3.2209,3.2597,3.05597,3.13358,0,0
GOP_PB,D,20230119,000000,3.04627,3.11418,3.01716,3.04627,0,0
GOP_PB,D,20230120,000000,3.09478,3.2306,3.06567,3.18209,0,0
GOP_PB,D,20230123,000000,3.21119,3.21119,3.04627,3.09478,0,0
GOP_PB,D,20230124,000000,3.09478,3.17239,2.95896,3.04627,0,0
GOP_PB,D,20230125,000000,3.02687,3.04627,2.95896,2.98806,0,0
GOP_PB,D,20230126,000000,3.01716,3.19179,3.01716,3.06567,0,0
GOP_PB,D,20230127,000000,3.13358,3.17239,3.06567,3.09478,0,0
GOP_PB,D,20230130,000000,3.14328,3.18209,3.08507,3.11418,0,0
GOP_PB,D,20230131,000000,3.18209,3.25,3.08507,3.11418,0,0
GOP_PB,D,20230201,000000,3.17239,3.17239,3.06567,3.06567,0,0
GOP_PB,D,20230202,000000,3.15299,3.15299,3.04627,3.06567,0,0
GOP_PB,D,20230203,000000,3.06567,3.13358,3.05597,3.05597,0,0
GOP_PB,D,20230206,000000,3.10448,3.17239,2.86194,2.86194,0,0
GOP_PB,D,20230207,000000,3.04627,3.67687,3.04627,3.67687,0,0
GOP_PB,D,20230208,000000,4.20075,4.5597,4.04552,4.04552,0,0
GOP_PB,D,20230209,000000,4.04552,5.07388,3.97761,4.70522,0,0
GOP_PB,D,20230210,000000,4.66642,4.92836,4.45299,4.55,0,0
GOP_PB,D,20230213,000000,4.38507,4.5306,4.13284,4.22015,0,0
GOP_PB,D,20230214,000000,4.21045,4.21045,3.76418,3.76418,0,0
GOP_PB,D,20230215,000000,3.79328,4.00672,3.79328,3.8806,0,0
GOP_PB,D,20230216,000000,3.9291,4.03582,3.81269,3.81269,0,0
GOP_PB,D,20230217,000000,3.84179,3.96791,3.71567,3.79328,0,0
GOP_PB,D,20230220,000000,3.85149,3.9097,3.70597,3.77388,0,0
GOP_PB,D,20230221,000000,3.84179,3.84179,3.71567,3.79328,0,0
GOP_PB,D,20230222,000000,3.84179,3.8903,3.63806,3.66716,0,0
GOP_PB,D,20230223,000000,3.72537,3.9194,3.67687,3.77388,0,0
GOP_PB,D,20230224,000000,3.85149,3.85149,3.59925,3.62836,0,0
GOP_PB,D,20230227,000000,3.62836,4.06493,3.62836,4.05522,0,0
GOP_PB,D,20230228,000000,4.05522,4.23955,4.00672,4.14254,0,0
GOP_PB,D,20230301,000000,4.14254,4.14254,3.81269,4.13284,0,0
GOP_PB,D,20230302,000000,4.13284,4.13284,4.03582,4.03582,0,0
GOP_PB,D,20230303,000000,4.03582,4.21045,4.03582,4.20075,0,0
GOP_PB,D,20230306,000000,4.21045,4.23955,4.06493,4.13284,0,0
GOP_PB,D,20230307,000000,4.06493,4.18134,4.06493,4.16194,0,0
GOP_PB,D,20230308,000000,4.18134,4.21045,4.03582,4.21045,0,0
GOP_PB,D,20230309,000000,4.30746,4.48209,4.23955,4.33657,0,0
GOP_PB,D,20230310,000000,4.31716,4.31716,4.05522,4.10373,0,0
GOP_PB,D,20230313,000000,4.18134,4.18134,3.94851,3.94851,0,0
GOP_PB,D,20230314,000000,4.07463,4.07463,3.94851,3.94851,0,0
GOP_PB,D,20230315,000000,3.9194,4.12313,3.77388,3.82239,0,0
GOP_PB,D,20230316,000000,3.81269,3.9194,3.65746,3.77388,0,0
GOP_PB,D,20230317,000000,3.96791,3.96791,3.69627,3.77388,0,0
GOP_PB,D,20230320,000000,3.73507,3.76418,3.65746,3.71567,0,0
GOP_PB,D,20230321,000000,3.73507,3.76418,3.66716,3.73507,0,0
GOP_PB,D,20230322,000000,3.78358,3.8709,3.71567,3.74478,0,0
GOP_PB,D,20230323,000000,3.69627,3.81269,3.62836,3.67687,0,0
GOP_PB,D,20230324,000000,3.67687,3.70597,3.53134,3.66716,0,0
GOP_PB,D,20230327,000000,3.66716,3.66716,3.52164,3.55075,0,0
GOP_PB,D,20230328,000000,3.58955,3.65746,3.50224,3.56045,0,0
GOP_PB,D,20230329,000000,3.55075,3.60896,3.52164,3.59925,0,0
GOP_PB,D,20230330,000000,3.49254,3.65746,3.49254,3.62836,0,0
GOP_PB,D,20230331,000000,3.57015,3.78358,3.57015,3.65746,0,0
GOP_PB,D,20230403,000000,3.84179,4.12313,3.67687,4.06493,0,0
GOP_PB,D,20230404,000000,4.07463,4.07463,3.8903,3.9097,0,0
GOP_PB,D,20230405,000000,3.95821,3.95821,3.8709,3.94851,0,0
GOP_PB,D,20230406,000000,3.96791,4.12313,3.96791,4.12313,0,0
GOP_PB,D,20230411,000000,3.99701,4.24925,3.8903,4.24925,0,0
GOP_PB,D,20230412,000000,4.23955,4.23955,4.01642,4.10373,0,0
GOP_PB,D,20230413,000000,4.16194,4.24925,4.02612,4.18134,0,0
GOP_PB,D,20230414,000000,4.18134,4.18134,3.96791,4.05522,0,0
GOP_PB,D,20230417,000000,4.06493,4.13284,3.96791,3.99701,0,0
GOP_PB,D,20230418,000000,4.07463,4.07463,3.9194,3.96791,0,0
GOP_PB,D,20230419,000000,3.9194,4.13284,3.80299,4.13284,0,0
GOP_PB,D,20230420,000000,4.13284,4.23955,4.05522,4.12313,0,0
GOP_PB,D,20230421,000000,4.22985,4.22985,4.07463,4.17164,0,0
GOP_PB,D,20230424,000000,4.03582,4.21045,4.03582,4.16194,0,0
GOP_PB,D,20230425,000000,4.16194,4.16194,3.9194,3.98731,0,0
GOP_PB,D,20230426,000000,3.96791,3.96791,3.8709,3.9291,0,0
GOP_PB,D,20230427,000000,3.96791,3.96791,3.78358,3.8806,0,0
GOP_PB,D,20230428,000000,3.81269,3.95821,3.81269,3.94851,0,0
GOP_PB,D,20230502,000000,3.8903,4.02612,3.8903,3.94851,0,0
GOP_PB,D,20230504,000000,3.98731,4.02612,3.84179,3.8903,0,0
GOP_PB,D,20230505,000000,3.8903,3.94851,3.84179,3.9097,0,0
GOP_PB,D,20230508,000000,3.9097,3.96791,3.81269,3.94851,0,0
GOP_PB,D,20230509,000000,3.9194,4.06493,3.81269,3.9194,0,0
GOP_PB,D,20230510,000000,3.95821,3.99701,3.81269,3.99701,0,0
GOP_PB,D,20230511,000000,3.96791,4.33657,3.96791,4.13284,0,0
GOP_PB,D,20230512,000000,4.20075,4.23955,4.16194,4.23955,0,0
GOP_PB,D,20230515,000000,4.23955,4.30746,4.16194,4.23955,0,0
GOP_PB,D,20230516,000000,4.23955,4.62761,4.21045,4.62761,0,0
GOP_PB,D,20230517,000000,4.66642,4.95746,4.62761,4.67612,0,0
GOP_PB,D,20230518,000000,4.76343,4.77313,4.45299,4.45299,0,0
GOP_PB,D,20230519,000000,4.5306,4.74403,4.5306,4.71493,0,0
GOP_PB,D,20230522,000000,4.78284,4.80224,4.60821,4.60821,0,0
GOP_PB,D,20230523,000000,4.70522,4.71493,4.59851,4.71493,0,0
GOP_PB,D,20230524,000000,4.71493,4.77313,4.59851,4.66642,0,0
GOP_PB,D,20230525,000000,4.77313,4.80224,4.69552,4.69552,0,0
GOP_PB,D,20230526,000000,4.80224,4.80224,4.65672,4.66642,0,0
GOP_PB,D,20230529,000000,4.59851,4.71493,4.59851,4.66642,0,0
GOP_PB,D,20230530,000000,4.78284,4.78284,4.5694,4.66642,0,0
GOP_PB,D,20230531,000000,4.5306,4.63731,4.46269,4.49179,0,0
GOP_PB,D,20230601,000000,4.5694,4.5694,4.37537,4.46269,0,0
GOP_PB,D,20230602,000000,4.51119,4.51119,4.27836,4.27836,0,0
GOP_PB,D,20230605,000000,4.35597,4.5694,4.30746,4.5694,0,0
GOP_PB,D,20230606,000000,4.58881,4.67612,4.5403,4.67612,0,0
GOP_PB,D,20230607,000000,4.67612,4.76343,4.58881,4.75373,0,0
GOP_PB,D,20230609,000000,4.77313,4.80224,4.67612,4.80224,0,0
GOP_PB,D,20230612,000000,4.81194,5.06418,4.77313,5.01567,0,0
GOP_PB,D,20230613,000000,5.02537,5.05448,4.87985,4.94776,0,0
GOP_PB,D,20230614,000000,5.02537,5.02537,4.73433,4.77313,0,0
GOP_PB,D,20230615,000000,4.83134,4.83134,4.64701,4.75373,0,0
GOP_PB,D,20230616,000000,4.85075,5.48134,4.85075,5.40373,0,0
GOP_PB,D,20230619,000000,5.43284,5.55896,5.16119,5.29701,0,0
GOP_PB,D,20230620,000000,5.58806,5.58806,5.40373,5.46194,0,0
GOP_PB,D,20230621,000000,5.46194,5.64627,5.38433,5.43284,0,0
GOP_PB,D,20230622,000000,5.38433,5.8209,5.38433,5.61716,0,0
GOP_PB,D,20230623,000000,5.61716,5.61716,5.38433,5.48134,0,0
GOP_PB,D,20230626,000000,5.55896,5.64627,5.29701,5.51045,0,0
GOP_PB,D,20230627,000000,5.40373,5.40373,5.24851,5.35522,0,0
GOP_PB,D,20230628,000000,5.35522,5.35522,5.13209,5.2,0,0
GOP_PB,D,20230629,000000,5.09328,5.32612,5.09328,5.27761,0,0
GOP_PB,D,20230630,000000,5.33,5.44,5.3,5.41,0,0
GOP_PB,D,20230703,000000,5.41,5.41,5.14,5.25,0,0
GOP_PB,D,20230704,000000,5.27,5.27,5.07,5.07,0,0
GOP_PB,D,20230705,000000,5.06,5.23,4.92,5.18,0,0
GOP_PB,D,20230706,000000,5.26,5.36,5.18,5.23,0,0
GOP_PB,D,20230707,000000,5.18,5.49,5.18,5.29,0,0
GOP_PB,D,20230710,000000,5.38,5.82,5.3,5.79,0,0
GOP_PB,D,20230711,000000,5.9,5.9,5.68,5.68,0,0
GOP_PB,D,20230712,000000,5.68,6.17,5.57,5.57,0,0
GOP_PB,D,20230713,000000,5.65,5.87,5.6,5.82,0,0
GOP_PB,D,20230714,000000,6.22,6.22,6,6.17,0,0
GOP_PB,D,20230717,000000,6.17,6.17,5.92,6.03,0,0
GOP_PB,D,20230718,000000,6.11,6.19,5.84,5.98,0,0
GOP_PB,D,20230719,000000,5.98,6.03,5.84,5.95,0,0
GOP_PB,D,20230720,000000,5.95,6.03,5.84,6.03,0,0
GOP_PB,D,20230721,000000,6,6,5.82,5.9,0,0
GOP_PB,D,20230724,000000,6,6.36,5.98,6.33,0,0
GOP_PB,D,20230725,000000,6.33,7.01,6.22,7.01,0,0
GOP_PB,D,20230726,000000,6.98,7.22,6.65,6.65,0,0
GOP_PB,D,20230727,000000,7.01,7.93,7.01,7.66,0,0
GOP_PB,D,20230728,000000,7.87,8.39,7.82,8.39,0,0
GOP_PB,D,20230731,000000,8.66,9.3,8.55,9.09,0,0
GOP_PB,D,20230801,000000,9.09,9.09,8.47,8.76,0,0
GOP_PB,D,20230802,000000,8.66,8.66,8.17,8.36,0,0
GOP_PB,D,20230803,000000,8.39,9.95,8.39,9.95,0,0
GOP_PB,D,20230804,000000,9.9,9.9,8.981,9.008,0,0
GOP_PB,D,20230807,000000,9.143,9.17,8.575,9.062,0,0
GOP_PB,D,20230808,000000,9.062,9.413,8.846,9.062,0,0
GOP_PB,D,20230809,000000,9.062,9.63,9.035,9.278,0,0
GOP_PB,D,20230810,000000,9.63,9.846,8.873,9.089,0,0
GOP_PB,D,20230811,000000,8.981,9.062,8.71,8.927,0,0
GOP_PB,D,20230814,000000,9.089,9.413,9.089,9.143,0,0
GOP_PB,D,20230816,000000,9.197,9.197,8.629,9.035,0,0
GOP_PB,D,20230817,000000,8.71,8.9,8.467,8.521,0,0
GOP_PB,D,20230818,000000,8.467,8.656,8.386,8.521,0,0
GOP_PB,D,20230821,000000,8.44,9.251,8.413,9.17,0,0
GOP_PB,D,20230822,000000,9.089,9.089,8.656,8.791,0,0
GOP_PB,D,20230823,000000,8.791,8.791,8.44,8.521,0,0
GOP_PB,D,20230824,000000,8.25,8.25,7.574,8.034,0,0
GOP_PB,D,20230825,000000,7.763,8.521,7.763,8.359,0,0
GOP_PB,D,20230828,000000,8.359,8.359,7.872,8.061,0,0
GOP_PB,D,20230829,000000,8.061,8.277,7.953,8.115,0,0
GOP_PB,D,20230830,000000,8.034,8.034,7.709,7.845,0,0
GOP_PB,D,20230831,000000,7.953,8.359,7.953,8.142,0,0
GOP_PB,D,20230901,000000,8.223,8.25,8.007,8.142,0,0
GOP_PB,D,20230904,000000,8.142,8.142,7.926,8.034,0,0
GOP_PB,D,20230905,000000,8.034,8.034,7.953,7.953,0,0
GOP_PB,D,20230906,000000,8.034,8.088,7.763,7.926,0,0
GOP_PB,D,20230907,000000,7.953,8.169,7.926,7.926,0,0
GOP_PB,D,20230908,000000,8.142,8.277,7.818,7.926,0,0
GOP_PB,D,20230911,000000,7.98,8.034,7.899,8.007,0,0
GOP_PB,D,20230912,000000,8.007,8.115,7.872,7.953,0,0
GOP_PB,D,20230913,000000,8.034,8.034,7.682,7.763,0,0
GOP_PB,D,20230914,000000,7.763,8.169,7.574,8.169,0,0
GOP_PB,D,20230915,000000,7.98,8.44,7.953,8.25,0,0
GOP_PB,D,20230918,000000,8.332,8.413,8.142,8.386,0,0
GOP_PB,D,20230919,000000,8.467,8.629,8.25,8.386,0,0
GOP_PB,D,20230920,000000,8.467,9.305,8.277,9.305,0,0
GOP_PB,D,20230921,000000,9.278,9.278,8.927,9.062,0,0
GOP_PB,D,20230922,000000,8.954,9.062,8.656,8.656,0,0
GOP_PB,D,20230925,000000,8.548,8.656,8.521,8.521,0,0
GOP_PB,D,20230926,000000,8.575,8.575,7.98,8.359,0,0
GOP_PB,D,20230927,000000,8.359,8.44,8.034,8.115,0,0
GOP_PB,D,20230928,000000,8.25,8.25,7.926,8.088,0,0
GOP_PB,D,20230929,000000,8.088,8.413,7.899,8.277,0,0
GOP_PB,D,20231002,000000,8.332,8.575,8.088,8.223,0,0
GOP_PB,D,20231003,000000,8.088,9.957,7.98,9.957,0,0
GOP_PB,D,20231004,000000,9.925,10.25,9.664,10.25,0,0
