<TICKER>,<PER>,<DATE>,<TIME>,<OPEN>,<HIGH>,<LOW>,<CLOSE>,<VOL>,<OPENINT>
GOP_PE,D,20200417,000000,46.8029,46.8029,46.8029,46.8029,0,0
GOP_PE,D,20200420,000000,52.0136,52.0136,45.0067,50.4857,0,0
GOP_PE,D,20200421,000000,51.0251,51.0251,47.2519,48.4202,0,0
GOP_PE,D,20200422,000000,46.8029,46.8029,45.2759,45.725,0,0
GOP_PE,D,20200423,000000,47.2519,51.9232,45.725,45.725,0,0
GOP_PE,D,20200424,000000,43.5691,44.198,38.8979,44.198,0,0
GOP_PE,D,20200427,000000,44.2874,46.0846,42.9403,43.4788,0,0
GOP_PE,D,20200428,000000,43.4788,43.4788,40.6941,43.3893,0,0
GOP_PE,D,20200429,000000,43.3893,43.3893,41.2335,41.5028,0,0
GOP_PE,D,20200430,000000,41.5028,41.5028,38.9873,40.6941,0,0
GOP_PE,D,20200504,000000,42.5807,44.647,42.4009,44.647,0,0
GOP_PE,D,20200505,000000,46.8924,46.8924,44.4673,45.3653,0,0
GOP_PE,D,20200506,000000,45.4558,45.4558,43.0297,43.9279,0,0
GOP_PE,D,20200507,000000,45.1856,45.1856,43.2096,43.2096,0,0
GOP_PE,D,20200508,000000,43.2096,43.9279,42.0422,42.8499,0,0
GOP_PE,D,20200511,000000,43.2096,43.2096,41.5028,42.1316,0,0
GOP_PE,D,20200512,000000,42.4913,42.4913,40.7845,41.3229,0,0
GOP_PE,D,20200513,000000,41.5922,41.5922,39.9758,41.5028,0,0
GOP_PE,D,20200514,000000,42.0422,42.0422,39.796,40.3345,0,0
GOP_PE,D,20200515,000000,40.3345,41.6826,39.8855,41.4133,0,0
GOP_PE,D,20200518,000000,41.5922,41.5922,40.4249,41.4133,0,0
GOP_PE,D,20200519,000000,40.9634,41.4133,40.8739,40.9634,0,0
GOP_PE,D,20200520,000000,40.8739,44.0182,40.8739,43.9279,0,0
GOP_PE,D,20200521,000000,43.9279,43.9279,42.3114,42.9403,0,0
GOP_PE,D,20200522,000000,42.5807,42.5807,41.2335,41.772,0,0
GOP_PE,D,20200525,000000,40.9634,40.9634,40.3345,40.8739,0,0
GOP_PE,D,20200526,000000,40.9634,41.6826,40.5143,41.2335,0,0
GOP_PE,D,20200527,000000,41.4133,41.4133,40.5143,40.5143,0,0
GOP_PE,D,20200528,000000,40.8739,41.3229,40.4249,41.3229,0,0
GOP_PE,D,20200529,000000,41.3229,42.5807,40.5143,41.3229,0,0
GOP_PE,D,20200601,000000,40.9634,46.7135,40.5143,46.7135,0,0
GOP_PE,D,20200602,000000,47.0721,47.0721,46.2635,46.3538,0,0
GOP_PE,D,20200603,000000,46.3538,48.0606,46.0846,46.623,0,0
GOP_PE,D,20200604,000000,46.623,47.1624,45.8144,45.9942,0,0
GOP_PE,D,20200605,000000,46.0846,46.9827,45.725,46.7135,0,0
GOP_PE,D,20200608,000000,46.9827,46.9827,45.0067,46.623,0,0
GOP_PE,D,20200609,000000,46.9827,47.5212,45.9942,46.7135,0,0
GOP_PE,D,20200610,000000,46.9827,47.701,46.1741,47.2519,0,0
GOP_PE,D,20200612,000000,45.0961,47.2519,45.0961,47.2519,0,0
GOP_PE,D,20200615,000000,47.2519,47.2519,45.9942,46.3538,0,0
GOP_PE,D,20200616,000000,46.7135,47.2519,46.2635,47.1624,0,0
GOP_PE,D,20200617,000000,47.0721,47.0721,46.4433,46.9827,0,0
GOP_PE,D,20200618,000000,47.2519,57.7627,47.2519,57.7627,0,0
GOP_PE,D,20200619,000000,58.3915,59.8291,55.8761,58.3915,0,0
GOP_PE,D,20200622,000000,58.3915,58.3915,53.9896,54.7079,0,0
GOP_PE,D,20200623,000000,54.7079,56.3252,53.6299,54.529,0,0
GOP_PE,D,20200624,000000,55.6964,55.6964,53.2713,55.0675,0,0
GOP_PE,D,20200625,000000,55.6964,55.6964,53.2713,54.4386,0,0
GOP_PE,D,20200626,000000,54.529,54.529,53.0011,53.0011,0,0
GOP_PE,D,20200629,000000,53.0011,53.0011,50.3962,50.4857,0,0
GOP_PE,D,20200630,000000,50.4857,52.552,50.4857,50.6655,0,0
GOP_PE,D,20200701,000000,51.9232,51.9232,50.6655,51.1145,0,0
GOP_PE,D,20200702,000000,51.1145,54.2588,50.6655,53.4502,0,0
GOP_PE,D,20200703,000000,53.4502,57.4935,53.4502,56.505,0,0
GOP_PE,D,20200706,000000,56.505,59.6492,55.9656,59.5589,0,0
GOP_PE,D,20200707,000000,59.2897,60.1878,57.1338,57.6724,0,0
GOP_PE,D,20200708,000000,57.6724,57.6724,55.9656,55.9656,0,0
GOP_PE,D,20200709,000000,56.2358,57.0435,54.7079,55.7858,0,0
GOP_PE,D,20200710,000000,56.9541,56.9541,52.8213,54.4386,0,0
GOP_PE,D,20200713,000000,53.3607,55.2473,53.3607,53.9001,0,0
GOP_PE,D,20200714,000000,54.529,54.529,51.8337,52.552,0,0
GOP_PE,D,20200715,000000,51.9232,52.8213,51.2943,51.8337,0,0
GOP_PE,D,20200716,000000,51.8337,51.8337,50.6655,51.3847,0,0
GOP_PE,D,20200717,000000,51.2943,51.2943,48.7789,50.1269,0,0
GOP_PE,D,20200720,000000,48.6,48.6,47.1624,47.7913,0,0
GOP_PE,D,20200721,000000,47.5212,47.5212,45.4558,47.3423,0,0
GOP_PE,D,20200722,000000,47.3423,51.9232,47.0721,49.9472,0,0
GOP_PE,D,20200723,000000,49.9472,49.9472,46.9827,48.5096,0,0
GOP_PE,D,20200724,000000,47.3423,47.9712,46.7135,46.7135,0,0
GOP_PE,D,20200727,000000,46.9827,47.2519,46.1741,46.7135,0,0
GOP_PE,D,20200728,000000,46.4433,46.7135,45.8144,46.0846,0,0
GOP_PE,D,20200729,000000,46.7135,49.3183,46.7135,48.3298,0,0
GOP_PE,D,20200730,000000,48.8692,48.8692,45.9942,46.5336,0,0
GOP_PE,D,20200731,000000,46.1741,47.9712,45.6355,45.6355,0,0
GOP_PE,D,20200803,000000,47.9712,47.9712,45.5451,46.4433,0,0
GOP_PE,D,20200804,000000,46.4433,46.7135,45.5451,46.7135,0,0
GOP_PE,D,20200805,000000,47.1624,47.1624,46.0846,46.2635,0,0
GOP_PE,D,20200806,000000,46.3538,48.3298,46.2635,48.0606,0,0
GOP_PE,D,20200807,000000,48.0606,48.0606,46.3538,46.7135,0,0
GOP_PE,D,20200810,000000,46.3538,47.8807,46.2635,46.7135,0,0
GOP_PE,D,20200811,000000,46.7135,47.3423,46.623,46.623,0,0
GOP_PE,D,20200812,000000,46.7135,46.9827,45.8144,45.9047,0,0
GOP_PE,D,20200813,000000,45.9047,46.7135,45.9047,45.9942,0,0
GOP_PE,D,20200814,000000,45.8144,46.9827,45.8144,45.9942,0,0
GOP_PE,D,20200817,000000,46.8029,48.9587,46.8029,48.0606,0,0
GOP_PE,D,20200818,000000,48.6895,48.6895,46.8029,47.1624,0,0
GOP_PE,D,20200819,000000,46.8029,48.4202,46.3538,47.4318,0,0
GOP_PE,D,20200820,000000,48.0606,48.2404,46.2635,48.0606,0,0
GOP_PE,D,20200821,000000,48.0606,50.6655,46.8924,50.6655,0,0
GOP_PE,D,20200824,000000,51.0251,53.1809,48.0606,51.5645,0,0
GOP_PE,D,20200825,000000,52.1924,52.1924,49.3183,49.4981,0,0
GOP_PE,D,20200826,000000,49.3183,50.2164,48.7789,49.9472,0,0
GOP_PE,D,20200827,000000,50.0366,50.4857,49.3183,49.4981,0,0
GOP_PE,D,20200828,000000,51.9232,52.1924,50.6655,51.8337,0,0
GOP_PE,D,20200831,000000,54.529,54.529,50.3962,51.8337,0,0
GOP_PE,D,20200901,000000,51.8337,51.8337,48.9587,49.6779,0,0
GOP_PE,D,20200902,000000,49.9472,50.3068,48.0606,48.9587,0,0
GOP_PE,D,20200903,000000,50.2164,50.2164,47.9712,48.0606,0,0
GOP_PE,D,20200904,000000,47.9712,48.6895,46.8924,48.0606,0,0
GOP_PE,D,20200907,000000,48.6895,48.6895,47.0721,47.9712,0,0
GOP_PE,D,20200908,000000,47.7913,47.7913,45.5451,46.7135,0,0
GOP_PE,D,20200909,000000,46.1741,47.5212,46.1741,47.5212,0,0
GOP_PE,D,20200910,000000,47.8807,47.8807,46.7135,47.6115,0,0
GOP_PE,D,20200911,000000,47.6115,47.6115,46.7135,47.3423,0,0
GOP_PE,D,20200914,000000,47.3423,47.3423,46.3538,46.9827,0,0
GOP_PE,D,20200915,000000,47.3423,47.3423,46.1741,47.2519,0,0
GOP_PE,D,20200916,000000,47.3423,47.3423,46.8029,47.3423,0,0
GOP_PE,D,20200917,000000,47.3423,47.3423,46.0846,46.3538,0,0
GOP_PE,D,20200918,000000,47.3423,47.3423,45.9942,46.0846,0,0
GOP_PE,D,20200921,000000,46.2635,46.9827,45.725,45.725,0,0
GOP_PE,D,20200922,000000,46.623,46.623,45.0067,45.9942,0,0
GOP_PE,D,20200923,000000,45.5451,45.9942,44.2874,45.4558,0,0
GOP_PE,D,20200924,000000,45.4558,45.4558,43.8384,43.8384,0,0
GOP_PE,D,20200925,000000,42.8499,44.1076,41.8624,42.4913,0,0
GOP_PE,D,20200928,000000,42.8499,42.8499,41.5028,42.671,0,0
GOP_PE,D,20200929,000000,42.671,45.0067,42.671,44.1076,0,0
GOP_PE,D,20200930,000000,45.3653,47.2519,44.1076,46.0846,0,0
GOP_PE,D,20201001,000000,45.8144,45.8144,41.2335,41.6826,0,0
GOP_PE,D,20201002,000000,41.2335,44.4673,39.4364,44.4673,0,0
GOP_PE,D,20201005,000000,43.4788,46.8029,43.4788,46.1741,0,0
GOP_PE,D,20201006,000000,46.623,47.4318,44.647,46.8029,0,0
GOP_PE,D,20201007,000000,44.9163,47.5212,44.9163,46.0846,0,0
GOP_PE,D,20201008,000000,45.2759,46.0846,44.647,46.0846,0,0
GOP_PE,D,20201009,000000,46.3538,46.3538,44.198,44.647,0,0
GOP_PE,D,20201012,000000,44.647,44.647,43.3893,43.9279,0,0
GOP_PE,D,20201013,000000,43.9279,44.1076,40.3345,40.6046,0,0
GOP_PE,D,20201014,000000,41.5922,41.5922,40.0652,40.0652,0,0
GOP_PE,D,20201015,000000,40.1556,40.1556,36.5623,37.4604,0,0
GOP_PE,D,20201016,000000,36.2921,39.6162,36.2027,38.0892,0,0
GOP_PE,D,20201019,000000,39.6162,39.6162,37.0113,37.9989,0,0
GOP_PE,D,20201020,000000,37.4604,37.5498,36.7421,37.1007,0,0
GOP_PE,D,20201021,000000,37.9989,37.9989,36.0228,37.4604,0,0
GOP_PE,D,20201022,000000,36.921,37.1912,36.2027,36.7421,0,0
GOP_PE,D,20201023,000000,36.6518,36.6518,35.2142,36.6518,0,0
GOP_PE,D,20201026,000000,37.4604,37.4604,35.2142,35.6633,0,0
GOP_PE,D,20201027,000000,35.7536,35.843,35.1247,35.7536,0,0
GOP_PE,D,20201028,000000,35.1247,35.1247,31.9805,31.9805,0,0
GOP_PE,D,20201029,000000,31.8006,31.8006,28.6564,31.2622,0,0
GOP_PE,D,20201030,000000,31.3516,31.3516,28.9266,29.1958,0,0
GOP_PE,D,20201102,000000,29.1958,32.0699,28.9266,31.8006,0,0
GOP_PE,D,20201103,000000,32.2497,32.34,30.4535,31.6209,0,0
GOP_PE,D,20201104,000000,31.6209,32.8786,31.2622,31.7112,0,0
GOP_PE,D,20201105,000000,30.7228,32.969,30.7228,32.969,0,0
GOP_PE,D,20201106,000000,32.969,32.969,31.7112,32.4295,0,0
GOP_PE,D,20201109,000000,32.4295,32.4295,30.5429,30.9026,0,0
GOP_PE,D,20201110,000000,30.992,31.8006,30.3631,31.8006,0,0
GOP_PE,D,20201112,000000,31.8006,41.772,30.992,40.6046,0,0
GOP_PE,D,20201113,000000,41.772,41.772,36.5623,39.2566,0,0
GOP_PE,D,20201116,000000,39.2566,39.2566,36.6518,36.8315,0,0
GOP_PE,D,20201117,000000,37.7296,38.0892,35.9335,37.4604,0,0
GOP_PE,D,20201118,000000,37.6401,37.6401,35.5738,37.1007,0,0
GOP_PE,D,20201119,000000,37.1007,37.4604,35.7536,37.4604,0,0
GOP_PE,D,20201120,000000,37.4604,37.4604,35.843,37.1007,0,0
GOP_PE,D,20201123,000000,37.0113,39.0777,35.843,39.0777,0,0
GOP_PE,D,20201124,000000,39.0777,39.0777,37.3701,38.8075,0,0
GOP_PE,D,20201125,000000,37.4604,38.8075,37.0113,37.82,0,0
GOP_PE,D,20201126,000000,37.82,37.82,36.2921,37.4604,0,0
GOP_PE,D,20201127,000000,37.4604,38.7181,36.2921,37.2806,0,0
GOP_PE,D,20201130,000000,36.7421,50.7558,33.5074,50.7558,0,0
GOP_PE,D,20201201,000000,49.6779,51.3847,49.2279,49.6779,0,0
GOP_PE,D,20201202,000000,50.3068,50.3068,47.8807,49.2279,0,0
GOP_PE,D,20201203,000000,50.9356,50.9356,47.9712,48.0606,0,0
GOP_PE,D,20201204,000000,49.3183,49.3183,48.8692,48.8692,0,0
GOP_PE,D,20201207,000000,48.8692,50.3068,48.2404,49.2279,0,0
GOP_PE,D,20201208,000000,50.1269,50.3068,48.8692,49.4078,0,0
GOP_PE,D,20201209,000000,50.1269,50.9356,49.3183,50.1269,0,0
GOP_PE,D,20201210,000000,50.2164,50.2164,45.4558,48.1501,0,0
GOP_PE,D,20201211,000000,48.7789,49.0491,47.2519,49.0491,0,0
GOP_PE,D,20201214,000000,49.0491,49.0491,46.1741,47.4318,0,0
GOP_PE,D,20201215,000000,47.0721,48.1501,45.725,46.7135,0,0
GOP_PE,D,20201216,000000,48.1501,48.1501,46.0846,46.7135,0,0
GOP_PE,D,20201217,000000,46.7135,47.6115,46.2635,47.1624,0,0
GOP_PE,D,20201218,000000,46.0846,47.6115,45.6355,46.2635,0,0
GOP_PE,D,20201221,000000,44.5567,46.1741,44.5567,44.5567,0,0
GOP_PE,D,20201222,000000,44.5567,47.1624,44.5567,45.4558,0,0
GOP_PE,D,20201223,000000,46.2635,46.5336,45.0067,45.1856,0,0
GOP_PE,D,20201228,000000,45.1856,45.1856,43.299,43.3893,0,0
GOP_PE,D,20201229,000000,43.299,47.1624,43.299,43.8384,0,0
GOP_PE,D,20201230,000000,41.8624,45.6355,41.8624,44.3778,0,0
GOP_PE,D,20210104,000000,44.7365,49.2279,44.7365,48.0606,0,0
GOP_PE,D,20210105,000000,50.1269,51.3847,46.7135,48.1501,0,0
GOP_PE,D,20210107,000000,48.8692,51.3847,47.0721,47.7913,0,0
GOP_PE,D,20210108,000000,49.3183,50.3068,47.6115,47.9712,0,0
GOP_PE,D,20210111,000000,49.2279,49.2279,47.3423,47.6115,0,0
GOP_PE,D,20210112,000000,49.1385,49.1385,47.8807,47.8807,0,0
GOP_PE,D,20210113,000000,47.8807,49.1385,47.8807,49.0491,0,0
GOP_PE,D,20210114,000000,49.1385,50.3068,48.5096,49.6779,0,0
GOP_PE,D,20210115,000000,50.2164,50.9356,49.4981,50.7558,0,0
GOP_PE,D,20210118,000000,55.1569,64.2302,55.1569,64.2302,0,0
GOP_PE,D,20210119,000000,65.3081,65.3081,59.1098,59.1098,0,0
GOP_PE,D,20210120,000000,59.5589,61.7147,59.1098,60.1878,0,0
GOP_PE,D,20210121,000000,62.5234,64.0503,60.3675,64.0503,0,0
GOP_PE,D,20210122,000000,64.2302,66.3869,64.0503,66.3869,0,0
GOP_PE,D,20210125,000000,66.3869,68.4524,66.3869,68.3629,0,0
GOP_PE,D,20210126,000000,68.2726,68.2726,63.332,65.2187,0,0
GOP_PE,D,20210127,000000,63.8715,66.2071,59.5589,62.0743,0,0
GOP_PE,D,20210128,000000,60.9964,64.3205,57.0435,63.4224,0,0
GOP_PE,D,20210129,000000,63.332,63.332,60.8166,62.0743,0,0
GOP_PE,D,20210201,000000,61.0858,62.9725,60.9964,61.0858,0,0
GOP_PE,D,20210202,000000,62.1647,64.0503,61.4455,63.7811,0,0
GOP_PE,D,20210203,000000,63.9609,65.3984,61.9849,62.0743,0,0
GOP_PE,D,20210204,000000,62.0743,67.1947,61.8946,67.0148,0,0
GOP_PE,D,20210205,000000,67.0148,70.4293,67.0148,69.8004,0,0
GOP_PE,D,20210208,000000,69.261,71.687,66.3869,68.0937,0,0
GOP_PE,D,20210209,000000,68.0937,68.0937,65.3081,66.3869,0,0
GOP_PE,D,20210210,000000,66.836,67.285,64.5004,64.5004,0,0
GOP_PE,D,20210211,000000,64.3205,66.3869,64.0503,66.3869,0,0
GOP_PE,D,20210212,000000,66.3869,66.3869,64.2302,65.3081,0,0
GOP_PE,D,20210215,000000,63.9609,67.4649,63.1523,67.4649,0,0
GOP_PE,D,20210216,000000,67.285,67.4649,66.3869,66.3869,0,0
GOP_PE,D,20210217,000000,65.3984,67.4649,61.7147,66.3869,0,0
GOP_PE,D,20210218,000000,66.5658,69.6206,63.1523,64.2302,0,0
GOP_PE,D,20210219,000000,53.2713,64.2302,49.6779,52.4626,0,0
GOP_PE,D,20210222,000000,51.3847,51.3847,46.5336,47.7913,0,0
GOP_PE,D,20210223,000000,47.7913,47.9712,45.3653,46.0846,0,0
GOP_PE,D,20210224,000000,46.9827,48.3298,46.5336,48.1501,0,0
GOP_PE,D,20210225,000000,48.1501,48.3298,47.2519,47.5212,0,0
GOP_PE,D,20210226,000000,46.623,47.0721,46.0846,46.4433,0,0
GOP_PE,D,20210301,000000,48.1501,48.1501,45.1856,46.2635,0,0
GOP_PE,D,20210302,000000,47.4318,47.4318,46.2635,47.1624,0,0
GOP_PE,D,20210303,000000,46.9827,47.1624,45.8144,45.8144,0,0
GOP_PE,D,20210304,000000,45.2759,45.725,43.6586,45.725,0,0
GOP_PE,D,20210305,000000,46.8924,46.8924,43.3893,44.0182,0,0
GOP_PE,D,20210308,000000,44.4673,44.8268,44.0182,44.4673,0,0
GOP_PE,D,20210309,000000,44.9163,46.5336,44.198,45.9942,0,0
GOP_PE,D,20210310,000000,45.9942,45.9942,44.2874,44.5567,0,0
GOP_PE,D,20210311,000000,44.7365,46.0846,44.3778,44.5567,0,0
GOP_PE,D,20210312,000000,44.5567,44.8268,42.4913,43.6586,0,0
GOP_PE,D,20210315,000000,43.6586,43.8384,43.0297,43.6586,0,0
GOP_PE,D,20210316,000000,43.299,43.299,42.3114,42.5807,0,0
GOP_PE,D,20210317,000000,42.7605,42.7605,40.4249,41.2335,0,0
GOP_PE,D,20210318,000000,41.3229,42.5807,41.3229,42.4009,0,0
GOP_PE,D,20210319,000000,42.5807,42.5807,41.9518,41.9518,0,0
GOP_PE,D,20210322,000000,41.9518,44.8268,41.9518,44.3778,0,0
GOP_PE,D,20210323,000000,44.9163,44.9163,42.4009,42.4913,0,0
GOP_PE,D,20210324,000000,44.198,44.198,42.3114,42.4913,0,0
GOP_PE,D,20210325,000000,43.6586,44.1076,41.9518,43.4788,0,0
GOP_PE,D,20210326,000000,43.6586,43.6586,42.2211,43.6586,0,0
GOP_PE,D,20210329,000000,43.6586,44.1076,43.299,43.299,0,0
GOP_PE,D,20210330,000000,42.8499,44.2874,42.8499,43.2096,0,0
GOP_PE,D,20210331,000000,42.9403,42.9403,42.0422,42.4009,0,0
GOP_PE,D,20210401,000000,42.4009,50.1269,39.796,50.1269,0,0
GOP_PE,D,20210406,000000,48.7789,49.9472,48.1501,48.6895,0,0
GOP_PE,D,20210407,000000,49.2279,50.2164,49.2279,49.7674,0,0
GOP_PE,D,20210408,000000,49.7674,50.3068,49.4981,50.3068,0,0
GOP_PE,D,20210409,000000,50.3068,50.7558,48.7789,50.0366,0,0
GOP_PE,D,20210412,000000,50.0366,50.0366,48.2404,48.7789,0,0
GOP_PE,D,20210413,000000,49.2279,49.2279,48.4202,49.1385,0,0
GOP_PE,D,20210414,000000,48.6,49.0491,48.2404,48.6895,0,0
GOP_PE,D,20210415,000000,48.6895,48.6895,47.9712,48.2404,0,0
GOP_PE,D,20210416,000000,48.7789,49.2279,48.2404,49.0491,0,0
GOP_PE,D,20210419,000000,49.2279,49.4981,47.1624,47.7913,0,0
GOP_PE,D,20210420,000000,47.6115,47.6115,46.9827,46.9827,0,0
GOP_PE,D,20210421,000000,46.9827,47.6115,46.7135,47.6115,0,0
GOP_PE,D,20210422,000000,47.6115,47.6115,46.1741,46.2635,0,0
GOP_PE,D,20210423,000000,46.2635,47.2519,46.2635,46.4433,0,0
GOP_PE,D,20210426,000000,45.9047,45.9047,43.6586,45.3653,0,0
GOP_PE,D,20210427,000000,45.4558,45.4558,42.4009,43.4788,0,0
GOP_PE,D,20210428,000000,43.1201,43.3893,42.1316,43.1201,0,0
GOP_PE,D,20210429,000000,42.5807,43.0297,42.5807,42.8499,0,0
GOP_PE,D,20210430,000000,42.8499,43.1201,42.4009,43.1201,0,0
GOP_PE,D,20210504,000000,43.1201,43.1201,42.1316,42.9403,0,0
GOP_PE,D,20210505,000000,42.9403,42.9403,42.1316,42.2211,0,0
GOP_PE,D,20210506,000000,42.2211,42.4009,38.9873,38.9873,0,0
GOP_PE,D,20210507,000000,38.9873,38.9873,38.0892,38.3584,0,0
GOP_PE,D,20210510,000000,38.1787,38.269,37.1007,38.269,0,0
GOP_PE,D,20210511,000000,38.269,39.0777,38.0892,39.0777,0,0
GOP_PE,D,20210512,000000,39.0777,40.3345,38.8075,38.9873,0,0
GOP_PE,D,20210513,000000,38.9873,39.5268,37.1912,38.4489,0,0
GOP_PE,D,20210514,000000,37.1912,38.9873,37.1912,38.9873,0,0
GOP_PE,D,20210517,000000,38.9873,39.2566,38.0892,39.1672,0,0
GOP_PE,D,20210518,000000,39.0777,39.0777,38.5383,38.5383,0,0
GOP_PE,D,20210519,000000,38.6278,38.6278,38.0892,38.3584,0,0
GOP_PE,D,20210520,000000,38.269,40.1556,37.2806,40.0652,0,0
GOP_PE,D,20210521,000000,40.0652,40.6046,39.796,40.6046,0,0
GOP_PE,D,20210524,000000,40.6046,41.5028,39.9758,40.7845,0,0
GOP_PE,D,20210525,000000,41.3229,41.8624,40.6046,41.772,0,0
GOP_PE,D,20210526,000000,41.6826,41.6826,39.796,40.7845,0,0
GOP_PE,D,20210527,000000,40.5143,40.5143,37.3701,38.9873,0,0
GOP_PE,D,20210528,000000,38.5383,39.3469,38.5383,39.3469,0,0
GOP_PE,D,20210531,000000,40.6046,40.6941,31.5314,31.5314,0,0
GOP_PE,D,20210601,000000,32.1603,33.5074,31.1718,32.8786,0,0
GOP_PE,D,20210602,000000,33.418,33.5978,32.8786,33.5978,0,0
GOP_PE,D,20210604,000000,33.5978,33.5978,32.7891,32.7891,0,0
GOP_PE,D,20210607,000000,32.7891,33.418,31.891,33.418,0,0
GOP_PE,D,20210608,000000,33.418,33.418,32.6093,32.7891,0,0
GOP_PE,D,20210609,000000,33.418,33.5978,32.7891,33.418,0,0
GOP_PE,D,20210610,000000,33.418,33.418,31.1718,31.9805,0,0
GOP_PE,D,20210611,000000,31.9805,31.9805,31.8006,31.9805,0,0
GOP_PE,D,20210614,000000,31.9805,31.9805,31.5314,31.5314,0,0
GOP_PE,D,20210615,000000,31.891,31.9805,31.5314,31.891,0,0
GOP_PE,D,20210616,000000,31.891,31.9805,31.6209,31.9805,0,0
GOP_PE,D,20210617,000000,31.9805,31.9805,30.7228,30.7228,0,0
GOP_PE,D,20210618,000000,30.7228,31.3516,30.7228,31.2622,0,0
GOP_PE,D,20210621,000000,31.2622,31.2622,29.8246,30.7228,0,0
GOP_PE,D,20210622,000000,30.7228,31.4411,29.8246,31.4411,0,0
GOP_PE,D,20210623,000000,30.4535,31.4411,30.4535,30.9026,0,0
GOP_PE,D,20210624,000000,31.4411,31.5314,31.4411,31.5314,0,0
GOP_PE,D,20210625,000000,31.5314,31.5314,31.0823,31.0823,0,0
GOP_PE,D,20210628,000000,31.5314,31.5314,31.0823,31.3516,0,0
GOP_PE,D,20210629,000000,31.3516,31.3516,31.0823,31.0823,0,0
GOP_PE,D,20210630,000000,31.4411,31.5314,31.0823,31.5314,0,0
GOP_PE,D,20210701,000000,31.5314,31.5314,31.3516,31.4411,0,0
GOP_PE,D,20210702,000000,31.4411,31.5314,31.3516,31.3516,0,0
GOP_PE,D,20210705,000000,31.3516,31.5314,31.0823,31.0823,0,0
GOP_PE,D,20210706,000000,31.1718,31.5314,31.0823,31.5314,0,0
GOP_PE,D,20210707,000000,31.1718,31.5314,30.9026,31.5314,0,0
GOP_PE,D,20210708,000000,31.5314,31.5314,31.5314,31.5314,0,0
GOP_PE,D,20210709,000000,31.5314,31.5314,31.5314,31.5314,0,0
GOP_PE,D,20210712,000000,31.5314,31.5314,30.4535,31.4411,0,0
GOP_PE,D,20210713,000000,31.4411,31.4411,30.3631,30.3631,0,0
GOP_PE,D,20210714,000000,30.7228,31.3516,30.3631,30.3631,0,0
GOP_PE,D,20210715,000000,31.0823,31.0823,30.4535,31.0823,0,0
GOP_PE,D,20210716,000000,30.4535,30.9026,29.8246,30.9026,0,0
GOP_PE,D,20210719,000000,30.2737,30.9026,30.0939,30.3631,0,0
GOP_PE,D,20210720,000000,30.0939,31.2622,29.8246,29.8246,0,0
GOP_PE,D,20210721,000000,30.4535,30.4535,29.7343,29.8246,0,0
GOP_PE,D,20210722,000000,30.2737,30.2737,30.2737,30.2737,0,0
GOP_PE,D,20210723,000000,30.4535,30.4535,30.4535,30.4535,0,0
GOP_PE,D,20210726,000000,30.4535,30.4535,29.8246,30.4535,0,0
GOP_PE,D,20210727,000000,30.4535,30.4535,29.9141,30.1843,0,0
GOP_PE,D,20210728,000000,30.5429,30.5429,25.2428,25.2428,0,0
GOP_PE,D,20210729,000000,25.8716,25.9621,25.1534,25.1534,0,0
GOP_PE,D,20210730,000000,26.0515,26.0515,25.1534,25.9621,0,0
GOP_PE,D,20210802,000000,26.2313,26.2313,23.087,23.8956,0,0
GOP_PE,D,20210803,000000,23.8956,23.8956,23.2668,23.7159,0,0
GOP_PE,D,20210804,000000,23.7159,23.7159,22.5476,23.087,0,0
GOP_PE,D,20210805,000000,25.1534,25.1534,23.536,25.063,0,0
GOP_PE,D,20210806,000000,25.063,25.2428,24.7938,25.2428,0,0
GOP_PE,D,20210809,000000,24.7938,25.7822,24.7938,25.2428,0,0
GOP_PE,D,20210810,000000,25.7822,25.7822,24.6139,24.9736,0,0
GOP_PE,D,20210811,000000,25.063,25.063,24.9736,25.063,0,0
GOP_PE,D,20210812,000000,25.063,25.063,23.9851,24.0755,0,0
GOP_PE,D,20210813,000000,24.0755,24.9736,23.9851,24.9736,0,0
GOP_PE,D,20210816,000000,24.0755,24.9736,24.0755,24.2553,0,0
GOP_PE,D,20210817,000000,24.2553,25.2428,24.2553,25.2428,0,0
GOP_PE,D,20210818,000000,25.063,25.063,24.2553,24.7938,0,0
GOP_PE,D,20210819,000000,24.165,24.5245,23.536,24.4342,0,0
GOP_PE,D,20210820,000000,24.4342,24.4342,23.8053,23.8053,0,0
GOP_PE,D,20210823,000000,24.2553,25.4227,23.087,25.4227,0,0
GOP_PE,D,20210824,000000,25.063,25.4227,24.2553,24.4342,0,0
GOP_PE,D,20210825,000000,25.6919,26.3207,24.4342,26.3207,0,0
GOP_PE,D,20210826,000000,26.3207,26.5909,25.6919,26.3207,0,0
GOP_PE,D,20210827,000000,26.3207,26.5005,25.063,25.6024,0,0
GOP_PE,D,20210830,000000,26.3207,26.3207,25.063,26.2313,0,0
GOP_PE,D,20210831,000000,26.3207,26.3207,25.4227,25.5121,0,0
GOP_PE,D,20210901,000000,26.2313,26.2313,25.1534,25.9621,0,0
GOP_PE,D,20210902,000000,25.9621,25.9621,25.5121,25.6919,0,0
GOP_PE,D,20210903,000000,26.2313,26.2313,25.5121,26.2313,0,0
GOP_PE,D,20210906,000000,26.6804,27.04,26.4111,26.5909,0,0
GOP_PE,D,20210907,000000,26.4111,26.5909,25.6919,25.8716,0,0
GOP_PE,D,20210908,000000,26.6804,28.3871,26.2313,27.9381,0,0
GOP_PE,D,20210909,000000,27.9381,28.5669,27.9381,28.3871,0,0
GOP_PE,D,20210910,000000,28.3871,28.3871,27.489,27.489,0,0
GOP_PE,D,20210913,000000,27.489,28.3871,27.489,28.3871,0,0
GOP_PE,D,20210914,000000,28.4766,28.4766,27.489,28.1178,0,0
GOP_PE,D,20210915,000000,29.5988,29.5988,27.1091,27.1091,0,0
GOP_PE,D,20210916,000000,27.1091,27.3858,26.2792,27.3858,0,0
GOP_PE,D,20210917,000000,26.2792,27.3858,26.2792,26.9247,0,0
GOP_PE,D,20210920,000000,26.8325,26.8325,25.8182,26.6481,0,0
GOP_PE,D,20210921,000000,26.6481,27.3858,25.1728,27.3858,0,0
GOP_PE,D,20210922,000000,28.6766,28.6766,25.8182,28.2156,0,0
GOP_PE,D,20210923,000000,27.9389,28.4001,26.3715,28.1234,0,0
GOP_PE,D,20210924,000000,28.3078,28.3078,27.2935,27.9389,0,0
GOP_PE,D,20210927,000000,27.9389,28.7689,27.0169,28.6766,0,0
GOP_PE,D,20210928,000000,28.6766,28.7689,26.9247,27.5702,0,0
GOP_PE,D,20210929,000000,29.2299,29.2299,27.0169,28.2156,0,0
GOP_PE,D,20210930,000000,28.9532,29.5065,27.2935,28.6766,0,0
GOP_PE,D,20211001,000000,28.8611,34.0247,28.4922,34.0247,0,0
GOP_PE,D,20211004,000000,34.0247,34.8546,34.0247,34.3014,0,0
GOP_PE,D,20211005,000000,33.2871,34.4857,33.1027,34.3014,0,0
GOP_PE,D,20211006,000000,35.2234,35.2234,33.2871,33.2871,0,0
GOP_PE,D,20211007,000000,34.1169,34.1169,33.7481,33.7481,0,0
GOP_PE,D,20211008,000000,34.0247,34.0247,33.3792,33.4715,0,0
GOP_PE,D,20211011,000000,33.4715,34.3935,33.2871,33.5637,0,0
GOP_PE,D,20211012,000000,33.0104,33.8403,29.8754,32.7338,0,0
GOP_PE,D,20211013,000000,32.826,33.2871,31.9039,33.1948,0,0
GOP_PE,D,20211014,000000,33.1027,33.3792,32.4572,32.7338,0,0
GOP_PE,D,20211015,000000,32.826,33.0104,32.365,32.365,0,0
GOP_PE,D,20211018,000000,32.1805,32.365,31.9961,31.9961,0,0
GOP_PE,D,20211019,000000,31.9961,32.5494,30.9818,32.4572,0,0
GOP_PE,D,20211020,000000,32.1805,32.1805,30.6131,31.4429,0,0
GOP_PE,D,20211021,000000,31.4429,31.4429,29.3221,30.1519,0,0
GOP_PE,D,20211022,000000,30.1519,30.7974,29.6909,29.6909,0,0
GOP_PE,D,20211025,000000,30.8896,31.0741,30.1519,30.1519,0,0
GOP_PE,D,20211026,000000,30.9818,30.9818,29.8754,30.1519,0,0
GOP_PE,D,20211027,000000,30.9818,30.9818,29.5065,29.9675,0,0
GOP_PE,D,20211028,000000,29.9675,30.2442,28.6766,29.3221,0,0
GOP_PE,D,20211029,000000,29.8754,29.8754,28.0312,28.4922,0,0
GOP_PE,D,20211102,000000,28.0312,28.3078,27.0169,28.3078,0,0
GOP_PE,D,20211103,000000,27.0169,28.0312,27.0169,27.9389,0,0
GOP_PE,D,20211104,000000,27.6624,27.7546,27.4779,27.7546,0,0
GOP_PE,D,20211105,000000,27.8468,28.3078,27.7546,28.2156,0,0
GOP_PE,D,20211108,000000,28.2156,29.2299,28.0312,28.1234,0,0
GOP_PE,D,20211109,000000,28.1234,28.6766,26.5559,26.7403,0,0
GOP_PE,D,20211110,000000,26.7403,26.7403,25.1728,26.4636,0,0
GOP_PE,D,20211112,000000,26.187,27.0169,25.6338,25.6338,0,0
GOP_PE,D,20211115,000000,26.2792,26.3715,25.6338,25.6338,0,0
GOP_PE,D,20211116,000000,25.3572,26.0948,24.8962,26.0948,0,0
GOP_PE,D,20211117,000000,26.0948,26.0948,25.2649,25.8182,0,0
GOP_PE,D,20211118,000000,26.0026,26.187,25.2649,25.9105,0,0
GOP_PE,D,20211119,000000,26.0948,26.0948,24.8962,24.8962,0,0
GOP_PE,D,20211122,000000,25.6338,25.6338,24.2506,24.8039,0,0
GOP_PE,D,20211123,000000,24.6195,25.6338,24.3429,25.6338,0,0
GOP_PE,D,20211124,000000,25.6338,25.6338,24.7117,25.2649,0,0
GOP_PE,D,20211125,000000,25.6338,25.6338,24.5273,24.8962,0,0
GOP_PE,D,20211126,000000,25.4493,25.4493,23.6052,24.0663,0,0
GOP_PE,D,20211129,000000,23.6052,25.0806,23.052,23.974,0,0
GOP_PE,D,20211130,000000,24.0663,24.0663,24.0663,24.0663,0,0
GOP_PE,D,20211201,000000,23.974,23.974,16.6897,16.6897,0,0
GOP_PE,D,20211202,000000,16.6897,16.6897,16.3208,16.5052,0,0
GOP_PE,D,20211203,000000,16.3208,16.5974,16.0441,16.3208,0,0
GOP_PE,D,20211206,000000,15.5831,16.5052,15.5831,16.3208,0,0
GOP_PE,D,20211207,000000,16.5052,18.165,16.2286,18.165,0,0
GOP_PE,D,20211208,000000,18.165,18.3494,17.9806,18.2571,0,0
GOP_PE,D,20211209,000000,18.626,18.626,18.2571,18.2571,0,0
GOP_PE,D,20211210,000000,18.2571,18.5338,16.6897,18.0727,0,0
GOP_PE,D,20211213,000000,18.4416,18.4416,16.874,17.7961,0,0
GOP_PE,D,20211214,000000,16.9663,17.7961,16.874,17.2429,0,0
GOP_PE,D,20211215,000000,17.2429,17.2429,15.5831,16.874,0,0
GOP_PE,D,20211216,000000,16.874,16.874,16.2286,16.7818,0,0
GOP_PE,D,20211217,000000,16.5974,16.5974,15.8597,15.952,0,0
GOP_PE,D,20211220,000000,15.952,16.413,15.952,15.952,0,0
GOP_PE,D,20211221,000000,15.952,16.5052,15.952,16.2286,0,0
GOP_PE,D,20211222,000000,15.8597,16.7818,15.7675,16.6897,0,0
GOP_PE,D,20211223,000000,15.952,16.3208,15.5831,16.3208,0,0
GOP_PE,D,20211227,000000,16.3208,16.3208,15.3987,15.491,0,0
GOP_PE,D,20211228,000000,15.491,15.7675,15.491,15.491,0,0
GOP_PE,D,20211229,000000,16.3208,17.6117,15.952,17.4273,0,0
GOP_PE,D,20211230,000000,17.4273,17.4273,16.6897,17.4273,0,0
GOP_PE,D,20220103,000000,17.5195,17.5195,16.3208,17.1507,0,0
GOP_PE,D,20220104,000000,17.1507,17.3351,16.5974,16.874,0,0
GOP_PE,D,20220105,000000,16.413,16.874,16.2286,16.3208,0,0
GOP_PE,D,20220107,000000,16.7818,16.9663,16.1364,16.5052,0,0
GOP_PE,D,20220110,000000,17.3351,17.3351,16.7818,17.1507,0,0
GOP_PE,D,20220111,000000,17.1507,18.0727,16.7818,18.0727,0,0
GOP_PE,D,20220112,000000,18.0727,18.165,17.7039,18.165,0,0
GOP_PE,D,20220113,000000,18.165,18.165,17.8883,18.0727,0,0
GOP_PE,D,20220114,000000,18.0727,18.2571,17.4273,17.9806,0,0
GOP_PE,D,20220117,000000,18.165,18.2571,18.0727,18.2571,0,0
GOP_PE,D,20220118,000000,18.2571,18.2571,17.6117,18.165,0,0
GOP_PE,D,20220119,000000,18.165,18.165,17.3351,18.0727,0,0
GOP_PE,D,20220120,000000,17.7961,17.9806,17.4273,17.8883,0,0
GOP_PE,D,20220121,000000,17.2429,17.6117,17.2429,17.5195,0,0
GOP_PE,D,20220124,000000,17.5195,17.5195,16.1364,16.3208,0,0
GOP_PE,D,20220125,000000,16.874,16.874,15.6754,16.413,0,0
GOP_PE,D,20220126,000000,16.5052,16.5052,16.3208,16.3208,0,0
GOP_PE,D,20220127,000000,15.952,16.5052,15.952,16.5052,0,0
GOP_PE,D,20220128,000000,16.5052,16.5052,16.0441,16.3208,0,0
GOP_PE,D,20220131,000000,16.413,17.2429,16.3208,17.1507,0,0
GOP_PE,D,20220201,000000,17.3351,17.3351,16.7818,17.2429,0,0
GOP_PE,D,20220202,000000,17.2429,17.2429,16.413,17.1507,0,0
GOP_PE,D,20220203,000000,16.5052,17.1507,16.1364,16.5052,0,0
GOP_PE,D,20220204,000000,16.1364,16.9663,15.952,16.9663,0,0
GOP_PE,D,20220207,000000,17.0584,17.0584,16.1364,16.7818,0,0
GOP_PE,D,20220208,000000,16.9663,16.9663,15.7675,16.3208,0,0
GOP_PE,D,20220209,000000,16.5974,16.5974,15.952,16.413,0,0
GOP_PE,D,20220210,000000,16.413,16.5052,16.413,16.413,0,0
GOP_PE,D,20220211,000000,16.413,16.413,15.3065,15.7675,0,0
GOP_PE,D,20220214,000000,15.491,16.0441,14.9377,15.2143,0,0
GOP_PE,D,20220215,000000,15.3065,15.491,15.0298,15.3987,0,0
GOP_PE,D,20220216,000000,15.491,15.8597,15.1221,15.5831,0,0
GOP_PE,D,20220217,000000,15.491,15.5831,15.2143,15.491,0,0
GOP_PE,D,20220218,000000,15.1221,15.491,14.9377,15.491,0,0
GOP_PE,D,20220221,000000,15.1221,15.5831,15.1221,15.5831,0,0
GOP_PE,D,20220222,000000,15.1221,15.3987,15.1221,15.3065,0,0
GOP_PE,D,20220223,000000,15.1221,15.2143,14.8455,15.2143,0,0
GOP_PE,D,20220224,000000,13.9234,14.5688,11.8948,13.1857,0,0
GOP_PE,D,20220225,000000,13.1857,14.2922,12.8169,14.2922,0,0
GOP_PE,D,20220228,000000,14.2922,15.3987,13.6468,15.0298,0,0
GOP_PE,D,20220301,000000,15.0298,15.1221,14.3844,15.1221,0,0
GOP_PE,D,20220302,000000,14.4767,15.3987,13.739,15.0298,0,0
GOP_PE,D,20220303,000000,15.0298,15.0298,14.6611,14.6611,0,0
GOP_PE,D,20220304,000000,14.6611,15.3065,14.2,14.8455,0,0
GOP_PE,D,20220307,000000,14.4767,14.5688,13.9234,14.5688,0,0
GOP_PE,D,20220308,000000,14.8455,14.8455,14.2922,14.5688,0,0
GOP_PE,D,20220309,000000,14.6611,15.2143,13.6468,14.4767,0,0
GOP_PE,D,20220310,000000,14.4767,14.4767,14.4767,14.4767,0,0
GOP_PE,D,20220311,000000,14.4767,14.9377,14.2922,14.9377,0,0
GOP_PE,D,20220314,000000,14.4767,14.4767,14.0156,14.1078,0,0
GOP_PE,D,20220315,000000,14.6611,14.6611,14.1078,14.1078,0,0
GOP_PE,D,20220316,000000,13.9234,14.6611,13.9234,14.2922,0,0
GOP_PE,D,20220317,000000,14.3844,14.8455,14.3844,14.8455,0,0
GOP_PE,D,20220318,000000,14.8455,14.8455,14.6611,14.7533,0,0
GOP_PE,D,20220321,000000,14.7533,14.8455,14.7533,14.8455,0,0
GOP_PE,D,20220322,000000,15.2143,15.7675,15.2143,15.5831,0,0
GOP_PE,D,20220323,000000,15.6754,15.6754,14.7533,15.3065,0,0
GOP_PE,D,20220324,000000,15.3065,15.3065,15.0298,15.2143,0,0
GOP_PE,D,20220325,000000,15.2143,15.6754,14.6611,15.6754,0,0
GOP_PE,D,20220328,000000,15.6754,15.6754,14.9377,15.5831,0,0
GOP_PE,D,20220329,000000,15.7675,15.7675,14.8455,15.3065,0,0
GOP_PE,D,20220330,000000,15.1221,15.1221,14.7533,15.1221,0,0
GOP_PE,D,20220331,000000,15.1221,15.2143,14.6611,15.0298,0,0
GOP_PE,D,20220401,000000,15.0298,15.0298,14.6611,14.9377,0,0
GOP_PE,D,20220404,000000,14.9377,15.0298,14.4767,14.8455,0,0
GOP_PE,D,20220405,000000,14.8455,15.0298,13.3701,13.3701,0,0
GOP_PE,D,20220406,000000,13.9234,13.9234,12.8169,13.6468,0,0
GOP_PE,D,20220407,000000,13.739,13.9234,13.3701,13.9234,0,0
GOP_PE,D,20220408,000000,13.9234,13.9234,13.1857,13.6468,0,0
GOP_PE,D,20220411,000000,13.8312,13.8312,13.0935,13.4624,0,0
GOP_PE,D,20220412,000000,13.6468,13.739,13.0935,13.6468,0,0
GOP_PE,D,20220413,000000,13.9234,13.9234,13.0935,13.6468,0,0
GOP_PE,D,20220414,000000,13.8312,13.8312,13.0935,13.4624,0,0
GOP_PE,D,20220419,000000,13.739,13.739,13.0014,13.2779,0,0
GOP_PE,D,20220420,000000,13.739,13.739,12.6325,13.1857,0,0
GOP_PE,D,20220421,000000,13.5545,13.5545,12.7247,13.2779,0,0
GOP_PE,D,20220422,000000,12.4481,13.4624,12.4481,13.4624,0,0
GOP_PE,D,20220425,000000,13.4624,13.4624,12.1714,12.6325,0,0
GOP_PE,D,20220426,000000,12.9091,13.3701,12.6325,13.0014,0,0
GOP_PE,D,20220427,000000,13.0014,13.0014,12.0792,12.5402,0,0
GOP_PE,D,20220428,000000,12.8169,13.739,12.1714,13.739,0,0
GOP_PE,D,20220429,000000,13.739,14.2,13.1857,14.2,0,0
GOP_PE,D,20220502,000000,14.2,14.3844,13.5545,14.3844,0,0
GOP_PE,D,20220504,000000,14.6611,14.7533,14.2922,14.5688,0,0
GOP_PE,D,20220505,000000,14.1078,14.7533,14.1078,14.3844,0,0
GOP_PE,D,20220506,000000,14.3844,14.3844,13.739,13.739,0,0
GOP_PE,D,20220509,000000,14.5688,14.5688,13.3701,13.3701,0,0
GOP_PE,D,20220510,000000,13.3701,14.5688,13.3701,14.2,0,0
GOP_PE,D,20220511,000000,14.2,14.2,13.5545,14.1078,0,0
GOP_PE,D,20220512,000000,14.2,14.2,13.5545,14.1078,0,0
GOP_PE,D,20220513,000000,14.1078,14.1078,13.5545,14.1078,0,0
GOP_PE,D,20220516,000000,14.2922,14.2922,13.9234,14.0156,0,0
GOP_PE,D,20220517,000000,14.0156,14.0156,13.4624,14.0156,0,0
GOP_PE,D,20220518,000000,14.0156,14.2,13.5545,14.0156,0,0
GOP_PE,D,20220519,000000,14.2,14.2,13.1857,13.739,0,0
GOP_PE,D,20220520,000000,13.739,13.739,13.1857,13.739,0,0
GOP_PE,D,20220523,000000,13.739,13.8312,13.6468,13.6468,0,0
GOP_PE,D,20220524,000000,13.739,13.739,13.6468,13.739,0,0
GOP_PE,D,20220525,000000,13.739,13.739,13.1857,13.739,0,0
GOP_PE,D,20220526,000000,13.739,13.739,13.3701,13.739,0,0
GOP_PE,D,20220527,000000,13.739,13.739,13.739,13.739,0,0
GOP_PE,D,20220530,000000,13.739,13.739,13.1857,13.739,0,0
GOP_PE,D,20220531,000000,13.9234,16.413,13.9234,16.413,0,0
GOP_PE,D,20220601,000000,15.8597,16.9663,15.3987,16.2286,0,0
GOP_PE,D,20220602,000000,16.2286,16.2286,15.491,15.8597,0,0
GOP_PE,D,20220603,000000,15.8597,15.8597,15.1221,15.1221,0,0
GOP_PE,D,20220606,000000,15.0298,15.7675,15.0298,15.0298,0,0
GOP_PE,D,20220607,000000,15.6754,15.6754,14.8455,15.3065,0,0
GOP_PE,D,20220608,000000,15.3065,15.3065,14.1078,14.2,0,0
GOP_PE,D,20220609,000000,15.2143,15.2143,14.2,14.3844,0,0
GOP_PE,D,20220610,000000,14.3844,14.3844,13.4624,14.2,0,0
GOP_PE,D,20220613,000000,14.2,14.2,11.3415,11.3415,0,0
GOP_PE,D,20220614,000000,11.1572,11.7104,11.1572,11.6182,0,0
GOP_PE,D,20220615,000000,11.6182,11.6182,11.6182,11.6182,0,0
GOP_PE,D,20220617,000000,11.6182,11.6182,11.526,11.6182,0,0
GOP_PE,D,20220620,000000,11.6182,12.1714,11.1572,12.1714,0,0
GOP_PE,D,20220621,000000,11.9871,12.2637,11.9871,12.2637,0,0
GOP_PE,D,20220622,000000,12.1714,12.1714,11.6182,11.6182,0,0
GOP_PE,D,20220623,000000,11.9871,11.9871,10.9728,11.526,0,0
GOP_PE,D,20220624,000000,11.526,11.9871,11.1572,11.7104,0,0
GOP_PE,D,20220627,000000,11.526,12.3558,11.3415,11.526,0,0
GOP_PE,D,20220628,000000,11.9871,12.2637,11.2494,12.2637,0,0
GOP_PE,D,20220629,000000,12.2637,12.2637,11.3415,11.7104,0,0
GOP_PE,D,20220630,000000,11.9871,11.9871,11.3415,11.7104,0,0
GOP_PE,D,20220701,000000,11.9871,11.9871,11.3415,11.6182,0,0
GOP_PE,D,20220704,000000,11.8026,11.8026,11.1572,11.526,0,0
GOP_PE,D,20220705,000000,11.8026,11.8026,11.1572,11.6182,0,0
GOP_PE,D,20220706,000000,11.8026,11.8026,11.2494,11.6182,0,0
GOP_PE,D,20220707,000000,11.7104,11.7104,11.3415,11.7104,0,0
GOP_PE,D,20220708,000000,11.7104,11.8948,11.6182,11.8026,0,0
GOP_PE,D,20220711,000000,11.9871,12.1714,11.7104,12.1714,0,0
GOP_PE,D,20220712,000000,12.1714,12.1714,11.9871,11.9871,0,0
GOP_PE,D,20220713,000000,12.1714,12.1714,11.8948,11.9871,0,0
GOP_PE,D,20220714,000000,11.9871,11.9871,11.8948,11.8948,0,0
GOP_PE,D,20220715,000000,11.8948,11.8948,11.526,11.8026,0,0
GOP_PE,D,20220718,000000,11.9871,12.1714,11.3415,12.0792,0,0
GOP_PE,D,20220719,000000,12.0792,12.0792,11.7104,11.7104,0,0
GOP_PE,D,20220720,000000,12.0792,12.0792,11.3415,11.7104,0,0
GOP_PE,D,20220721,000000,12.1714,12.1714,11.526,11.7104,0,0
GOP_PE,D,20220722,000000,11.7104,12.8169,11.4338,12.8169,0,0
GOP_PE,D,20220725,000000,12.2637,12.7247,12.2637,12.7247,0,0
GOP_PE,D,20220726,000000,12.7247,13.739,12.4481,13.0014,0,0
GOP_PE,D,20220727,000000,13.3701,13.3701,12.3558,12.9091,0,0
GOP_PE,D,20220728,000000,12.9091,13.0014,12.2637,12.9091,0,0
GOP_PE,D,20220729,000000,12.4481,12.9091,12.3558,12.8169,0,0
GOP_PE,D,20220801,000000,12.8169,13.1857,12.3558,13.1857,0,0
GOP_PE,D,20220802,000000,13.739,14.9377,13.5545,13.9234,0,0
GOP_PE,D,20220803,000000,13.9234,15.0298,13.1857,14.9377,0,0
GOP_PE,D,20220804,000000,14.9377,14.9377,14.2922,14.7533,0,0
GOP_PE,D,20220805,000000,14.7533,14.7533,14.0156,14.2,0,0
GOP_PE,D,20220808,000000,13.5545,15.3065,13.5545,15.3065,0,0
GOP_PE,D,20220809,000000,15.3065,15.3065,14.5688,15.2143,0,0
GOP_PE,D,20220810,000000,15.491,15.8597,14.6611,15.1221,0,0
GOP_PE,D,20220811,000000,15.1221,15.952,15.1221,15.952,0,0
GOP_PE,D,20220812,000000,15.952,15.952,15.0298,15.7675,0,0
GOP_PE,D,20220816,000000,15.491,15.7675,14.9377,15.3065,0,0
GOP_PE,D,20220817,000000,15.6754,15.6754,14.7533,15.2143,0,0
GOP_PE,D,20220818,000000,15.1221,15.1221,14.3844,14.8455,0,0
GOP_PE,D,20220819,000000,15.0298,15.0298,14.1078,14.5688,0,0
GOP_PE,D,20220822,000000,14.4767,14.4767,13.9234,14.2922,0,0
GOP_PE,D,20220823,000000,14.2922,14.2922,14.2922,14.2922,0,0
GOP_PE,D,20220824,000000,14.2,14.9377,14.2,14.7533,0,0
GOP_PE,D,20220825,000000,15.3987,15.3987,14.9377,14.9377,0,0
GOP_PE,D,20220826,000000,15.3987,15.3987,14.9377,14.9377,0,0
GOP_PE,D,20220829,000000,14.8455,14.8455,14.0156,14.6611,0,0
GOP_PE,D,20220830,000000,14.6611,14.9377,14.6611,14.6611,0,0
GOP_PE,D,20220831,000000,14.9377,15.3065,14.3844,15.0298,0,0
GOP_PE,D,20220901,000000,15.2143,15.2143,14.2,14.6611,0,0
GOP_PE,D,20220902,000000,15.1221,15.1221,15.0298,15.1221,0,0
GOP_PE,D,20220905,000000,14.9377,15.5831,14.9377,15.5831,0,0
GOP_PE,D,20220906,000000,15.5831,15.5831,15.1221,15.5831,0,0
GOP_PE,D,20220907,000000,15.6754,15.6754,15.1221,15.5831,0,0
GOP_PE,D,20220908,000000,15.6754,15.6754,15.2143,15.6754,0,0
GOP_PE,D,20220909,000000,15.5831,15.5831,15.3065,15.5831,0,0
GOP_PE,D,20220912,000000,15.5831,15.6754,14.9377,15.3987,0,0
GOP_PE,D,20220913,000000,15.3987,15.7675,14.8455,15.7675,0,0
GOP_PE,D,20220914,000000,15.7675,15.7675,15.0298,15.7675,0,0
GOP_PE,D,20220915,000000,15.3065,15.7675,14.9377,15.5831,0,0
GOP_PE,D,20220916,000000,15.491,15.491,15.1221,15.491,0,0
GOP_PE,D,20220919,000000,15.491,15.491,15.1221,15.491,0,0
GOP_PE,D,20220920,000000,15.7675,15.7675,15.0298,15.3065,0,0
GOP_PE,D,20220921,000000,15.5831,15.6754,15.2143,15.6754,0,0
GOP_PE,D,20220922,000000,15.6754,16.874,15.491,15.7675,0,0
GOP_PE,D,20220923,000000,15.952,16.1364,15.3065,15.7675,0,0
GOP_PE,D,20220926,000000,15.7675,15.7675,14.2922,15.2143,0,0
GOP_PE,D,20220927,000000,15.6754,15.6754,15.0298,15.0298,0,0
GOP_PE,D,20220928,000000,15.3065,15.3065,15.0298,15.3065,0,0
GOP_PE,D,20220929,000000,14.0672,15.7164,14.0672,15.7164,0,0
GOP_PE,D,20220930,000000,14.8433,15.6194,14.8433,15.5224,0,0
GOP_PE,D,20221003,000000,16.2985,16.2985,15.8134,15.9104,0,0
GOP_PE,D,20221004,000000,15.9104,16.4925,15.5224,15.5224,0,0
GOP_PE,D,20221005,000000,15.6194,16.2015,15.0373,15.4254,0,0
GOP_PE,D,20221006,000000,15.5224,16.1045,15.2313,15.2313,0,0
GOP_PE,D,20221007,000000,15.9104,15.9104,10.9627,10.9627,0,0
GOP_PE,D,20221010,000000,11.3507,11.3507,10.6716,10.7687,0,0
GOP_PE,D,20221011,000000,11.0597,11.0597,10.1866,10.5746,0,0
GOP_PE,D,20221012,000000,10.8657,11.3507,9.99254,10.0896,0,0
GOP_PE,D,20221013,000000,10.0896,10.0896,9.41045,9.79851,0,0
GOP_PE,D,20221014,000000,10.0896,10.0896,9.70149,10.0896,0,0
GOP_PE,D,20221017,000000,10.0896,10.0896,9.60448,9.70149,0,0
GOP_PE,D,20221018,000000,10.0896,10.5746,9.31343,9.50746,0,0
GOP_PE,D,20221019,000000,9.79851,9.79851,8.82836,9.70149,0,0
GOP_PE,D,20221020,000000,9.1194,9.70149,9.1194,9.70149,0,0
GOP_PE,D,20221021,000000,9.70149,9.70149,9.02239,9.02239,0,0
GOP_PE,D,20221024,000000,9.1194,9.60448,9.02239,9.60448,0,0
GOP_PE,D,20221025,000000,9.60448,9.60448,9.02239,9.02239,0,0
GOP_PE,D,20221026,000000,9.60448,9.60448,9.02239,9.21642,0,0
GOP_PE,D,20221027,000000,9.60448,9.70149,9.21642,9.70149,0,0
GOP_PE,D,20221028,000000,9.70149,9.79851,9.50746,9.79851,0,0
GOP_PE,D,20221031,000000,9.70149,10.1866,9.60448,10.1866,0,0
GOP_PE,D,20221102,000000,10.1866,10.1866,9.70149,9.89552,0,0
GOP_PE,D,20221103,000000,10.0896,10.0896,9.89552,9.89552,0,0
GOP_PE,D,20221104,000000,9.70149,9.89552,9.70149,9.89552,0,0
GOP_PE,D,20221107,000000,9.99254,9.99254,9.60448,9.89552,0,0
GOP_PE,D,20221108,000000,9.99254,9.99254,9.89552,9.99254,0,0
GOP_PE,D,20221109,000000,9.60448,10.0896,9.60448,10.0896,0,0
GOP_PE,D,20221110,000000,10.0896,10.4776,9.99254,9.99254,0,0
GOP_PE,D,20221114,000000,9.79851,10.3806,9.79851,10.2836,0,0
GOP_PE,D,20221115,000000,10.4776,10.4776,10.0896,10.4776,0,0
GOP_PE,D,20221116,000000,10.4776,10.4776,9.89552,10.0896,0,0
GOP_PE,D,20221117,000000,10.5746,10.7687,10.1866,10.7687,0,0
GOP_PE,D,20221118,000000,10.7687,11.7388,10.6716,11.6418,0,0
GOP_PE,D,20221121,000000,11.6418,11.6418,11.2537,11.2537,0,0
GOP_PE,D,20221122,000000,11.5448,11.5448,11.2537,11.2537,0,0
GOP_PE,D,20221123,000000,11.3507,11.7388,11.3507,11.5448,0,0
GOP_PE,D,20221124,000000,11.5448,11.7388,11.1567,11.6418,0,0
GOP_PE,D,20221125,000000,11.8358,11.8358,11.4478,11.5448,0,0
GOP_PE,D,20221128,000000,11.3507,11.4478,11.0597,11.4478,0,0
GOP_PE,D,20221129,000000,11.2537,11.8358,10.3806,11.1567,0,0
GOP_PE,D,20221130,000000,11.2537,11.2537,11.1567,11.1567,0,0
GOP_PE,D,20221201,000000,11.1567,12.0299,11.1567,11.9328,0,0
GOP_PE,D,20221202,000000,11.7388,12.0299,11.6418,12.0299,0,0
GOP_PE,D,20221205,000000,12.4179,12.5149,12.0299,12.5149,0,0
GOP_PE,D,20221206,000000,12.2239,12.5149,11.5448,12.0299,0,0
GOP_PE,D,20221207,000000,12.2239,12.2239,11.3507,11.4478,0,0
GOP_PE,D,20221208,000000,11.9328,12.2239,11.4478,11.8358,0,0
GOP_PE,D,20221209,000000,12.2239,12.2239,11.5448,11.9328,0,0
GOP_PE,D,20221212,000000,11.9328,11.9328,11.5448,11.9328,0,0
GOP_PE,D,20221213,000000,11.9328,11.9328,10.7687,10.7687,0,0
GOP_PE,D,20221214,000000,10.7687,10.7687,10.7687,10.7687,0,0
GOP_PE,D,20221215,000000,10.7687,10.7687,10.2836,10.6716,0,0
GOP_PE,D,20221216,000000,10.6716,10.6716,10.1866,10.5746,0,0
GOP_PE,D,20221219,000000,10.1866,10.4776,9.99254,10.2836,0,0
GOP_PE,D,20221220,000000,10.2836,10.2836,9.89552,10.1866,0,0
GOP_PE,D,20221221,000000,10.1866,10.1866,9.79851,10.0896,0,0
GOP_PE,D,20221222,000000,10.0896,10.0896,9.70149,10.0896,0,0
GOP_PE,D,20221223,000000,10.0896,10.5746,10.0896,10.5746,0,0
GOP_PE,D,20221227,000000,10.5746,10.5746,10.0896,10.4776,0,0
GOP_PE,D,20221228,000000,10.4776,10.4776,9.99254,10.2836,0,0
GOP_PE,D,20221229,000000,10.2836,10.4776,9.99254,10.3806,0,0
GOP_PE,D,20221230,000000,10.2836,10.3806,10.1866,10.3806,0,0
GOP_PE,D,20230102,000000,10.7687,10.7687,10.2836,10.3806,0,0
GOP_PE,D,20230103,000000,10.2836,11.5448,10.2836,11.3507,0,0
GOP_PE,D,20230104,000000,11.3507,12.1269,11.1567,12.0299,0,0
GOP_PE,D,20230105,000000,12.0299,12.0299,11.5448,11.8358,0,0
GOP_PE,D,20230109,000000,11.8358,14.1642,11.8358,13.4851,0,0
GOP_PE,D,20230110,000000,13.4851,14.2612,12.903,14.2612,0,0
GOP_PE,D,20230111,000000,14.3582,15.0373,13.9701,14.3582,0,0
GOP_PE,D,20230112,000000,14.2612,14.9403,13.8731,14.0672,0,0
GOP_PE,D,20230113,000000,14.1642,15.2313,14.1642,15.0373,0,0
GOP_PE,D,20230116,000000,15.4254,17.0746,15.3284,16.7836,0,0
GOP_PE,D,20230117,000000,16.2015,17.0746,15.0373,15.3284,0,0
GOP_PE,D,20230118,000000,15.4254,15.6194,14.6493,15.0373,0,0
GOP_PE,D,20230119,000000,14.6493,14.9403,14.4552,14.5522,0,0
GOP_PE,D,20230120,000000,14.8433,15.4254,14.6493,15.2313,0,0
GOP_PE,D,20230123,000000,15.3284,15.3284,14.5522,14.8433,0,0
GOP_PE,D,20230124,000000,14.8433,15.2313,14.1642,14.5522,0,0
GOP_PE,D,20230125,000000,14.4552,14.5522,14.1642,14.3582,0,0
GOP_PE,D,20230126,000000,14.4552,15.3284,14.4552,14.7463,0,0
GOP_PE,D,20230127,000000,15.0373,15.2313,14.7463,14.8433,0,0
GOP_PE,D,20230130,000000,15.1343,15.2313,14.7463,14.9403,0,0
GOP_PE,D,20230131,000000,15.2313,15.5224,14.7463,14.9403,0,0
GOP_PE,D,20230201,000000,15.2313,15.2313,14.6493,14.7463,0,0
GOP_PE,D,20230202,000000,15.1343,15.1343,14.6493,14.7463,0,0
GOP_PE,D,20230203,000000,14.7463,15.0373,14.6493,14.6493,0,0
GOP_PE,D,20230206,000000,14.9403,15.2313,13.7761,13.7761,0,0
GOP_PE,D,20230207,000000,14.6493,17.6567,14.6493,17.6567,0,0
GOP_PE,D,20230208,000000,20.1791,21.9254,19.403,19.403,0,0
GOP_PE,D,20230209,000000,19.403,24.3507,19.1119,22.5075,0,0
GOP_PE,D,20230210,000000,22.3134,23.5746,21.2463,21.8284,0,0
GOP_PE,D,20230213,000000,21.0522,21.7313,19.791,20.2761,0,0
GOP_PE,D,20230214,000000,20.1791,20.1791,18.0448,18.0448,0,0
GOP_PE,D,20230215,000000,18.1418,19.209,18.1418,18.6269,0,0
GOP_PE,D,20230216,000000,18.9179,19.403,18.3358,18.3358,0,0
GOP_PE,D,20230217,000000,18.4328,19.1119,17.8507,18.1418,0,0
GOP_PE,D,20230220,000000,18.4328,18.7239,17.7537,18.1418,0,0
GOP_PE,D,20230221,000000,18.4328,18.4328,17.8507,18.1418,0,0
GOP_PE,D,20230222,000000,18.3358,18.6269,17.3657,17.5597,0,0
GOP_PE,D,20230223,000000,17.8507,18.8209,17.6567,18.1418,0,0
GOP_PE,D,20230224,000000,18.5299,18.5299,17.2687,17.3657,0,0
GOP_PE,D,20230227,000000,17.3657,19.5,17.3657,19.403,0,0
GOP_PE,D,20230228,000000,19.403,20.2761,19.209,19.8881,0,0
GOP_PE,D,20230301,000000,19.8881,24.7388,18.3358,24.7388,0,0
GOP_PE,D,20230302,000000,24.7388,24.7388,24.1567,24.1567,0,0
GOP_PE,D,20230303,000000,24.1567,25.2239,24.1567,25.1269,0,0
GOP_PE,D,20230306,000000,25.2239,25.3209,24.3507,24.7388,0,0
GOP_PE,D,20230307,000000,24.3507,25.0299,24.3507,24.9328,0,0
GOP_PE,D,20230308,000000,25.1269,25.2239,24.2537,25.2239,0,0
GOP_PE,D,20230309,000000,25.806,26.7761,25.4179,25.903,0,0
GOP_PE,D,20230310,000000,25.806,25.806,24.2537,24.5448,0,0
GOP_PE,D,20230313,000000,25.0299,25.0299,23.5746,23.5746,0,0
GOP_PE,D,20230314,000000,24.3507,24.3507,23.5746,23.6716,0,0
GOP_PE,D,20230315,000000,23.4776,24.7388,22.6045,22.8955,0,0
GOP_PE,D,20230316,000000,22.7985,23.4776,21.8284,22.6045,0,0
GOP_PE,D,20230317,000000,23.7687,23.7687,22.1194,22.6045,0,0
GOP_PE,D,20230320,000000,22.4104,22.5075,21.9254,22.3134,0,0
GOP_PE,D,20230321,000000,22.4104,22.5075,22.0224,22.3134,0,0
GOP_PE,D,20230322,000000,22.6045,23.0896,22.2164,22.4104,0,0
GOP_PE,D,20230323,000000,22.1194,22.7985,21.7313,22.0224,0,0
GOP_PE,D,20230324,000000,22.0224,22.2164,21.1493,21.9254,0,0
GOP_PE,D,20230327,000000,21.9254,21.9254,21.0522,21.2463,0,0
GOP_PE,D,20230328,000000,21.4403,21.9254,21.0522,21.3433,0,0
GOP_PE,D,20230329,000000,21.2463,21.6343,21.1493,21.5373,0,0
GOP_PE,D,20230330,000000,20.8582,21.8284,20.8582,21.7313,0,0
GOP_PE,D,20230331,000000,21.4403,22.7015,21.4403,21.9254,0,0
GOP_PE,D,20230403,000000,23.0896,24.7388,22.1194,24.3507,0,0
GOP_PE,D,20230404,000000,24.4478,24.4478,23.2836,23.3806,0,0
GOP_PE,D,20230405,000000,23.6716,23.6716,23.1866,23.6716,0,0
GOP_PE,D,20230406,000000,23.8657,24.7388,23.8657,24.6418,0,0
GOP_PE,D,20230411,000000,23.9627,25.5149,23.2836,25.5149,0,0
GOP_PE,D,20230412,000000,25.4179,25.4179,24.0597,24.5448,0,0
GOP_PE,D,20230413,000000,24.8358,25.4179,24.0597,25.0299,0,0
GOP_PE,D,20230414,000000,25.0299,25.0299,23.7687,24.2537,0,0
GOP_PE,D,20230417,000000,24.3507,24.7388,23.7687,23.9627,0,0
GOP_PE,D,20230418,000000,24.4478,24.4478,23.4776,23.7687,0,0
GOP_PE,D,20230419,000000,23.4776,24.7388,22.7015,24.7388,0,0
GOP_PE,D,20230420,000000,24.7388,25.4179,24.2537,24.6418,0,0
GOP_PE,D,20230421,000000,25.3209,25.3209,24.4478,25.0299,0,0
GOP_PE,D,20230424,000000,24.2537,25.2239,24.2537,24.9328,0,0
GOP_PE,D,20230425,000000,24.9328,24.9328,23.4776,23.8657,0,0
GOP_PE,D,20230426,000000,23.7687,23.7687,23.1866,23.5746,0,0
GOP_PE,D,20230427,000000,23.7687,23.7687,22.7015,23.1866,0,0
GOP_PE,D,20230428,000000,22.7985,23.6716,22.7985,23.6716,0,0
GOP_PE,D,20230502,000000,23.3806,24.1567,23.3806,23.6716,0,0
GOP_PE,D,20230504,000000,23.8657,24.1567,22.9925,23.2836,0,0
GOP_PE,D,20230505,000000,23.2836,23.5746,22.9925,23.3806,0,0
GOP_PE,D,20230508,000000,23.3806,23.7687,22.7985,23.6716,0,0
GOP_PE,D,20230509,000000,23.4776,24.3507,22.8955,23.4776,0,0
GOP_PE,D,20230510,000000,23.6716,23.9627,22.7985,23.9627,0,0
GOP_PE,D,20230511,000000,23.7687,26,23.7687,24.7388,0,0
GOP_PE,D,20230512,000000,25.1269,25.4179,24.9328,25.4179,0,0
GOP_PE,D,20230515,000000,25.4179,25.806,24.9328,25.4179,0,0
GOP_PE,D,20230516,000000,25.4179,27.7463,25.2239,27.7463,0,0
GOP_PE,D,20230517,000000,27.9403,29.7836,27.7463,28.0373,0,0
GOP_PE,D,20230518,000000,28.5224,28.6194,26.6791,26.6791,0,0
GOP_PE,D,20230519,000000,27.1642,28.4254,27.1642,28.2313,0,0
GOP_PE,D,20230522,000000,28.6194,28.7164,27.5522,27.6493,0,0
GOP_PE,D,20230523,000000,28.2313,28.3284,27.5522,28.2313,0,0
GOP_PE,D,20230524,000000,28.2313,28.5224,27.5522,27.9403,0,0
GOP_PE,D,20230525,000000,28.6194,28.7164,28.1343,28.1343,0,0
GOP_PE,D,20230526,000000,28.8134,28.8134,27.9403,27.9403,0,0
GOP_PE,D,20230529,000000,27.5522,28.2313,27.5522,27.9403,0,0
GOP_PE,D,20230530,000000,28.6194,28.6194,27.3582,27.9403,0,0
GOP_PE,D,20230531,000000,27.1642,27.7463,26.7761,26.8731,0,0
GOP_PE,D,20230601,000000,27.3582,38.709,26.194,38.709,0,0
GOP_PE,D,20230602,000000,39.194,39.194,37.1567,37.1567,0,0
GOP_PE,D,20230605,000000,37.8358,39.6791,37.3507,39.6791,0,0
GOP_PE,D,20230606,000000,39.8731,40.5522,39.4851,40.5522,0,0
GOP_PE,D,20230607,000000,40.5522,41.3284,39.8731,41.2313,0,0
GOP_PE,D,20230609,000000,41.4254,41.7164,40.5522,41.7164,0,0
GOP_PE,D,20230612,000000,41.8134,43.9478,41.5224,43.5597,0,0
GOP_PE,D,20230613,000000,43.6567,43.9478,42.3955,42.9776,0,0
GOP_PE,D,20230614,000000,43.6567,43.6567,41.1343,41.5224,0,0
GOP_PE,D,20230615,000000,42.0075,42.0075,40.3582,41.2313,0,0
GOP_PE,D,20230616,000000,42.1045,47.6343,42.1045,46.9552,0,0
GOP_PE,D,20230619,000000,47.1493,48.3134,44.8209,46.0821,0,0
GOP_PE,D,20230620,000000,48.6045,48.6045,46.9552,47.4403,0,0
GOP_PE,D,20230621,000000,47.4403,48.9925,46.7612,47.1493,0,0
GOP_PE,D,20230622,000000,46.6642,50.5448,46.6642,48.7985,0,0
GOP_PE,D,20230623,000000,48.7985,48.7985,46.7612,47.6343,0,0
GOP_PE,D,20230626,000000,48.3134,48.9925,46.0821,47.8284,0,0
GOP_PE,D,20230627,000000,46.9552,46.9552,45.5,46.4701,0,0
GOP_PE,D,20230628,000000,46.4701,46.4701,44.5299,45.1119,0,0
GOP_PE,D,20230629,000000,44.2388,46.2761,44.2388,45.791,0,0
GOP_PE,D,20230630,000000,46.3,47.2,46,47,0,0
GOP_PE,D,20230703,000000,48.4,48.4,45.6,45.6,0,0
GOP_PE,D,20230704,000000,45.8,45.8,44,44,0,0
GOP_PE,D,20230705,000000,43.9,45.4,42.7,45,0,0
GOP_PE,D,20230706,000000,45.7,46.5,45,45.5,0,0
GOP_PE,D,20230707,000000,45,47.7,45,45.9,0,0
GOP_PE,D,20230710,000000,46.7,50.5,46,50.3,0,0
GOP_PE,D,20230711,000000,51.2,51.2,49.3,49.3,0,0
GOP_PE,D,20230712,000000,49.3,53.5,48.4,48.4,0,0
GOP_PE,D,20230713,000000,49.1,51,48.6,50.5,0,0
GOP_PE,D,20230714,000000,54,54,52.1,53.6,0,0
GOP_PE,D,20230717,000000,53.6,53.6,51.5,52.4,0,0
GOP_PE,D,20230718,000000,53.1,53.8,50.8,51.9,0,0
GOP_PE,D,20230719,000000,51.9,52.4,50.7,51.7,0,0
GOP_PE,D,20230720,000000,51.7,52.4,50.8,52.4,0,0
GOP_PE,D,20230721,000000,52.2,52.2,50.5,51.2,0,0
GOP_PE,D,20230724,000000,52.1,55.2,51.9,55,0,0
GOP_PE,D,20230725,000000,55,60.9,54.1,60.8,0,0
GOP_PE,D,20230726,000000,60.6,62.7,57.7,57.8,0,0
GOP_PE,D,20230727,000000,60.9,68.8,60.9,66.5,0,0
GOP_PE,D,20230728,000000,68.4,72.8,67.9,72.8,0,0
GOP_PE,D,20230731,000000,75.2,80.8,74.2,78.9,0,0
GOP_PE,D,20230801,000000,78.9,78.9,73.5,76.1,0,0
GOP_PE,D,20230802,000000,75.2,75.2,70.9,72.6,0,0
GOP_PE,D,20230803,000000,72.8,86.5,72.8,86.4,0,0
GOP_PE,D,20230804,000000,85.9,85.9,77.718,78.2,0,0
GOP_PE,D,20230807,000000,79.38,79.615,74.448,78.7,0,0
GOP_PE,D,20230808,000000,78.694,81.748,76.815,78.7,0,0
GOP_PE,D,20230809,000000,78.694,83.627,78.459,80.6,0,0
GOP_PE,D,20230810,000000,83.647,85.526,77.068,78.9,0,0
GOP_PE,D,20230811,000000,77.953,78.657,75.605,77.5,0,0
GOP_PE,D,20230814,000000,78.91,81.729,78.91,79.4,0,0
GOP_PE,D,20230816,000000,79.868,79.868,74.935,78.5,0,0
GOP_PE,D,20230817,000000,75.676,77.321,73.561,74,0,0
GOP_PE,D,20230818,000000,73.526,75.17,72.821,74,0,0
GOP_PE,D,20230821,000000,73.291,80.338,73.056,79.6,0,0
GOP_PE,D,20230822,000000,78.892,78.892,75.135,76.3,0,0
GOP_PE,D,20230823,000000,76.291,76.291,73.239,74,0,0
GOP_PE,D,20230824,000000,71.647,71.647,65.774,69.8,0,0
GOP_PE,D,20230825,000000,67.45,74.031,67.45,72.6,0,0
GOP_PE,D,20230828,000000,72.603,72.603,68.374,70,0,0
GOP_PE,D,20230829,000000,70.002,71.882,69.063,70.5,0,0
GOP_PE,D,20230830,000000,69.8,69.8,66.98,68.1,0,0
GOP_PE,D,20230831,000000,69.047,72.569,69.047,70.7,0,0
GOP_PE,D,20230901,000000,71.412,71.647,69.533,70.7,0,0
GOP_PE,D,20230904,000000,70.707,70.707,68.828,69.8,0,0
GOP_PE,D,20230905,000000,69.8,69.8,69.095,69.1,0,0
GOP_PE,D,20230906,000000,69.8,70.27,67.45,68.8,0,0
GOP_PE,D,20230907,000000,69.03,70.909,68.795,68.8,0,0
GOP_PE,D,20230908,000000,70.674,71.848,67.856,68.8,0,0
GOP_PE,D,20230911,000000,69.265,69.735,68.561,69.5,0,0
GOP_PE,D,20230912,000000,69.5,70.439,68.326,69.1,0,0
GOP_PE,D,20230913,000000,69.8,69.8,66.745,67.4,0,0
GOP_PE,D,20230914,000000,67.403,70.925,65.759,70.9,0,0
GOP_PE,D,20230915,000000,69.249,73.239,69.014,71.6,0,0
GOP_PE,D,20230918,000000,72.3,73.005,70.657,72.8,0,0
GOP_PE,D,20230919,000000,73.509,74.918,71.63,72.8,0,0
GOP_PE,D,20230920,000000,73.509,80.8,71.865,80.8,0,0
GOP_PE,D,20230921,000000,80.573,80.573,77.519,78.7,0,0
GOP_PE,D,20230922,000000,77.754,78.694,75.17,75.2,0,0
GOP_PE,D,20230925,000000,74.266,75.206,74,74,0,0
GOP_PE,D,20230926,000000,74.466,74.466,69.298,72.6,0,0
GOP_PE,D,20230927,000000,72.603,73.308,69.784,70.5,0,0
GOP_PE,D,20230928,000000,71.68,71.68,68.86,70.2,0,0
GOP_PE,D,20230929,000000,70.204,73.022,68.561,71.9,0,0
GOP_PE,D,20231002,000000,72.368,74.483,70.254,71.4,0,0
GOP_PE,D,20231003,000000,70.221,265.8,69.281,265.8,0,0
GOP_PE,D,20231004,000000,264.987,273.7,258.036,273.7,0,0
