<TICKER>,<PER>,<DATE>,<TIME>,<OPEN>,<HIGH>,<LOW>,<CLOSE>,<VOL>,<OPENINT>
HUG_PB,D,20210219,000000,123.2,123.2,123.2,123.2,0,0
HUG_PB,D,20210222,000000,124.19,124.19,116.53,118.15,0,0
HUG_PB,D,20210223,000000,117.77,117.77,95.21,104.19,0,0
HUG_PB,D,20210224,000000,105.43,109.84,101.02,109.31,0,0
HUG_PB,D,20210225,000000,110.84,111.33,109,110.17,0,0
HUG_PB,D,20210226,000000,104.75,107.33,102.19,104.57,0,0
HUG_PB,D,20210301,000000,101.35,104.5,100.74,101.69,0,0
HUG_PB,D,20210302,000000,102.92,102.92,95.1,95.1,0,0
HUG_PB,D,20210303,000000,96.19,97.33,90.77,92.15,0,0
HUG_PB,D,20210304,000000,91.56,94.88,85.25,91.35,0,0
HUG_PB,D,20210305,000000,91.47,91.47,90.01,90.05,0,0
HUG_PB,D,20210308,000000,92.02,92.02,88.13,90.72,0,0
HUG_PB,D,20210309,000000,90.04,91.68,89.52,90.39,0,0
HUG_PB,D,20210310,000000,90.86,93.02,88.83,89.54,0,0
HUG_PB,D,20210311,000000,89.88,89.88,87.6,88.98,0,0
HUG_PB,D,20210312,000000,91.63,97.88,90.72,95.6,0,0
HUG_PB,D,20210315,000000,97.87,100.16,97.42,100.16,0,0
HUG_PB,D,20210316,000000,100.16,100.16,97.4,97.54,0,0
HUG_PB,D,20210317,000000,94.02,98.98,94.02,97.6,0,0
HUG_PB,D,20210318,000000,99.27,102.12,99.27,99.92,0,0
HUG_PB,D,20210319,000000,98.97,100.61,98.97,99.5,0,0
HUG_PB,D,20210322,000000,99.53,99.98,97.73,98.96,0,0
HUG_PB,D,20210323,000000,99.5,99.5,96.22,98.58,0,0
HUG_PB,D,20210324,000000,97.7,100.53,97.7,97.81,0,0
HUG_PB,D,20210325,000000,97.98,99.91,97.81,98.27,0,0
HUG_PB,D,20210326,000000,98.27,98.93,97.76,98.37,0,0
HUG_PB,D,20210329,000000,100.17,100.17,97.72,97.72,0,0
HUG_PB,D,20210330,000000,99.32,99.32,97.72,98.8,0,0
HUG_PB,D,20210331,000000,98.8,99.15,97.16,98.17,0,0
HUG_PB,D,20210401,000000,98.97,99.94,97.51,99.94,0,0
HUG_PB,D,20210406,000000,99.94,102.74,99.49,102.6,0,0
HUG_PB,D,20210407,000000,103.71,104.92,103.15,104.92,0,0
HUG_PB,D,20210408,000000,104.92,106.38,104.92,106.33,0,0
HUG_PB,D,20210409,000000,106.82,109.67,106.82,109.28,0,0
HUG_PB,D,20210412,000000,109.65,109.77,108.97,109.69,0,0
HUG_PB,D,20210413,000000,109.74,109.81,108.28,109.12,0,0
HUG_PB,D,20210414,000000,108.04,111.24,108.04,111.24,0,0
HUG_PB,D,20210415,000000,111.24,111.37,110.54,111.18,0,0
HUG_PB,D,20210416,000000,111.18,111.49,110.73,111.28,0,0
HUG_PB,D,20210419,000000,111.04,111.86,110.31,110.79,0,0
HUG_PB,D,20210420,000000,104.71,107.13,103.97,105.55,0,0
HUG_PB,D,20210526,000000,4.76,4.76,4.76,4.76,0,0
HUG_PB,D,20210527,000000,4.8,4.8,4.39,4.39,0,0
HUG_PB,D,20210528,000000,4.54,4.66,4.43,4.45,0,0
HUG_PB,D,20210531,000000,4.45,4.58,4.45,4.58,0,0
HUG_PB,D,20210601,000000,4.58,4.58,4.5,4.58,0,0
HUG_PB,D,20210602,000000,4.58,4.79,4.49,4.78,0,0
HUG_PB,D,20210604,000000,4.77,4.77,4.57,4.6,0,0
HUG_PB,D,20210607,000000,4.6,4.69,4.6,4.64,0,0
HUG_PB,D,20210608,000000,4.65,4.74,4.63,4.74,0,0
HUG_PB,D,20210609,000000,4.74,4.74,4.56,4.57,0,0
HUG_PB,D,20210610,000000,4.54,4.65,4.5,4.5,0,0
HUG_PB,D,20210611,000000,4.49,4.53,4.47,4.53,0,0
HUG_PB,D,20210614,000000,4.5,4.51,4.43,4.43,0,0
HUG_PB,D,20210615,000000,4.45,4.45,4.35,4.4,0,0
HUG_PB,D,20210616,000000,4.31,4.37,4.26,4.33,0,0
HUG_PB,D,20210617,000000,4.37,4.37,4.11,4.12,0,0
HUG_PB,D,20210618,000000,4.16,4.58,4.12,4.55,0,0
HUG_PB,D,20210621,000000,4.41,4.42,4.33,4.38,0,0
HUG_PB,D,20210622,000000,4.35,4.53,4.35,4.51,0,0
HUG_PB,D,20210623,000000,4.51,4.51,4.39,4.48,0,0
HUG_PB,D,20210624,000000,4.48,4.53,4.43,4.46,0,0
HUG_PB,D,20210625,000000,4.36,4.5,4.36,4.45,0,0
HUG_PB,D,20210628,000000,4.4,4.44,4.33,4.34,0,0
HUG_PB,D,20210629,000000,4.33,4.37,4.25,4.31,0,0
HUG_PB,D,20210630,000000,4.31,4.39,4.15,4.38,0,0
HUG_PB,D,20210701,000000,4.38,4.38,4.29,4.33,0,0
HUG_PB,D,20210702,000000,4.39,4.48,4.39,4.45,0,0
HUG_PB,D,20210705,000000,4.44,4.44,4.38,4.42,0,0
HUG_PB,D,20210706,000000,4.38,4.46,4.38,4.41,0,0
HUG_PB,D,20210707,000000,4.45,4.45,4.38,4.38,0,0
HUG_PB,D,20210708,000000,4.38,4.38,4.21,4.23,0,0
HUG_PB,D,20210709,000000,4.19,4.3,4.13,4.3,0,0
HUG_PB,D,20210712,000000,4.09,4.2,4.09,4.14,0,0
HUG_PB,D,20210713,000000,4.19,4.3,4.14,4.28,0,0
HUG_PB,D,20210714,000000,4.29,4.29,4.21,4.21,0,0
HUG_PB,D,20210715,000000,4.21,4.23,4.19,4.23,0,0
HUG_PB,D,20210716,000000,4.28,4.31,4.21,4.29,0,0
HUG_PB,D,20210719,000000,4.25,4.25,4.13,4.2,0,0
HUG_PB,D,20210720,000000,4.09,4.24,4.09,4.23,0,0
HUG_PB,D,20210721,000000,4.23,4.28,4.2,4.28,0,0
HUG_PB,D,20210722,000000,4.26,4.29,4.2,4.29,0,0
HUG_PB,D,20210723,000000,4.28,4.29,4.18,4.28,0,0
HUG_PB,D,20210726,000000,4.25,4.25,4.2,4.21,0,0
HUG_PB,D,20210727,000000,4.19,4.27,4.19,4.26,0,0
HUG_PB,D,20210728,000000,4.24,4.25,4.24,4.25,0,0
HUG_PB,D,20210729,000000,4.25,4.29,4.23,4.29,0,0
HUG_PB,D,20210730,000000,4.28,4.33,4.26,4.33,0,0
HUG_PB,D,20210802,000000,4.3,4.33,4.3,4.32,0,0
HUG_PB,D,20210803,000000,4.3,4.31,4.27,4.28,0,0
HUG_PB,D,20210804,000000,4.27,4.31,4.25,4.31,0,0
HUG_PB,D,20210805,000000,4.25,4.33,4.25,4.32,0,0
HUG_PB,D,20210806,000000,4.29,4.29,4.27,4.27,0,0
HUG_PB,D,20210809,000000,4.27,4.31,4.24,4.24,0,0
HUG_PB,D,20210810,000000,4.21,4.24,4.2,4.2,0,0
HUG_PB,D,20210811,000000,4.21,4.24,4.2,4.2,0,0
HUG_PB,D,20210812,000000,4.19,4.22,4.19,4.22,0,0
HUG_PB,D,20210813,000000,4.21,4.25,4.2,4.25,0,0
HUG_PB,D,20210816,000000,4.26,4.27,4.22,4.27,0,0
HUG_PB,D,20210817,000000,4.27,4.27,4.2,4.21,0,0
HUG_PB,D,20210818,000000,4.18,4.2,4.18,4.19,0,0
HUG_PB,D,20210819,000000,4.17,4.18,4.12,4.12,0,0
HUG_PB,D,20210820,000000,4.12,4.12,4.09,4.09,0,0
HUG_PB,D,20210823,000000,4.11,4.15,4.09,4.12,0,0
HUG_PB,D,20210824,000000,4.11,4.14,4.11,4.14,0,0
HUG_PB,D,20210825,000000,4.13,4.15,4.11,4.15,0,0
HUG_PB,D,20210826,000000,4.12,4.23,4.12,4.2,0,0
HUG_PB,D,20210827,000000,4.2,4.26,4.15,4.18,0,0
HUG_PB,D,20210830,000000,4.23,4.23,4.13,4.16,0,0
HUG_PB,D,20210831,000000,4.16,4.31,4.12,4.31,0,0
HUG_PB,D,20210901,000000,4.2,4.3,4.19,4.28,0,0
HUG_PB,D,20210902,000000,4.26,4.31,4.21,4.3,0,0
HUG_PB,D,20210903,000000,4.32,4.52,4.32,4.47,0,0
HUG_PB,D,20210906,000000,4.47,4.49,4.45,4.49,0,0
HUG_PB,D,20210907,000000,4.49,4.49,4.46,4.48,0,0
HUG_PB,D,20210908,000000,4.48,4.49,4.46,4.46,0,0
HUG_PB,D,20210909,000000,4.4,4.45,4.38,4.43,0,0
HUG_PB,D,20210910,000000,4.43,4.43,4.38,4.42,0,0
HUG_PB,D,20210913,000000,4.44,4.45,4.37,4.43,0,0
HUG_PB,D,20210914,000000,4.44,4.47,4.43,4.46,0,0
HUG_PB,D,20210915,000000,4.46,4.63,4.32,4.32,0,0
HUG_PB,D,20210916,000000,4.32,4.44,4.32,4.36,0,0
HUG_PB,D,20210917,000000,4.37,4.51,4.36,4.43,0,0
HUG_PB,D,20210920,000000,4.38,4.38,4.27,4.28,0,0
HUG_PB,D,20210921,000000,4.28,4.28,4.23,4.28,0,0
HUG_PB,D,20210922,000000,4.22,4.27,4.19,4.21,0,0
HUG_PB,D,20210923,000000,4.19,4.26,4.19,4.21,0,0
HUG_PB,D,20210924,000000,4.15,4.28,4.15,4.24,0,0
HUG_PB,D,20210927,000000,4.22,4.24,4.21,4.21,0,0
HUG_PB,D,20210928,000000,4.2,4.2,4.05,4.15,0,0
HUG_PB,D,20210929,000000,4.15,4.15,3.98,4.03,0,0
HUG_PB,D,20210930,000000,4.04,4.32,4.04,4.3,0,0
HUG_PB,D,20211001,000000,4.2,4.2,4.02,4.05,0,0
HUG_PB,D,20211004,000000,4.04,4.08,4.02,4.08,0,0
HUG_PB,D,20211005,000000,4.09,4.09,3.92,3.96,0,0
HUG_PB,D,20211006,000000,3.92,3.96,3.86,3.86,0,0
HUG_PB,D,20211007,000000,3.81,3.98,3.81,3.98,0,0
HUG_PB,D,20211008,000000,3.96,4,3.93,3.93,0,0
HUG_PB,D,20211011,000000,3.9,4.02,3.9,4.01,0,0
HUG_PB,D,20211012,000000,3.99,3.99,3.9,3.92,0,0
HUG_PB,D,20211013,000000,3.89,3.94,3.88,3.9,0,0
HUG_PB,D,20211014,000000,3.88,3.91,3.74,3.77,0,0
HUG_PB,D,20211015,000000,3.79,3.81,3.74,3.74,0,0
HUG_PB,D,20211018,000000,3.74,3.79,3.73,3.77,0,0
HUG_PB,D,20211019,000000,3.81,3.83,3.76,3.8,0,0
HUG_PB,D,20211020,000000,3.75,3.86,3.75,3.83,0,0
HUG_PB,D,20211021,000000,3.84,3.84,3.75,3.82,0,0
HUG_PB,D,20211022,000000,3.82,3.82,3.73,3.73,0,0
HUG_PB,D,20211025,000000,3.73,3.77,3.73,3.74,0,0
HUG_PB,D,20211026,000000,3.75,3.75,3.72,3.73,0,0
HUG_PB,D,20211027,000000,3.7,3.7,3.53,3.69,0,0
HUG_PB,D,20211028,000000,3.69,3.7,3.62,3.62,0,0
HUG_PB,D,20211029,000000,3.62,3.71,3.58,3.71,0,0
HUG_PB,D,20211102,000000,3.71,3.71,3.57,3.65,0,0
HUG_PB,D,20211103,000000,3.63,3.63,3.56,3.59,0,0
HUG_PB,D,20211104,000000,3.6,3.6,3.51,3.53,0,0
HUG_PB,D,20211105,000000,3.51,3.57,3.49,3.52,0,0
HUG_PB,D,20211108,000000,3.48,3.52,3.39,3.49,0,0
HUG_PB,D,20211109,000000,3.43,3.43,3.36,3.43,0,0
HUG_PB,D,20211110,000000,3.42,3.43,3.32,3.35,0,0
HUG_PB,D,20211112,000000,3.31,3.37,3.3,3.3,0,0
HUG_PB,D,20211115,000000,3.3,3.31,3.25,3.3,0,0
HUG_PB,D,20211116,000000,3.25,3.25,3.15,3.15,0,0
HUG_PB,D,20211117,000000,3.17,3.17,3.13,3.15,0,0
HUG_PB,D,20211118,000000,3.1,3.22,2.98,3.22,0,0
HUG_PB,D,20211119,000000,3.22,3.22,3.07,3.08,0,0
HUG_PB,D,20211122,000000,3.08,3.15,3.05,3.05,0,0
HUG_PB,D,20211123,000000,3.08,3.1,2.99,3.08,0,0
HUG_PB,D,20211124,000000,3.08,3.11,3.04,3.11,0,0
HUG_PB,D,20211125,000000,3.11,3.13,2.94,2.94,0,0
HUG_PB,D,20211126,000000,2.92,2.92,2.82,2.86,0,0
HUG_PB,D,20211129,000000,2.85,2.85,2.64,2.77,0,0
HUG_PB,D,20211130,000000,2.73,2.87,2.73,2.87,0,0
HUG_PB,D,20211201,000000,2.87,2.87,2.72,2.81,0,0
HUG_PB,D,20211202,000000,2.81,2.81,2.67,2.74,0,0
HUG_PB,D,20211203,000000,2.74,2.74,2.61,2.64,0,0
HUG_PB,D,20211206,000000,2.63,2.63,2.45,2.48,0,0
HUG_PB,D,20211207,000000,2.45,2.57,2.45,2.55,0,0
HUG_PB,D,20211208,000000,2.55,2.72,2.47,2.72,0,0
HUG_PB,D,20211209,000000,2.72,2.72,2.57,2.64,0,0
HUG_PB,D,20211210,000000,2.66,2.66,2.48,2.53,0,0
HUG_PB,D,20211213,000000,2.43,2.47,2.37,2.39,0,0
HUG_PB,D,20211214,000000,2.33,2.48,2.24,2.48,0,0
HUG_PB,D,20211215,000000,2.48,2.48,2.4,2.42,0,0
HUG_PB,D,20211216,000000,2.43,2.49,2.43,2.46,0,0
HUG_PB,D,20211217,000000,2.43,2.47,2.39,2.46,0,0
HUG_PB,D,20211220,000000,2.43,2.43,2.35,2.38,0,0
HUG_PB,D,20211221,000000,2.35,2.43,2.34,2.36,0,0
HUG_PB,D,20211222,000000,2.36,2.38,2.31,2.31,0,0
HUG_PB,D,20211223,000000,2.3,2.33,2.25,2.28,0,0
HUG_PB,D,20211227,000000,2.29,2.29,2.23,2.24,0,0
HUG_PB,D,20211228,000000,2.24,2.35,2.24,2.34,0,0
HUG_PB,D,20211229,000000,2.34,2.45,2.34,2.43,0,0
HUG_PB,D,20211230,000000,2.4,2.46,2.37,2.46,0,0
HUG_PB,D,20220103,000000,2.46,2.6,2.43,2.6,0,0
HUG_PB,D,20220104,000000,2.61,2.61,2.56,2.56,0,0
HUG_PB,D,20220105,000000,2.59,2.61,2.46,2.46,0,0
HUG_PB,D,20220107,000000,2.5,2.5,2.43,2.5,0,0
HUG_PB,D,20220110,000000,2.55,2.81,2.55,2.76,0,0
HUG_PB,D,20220111,000000,2.76,2.8,2.68,2.7,0,0
HUG_PB,D,20220112,000000,2.73,2.75,2.63,2.71,0,0
HUG_PB,D,20220113,000000,2.74,2.74,2.65,2.68,0,0
HUG_PB,D,20220114,000000,2.72,2.73,2.66,2.71,0,0
HUG_PB,D,20220117,000000,2.75,2.75,2.64,2.69,0,0
HUG_PB,D,20220118,000000,2.63,2.68,2.6,2.65,0,0
HUG_PB,D,20220119,000000,2.6,2.68,2.58,2.65,0,0
HUG_PB,D,20220120,000000,2.65,2.65,2.59,2.61,0,0
HUG_PB,D,20220121,000000,2.6,2.6,2.45,2.48,0,0
HUG_PB,D,20220124,000000,2.4,2.48,2.29,2.29,0,0
HUG_PB,D,20220125,000000,2.29,2.45,2.28,2.28,0,0
HUG_PB,D,20220126,000000,2.38,2.38,2.26,2.26,0,0
HUG_PB,D,20220127,000000,2.26,2.3,2.23,2.23,0,0
HUG_PB,D,20220128,000000,2.25,2.25,2.13,2.13,0,0
HUG_PB,D,20220131,000000,2.13,2.2,2.13,2.13,0,0
HUG_PB,D,20220201,000000,2.13,2.27,2.11,2.16,0,0
HUG_PB,D,20220202,000000,2.16,2.2,2.14,2.16,0,0
HUG_PB,D,20220203,000000,2.16,2.17,2.08,2.08,0,0
HUG_PB,D,20220204,000000,2.09,2.14,1.99,2.14,0,0
HUG_PB,D,20220207,000000,2.18,2.19,2.04,2.05,0,0
HUG_PB,D,20220208,000000,2.05,2.08,1.93,1.98,0,0
HUG_PB,D,20220209,000000,1.99,2,1.98,2,0,0
HUG_PB,D,20220210,000000,2.01,2.04,1.94,2.01,0,0
HUG_PB,D,20220211,000000,2.01,2.01,1.89,1.96,0,0
HUG_PB,D,20220214,000000,1.9,1.9,1.83,1.83,0,0
HUG_PB,D,20220215,000000,1.84,1.87,1.82,1.87,0,0
HUG_PB,D,20220216,000000,2,2.2,2,2.17,0,0
HUG_PB,D,20220217,000000,2.21,2.21,2.1,2.1,0,0
HUG_PB,D,20220218,000000,2.18,2.18,2.06,2.08,0,0
HUG_PB,D,20220221,000000,2.06,2.07,1.96,2,0,0
HUG_PB,D,20220222,000000,1.93,1.99,1.91,1.92,0,0
HUG_PB,D,20220223,000000,1.91,2,1.91,1.95,0,0
HUG_PB,D,20220224,000000,1.81,1.85,1.49,1.76,0,0
HUG_PB,D,20220225,000000,1.83,1.86,1.7,1.84,0,0
HUG_PB,D,20220228,000000,1.84,1.93,1.83,1.9,0,0
HUG_PB,D,20220301,000000,1.88,1.9,1.8,1.81,0,0
HUG_PB,D,20220302,000000,1.75,1.82,1.74,1.77,0,0
HUG_PB,D,20220303,000000,1.75,1.75,1.67,1.71,0,0
HUG_PB,D,20220304,000000,1.68,1.68,1.68,1.68,0,0
HUG_PB,D,20220307,000000,1.63,1.67,1.54,1.57,0,0
HUG_PB,D,20220308,000000,1.55,1.55,1.51,1.55,0,0
HUG_PB,D,20220309,000000,1.56,1.62,1.56,1.62,0,0
HUG_PB,D,20220310,000000,1.65,1.7,1.59,1.7,0,0
HUG_PB,D,20220311,000000,1.73,1.73,1.64,1.7,0,0
HUG_PB,D,20220314,000000,1.69,1.72,1.65,1.72,0,0
HUG_PB,D,20220315,000000,1.69,1.72,1.69,1.71,0,0
HUG_PB,D,20220316,000000,1.7,1.84,1.7,1.81,0,0
HUG_PB,D,20220317,000000,1.86,1.89,1.78,1.83,0,0
HUG_PB,D,20220318,000000,1.84,1.85,1.8,1.83,0,0
HUG_PB,D,20220321,000000,1.84,1.84,1.8,1.84,0,0
HUG_PB,D,20220322,000000,1.81,1.82,1.77,1.77,0,0
HUG_PB,D,20220323,000000,1.77,1.77,1.7,1.7,0,0
HUG_PB,D,20220324,000000,1.73,1.77,1.68,1.71,0,0
HUG_PB,D,20220325,000000,1.76,1.76,1.71,1.74,0,0
HUG_PB,D,20220328,000000,1.74,1.77,1.74,1.77,0,0
HUG_PB,D,20220329,000000,1.86,1.92,1.74,1.75,0,0
HUG_PB,D,20220330,000000,1.79,1.81,1.75,1.8,0,0
HUG_PB,D,20220331,000000,1.8,1.8,1.7,1.7,0,0
HUG_PB,D,20220401,000000,1.72,1.72,1.67,1.68,0,0
HUG_PB,D,20220404,000000,1.68,1.69,1.65,1.65,0,0
HUG_PB,D,20220405,000000,1.65,1.65,1.59,1.59,0,0
HUG_PB,D,20220406,000000,1.58,1.73,1.51,1.68,0,0
HUG_PB,D,20220407,000000,1.7,1.7,1.63,1.64,0,0
HUG_PB,D,20220408,000000,1.64,1.64,1.53,1.53,0,0
HUG_PB,D,20220411,000000,1.53,1.53,1.48,1.51,0,0
HUG_PB,D,20220412,000000,1.52,1.52,1.49,1.49,0,0
HUG_PB,D,20220413,000000,1.49,1.49,1.47,1.48,0,0
HUG_PB,D,20220414,000000,1.48,1.56,1.47,1.53,0,0
HUG_PB,D,20220419,000000,1.55,1.55,1.47,1.5,0,0
HUG_PB,D,20220420,000000,1.5,1.6,1.5,1.56,0,0
HUG_PB,D,20220421,000000,1.61,1.61,1.54,1.56,0,0
HUG_PB,D,20220422,000000,1.55,1.55,1.49,1.5,0,0
HUG_PB,D,20220425,000000,1.5,1.5,1.42,1.43,0,0
HUG_PB,D,20220426,000000,1.45,1.46,1.41,1.42,0,0
HUG_PB,D,20220427,000000,1.42,1.45,1.41,1.41,0,0
HUG_PB,D,20220428,000000,1.42,1.45,1.4,1.43,0,0
HUG_PB,D,20220429,000000,1.44,1.45,1.4,1.42,0,0
HUG_PB,D,20220502,000000,1.43,1.52,1.42,1.43,0,0
HUG_PB,D,20220504,000000,1.46,1.52,1.46,1.51,0,0
HUG_PB,D,20220505,000000,1.54,1.56,1.52,1.56,0,0
HUG_PB,D,20220506,000000,1.53,1.58,1.53,1.54,0,0
HUG_PB,D,20220509,000000,1.55,1.62,1.54,1.54,0,0
HUG_PB,D,20220510,000000,1.57,1.59,1.56,1.59,0,0
HUG_PB,D,20220511,000000,1.58,1.59,1.53,1.54,0,0
HUG_PB,D,20220512,000000,1.53,1.53,1.42,1.42,0,0
HUG_PB,D,20220513,000000,1.48,1.5,1.44,1.48,0,0
HUG_PB,D,20220516,000000,1.48,1.5,1.45,1.48,0,0
HUG_PB,D,20220517,000000,1.46,1.55,1.46,1.55,0,0
HUG_PB,D,20220518,000000,1.56,1.56,1.5,1.5,0,0
HUG_PB,D,20220519,000000,1.49,1.51,1.45,1.45,0,0
HUG_PB,D,20220520,000000,1.49,1.53,1.47,1.53,0,0
HUG_PB,D,20220523,000000,1.57,1.6,1.56,1.59,0,0
HUG_PB,D,20220524,000000,1.6,1.64,1.57,1.58,0,0
HUG_PB,D,20220525,000000,1.64,1.66,1.61,1.64,0,0
HUG_PB,D,20220526,000000,1.64,1.66,1.61,1.64,0,0
HUG_PB,D,20220527,000000,1.66,1.66,1.62,1.64,0,0
HUG_PB,D,20220530,000000,1.66,1.66,1.58,1.58,0,0
HUG_PB,D,20220531,000000,1.57,1.6,1.53,1.6,0,0
HUG_PB,D,20220601,000000,1.6,1.6,1.53,1.54,0,0
HUG_PB,D,20220602,000000,1.54,1.54,1.45,1.53,0,0
HUG_PB,D,20220603,000000,1.51,1.51,1.44,1.45,0,0
HUG_PB,D,20220606,000000,1.45,1.51,1.45,1.5,0,0
HUG_PB,D,20220607,000000,1.48,1.52,1.48,1.51,0,0
HUG_PB,D,20220608,000000,1.51,1.51,1.45,1.45,0,0
HUG_PB,D,20220609,000000,1.44,1.45,1.38,1.38,0,0
HUG_PB,D,20220610,000000,1.38,1.38,1.31,1.32,0,0
HUG_PB,D,20220613,000000,1.32,1.32,1.26,1.26,0,0
HUG_PB,D,20220614,000000,1.26,1.27,1.22,1.26,0,0
HUG_PB,D,20220615,000000,1.26,1.33,1.25,1.31,0,0
HUG_PB,D,20220617,000000,1.27,1.36,1.27,1.34,0,0
HUG_PB,D,20220620,000000,1.3,1.35,1.3,1.35,0,0
HUG_PB,D,20220621,000000,1.34,1.37,1.33,1.35,0,0
HUG_PB,D,20220622,000000,1.36,1.36,1.34,1.34,0,0
HUG_PB,D,20220623,000000,1.33,1.43,1.33,1.39,0,0
HUG_PB,D,20220624,000000,1.41,1.44,1.39,1.44,0,0
HUG_PB,D,20220627,000000,1.44,1.45,1.41,1.42,0,0
HUG_PB,D,20220628,000000,1.46,1.5,1.42,1.45,0,0
HUG_PB,D,20220629,000000,1.42,1.5,1.42,1.49,0,0
HUG_PB,D,20220630,000000,1.48,1.48,1.43,1.43,0,0
HUG_PB,D,20220701,000000,1.43,1.47,1.42,1.43,0,0
HUG_PB,D,20220704,000000,1.42,1.46,1.41,1.42,0,0
HUG_PB,D,20220705,000000,1.39,1.42,1.33,1.35,0,0
HUG_PB,D,20220706,000000,1.32,1.43,1.32,1.37,0,0
HUG_PB,D,20220707,000000,1.37,1.39,1.36,1.36,0,0
HUG_PB,D,20220708,000000,1.37,1.4,1.35,1.35,0,0
HUG_PB,D,20220711,000000,1.35,1.36,1.31,1.36,0,0
HUG_PB,D,20220712,000000,1.32,1.35,1.31,1.31,0,0
HUG_PB,D,20220713,000000,1.29,1.32,1.27,1.28,0,0
HUG_PB,D,20220714,000000,1.26,1.27,1.26,1.26,0,0
HUG_PB,D,20220715,000000,1.26,1.33,1.25,1.29,0,0
HUG_PB,D,20220718,000000,1.33,1.34,1.31,1.34,0,0
HUG_PB,D,20220719,000000,1.32,1.36,1.32,1.36,0,0
HUG_PB,D,20220720,000000,1.36,1.39,1.36,1.38,0,0
HUG_PB,D,20220721,000000,1.36,1.39,1.36,1.37,0,0
HUG_PB,D,20220722,000000,1.37,1.41,1.37,1.39,0,0
HUG_PB,D,20220725,000000,1.38,1.4,1.37,1.4,0,0
HUG_PB,D,20220726,000000,1.39,1.4,1.37,1.38,0,0
HUG_PB,D,20220727,000000,1.37,1.39,1.34,1.34,0,0
HUG_PB,D,20220728,000000,1.35,1.37,1.34,1.37,0,0
HUG_PB,D,20220729,000000,1.36,1.39,1.36,1.39,0,0
HUG_PB,D,20220801,000000,1.4,1.45,1.37,1.44,0,0
HUG_PB,D,20220802,000000,1.44,1.67,1.41,1.67,0,0
HUG_PB,D,20220803,000000,1.71,1.74,1.62,1.74,0,0
HUG_PB,D,20220804,000000,1.74,1.74,1.64,1.69,0,0
HUG_PB,D,20220805,000000,1.68,1.72,1.67,1.71,0,0
HUG_PB,D,20220808,000000,1.74,1.74,1.69,1.72,0,0
HUG_PB,D,20220809,000000,1.71,1.75,1.69,1.71,0,0
HUG_PB,D,20220810,000000,1.71,1.75,1.7,1.73,0,0
HUG_PB,D,20220811,000000,1.71,1.88,1.71,1.78,0,0
HUG_PB,D,20220812,000000,1.81,1.83,1.78,1.8,0,0
HUG_PB,D,20220816,000000,1.8,1.83,1.78,1.79,0,0
HUG_PB,D,20220817,000000,1.82,1.82,1.74,1.76,0,0
HUG_PB,D,20220818,000000,1.78,1.78,1.75,1.76,0,0
HUG_PB,D,20220819,000000,1.77,1.77,1.73,1.73,0,0
HUG_PB,D,20220822,000000,1.7,1.7,1.62,1.62,0,0
HUG_PB,D,20220823,000000,1.64,1.65,1.59,1.6,0,0
HUG_PB,D,20220824,000000,1.58,1.62,1.56,1.62,0,0
HUG_PB,D,20220825,000000,1.6,1.68,1.6,1.68,0,0
HUG_PB,D,20220826,000000,1.65,1.73,1.65,1.69,0,0
HUG_PB,D,20220829,000000,1.68,1.68,1.64,1.64,0,0
HUG_PB,D,20220830,000000,1.64,1.74,1.64,1.69,0,0
HUG_PB,D,20220831,000000,1.74,1.74,1.71,1.71,0,0
HUG_PB,D,20220901,000000,1.69,1.7,1.65,1.67,0,0
HUG_PB,D,20220902,000000,1.67,1.73,1.66,1.72,0,0
HUG_PB,D,20220905,000000,1.73,1.76,1.7,1.72,0,0
HUG_PB,D,20220906,000000,1.68,1.72,1.68,1.72,0,0
HUG_PB,D,20220907,000000,1.73,1.73,1.67,1.69,0,0
HUG_PB,D,20220908,000000,1.72,1850.28,1.71,1850.28,0,0
HUG_PB,D,20220909,000000,1888.07,1888.07,1.86,1.86,0,0
HUG_PB,D,20220912,000000,1.87,1.88,1.83,1.88,0,0
HUG_PB,D,20220913,000000,1.88,1.96,1.87,1.88,0,0
HUG_PB,D,20220914,000000,1.85,1.9,1.84,1.84,0,0
HUG_PB,D,20220915,000000,1.81,1.84,1.8,1.83,0,0
HUG_PB,D,20220916,000000,1.84,1.84,1.78,1.8,0,0
HUG_PB,D,20220919,000000,1.8,1.8,1.73,1.76,0,0
HUG_PB,D,20220920,000000,1.73,1.74,1.7,1.74,0,0
HUG_PB,D,20220921,000000,1.73,1.75,1.7,1.72,0,0
HUG_PB,D,20220922,000000,1.69,1.71,1.68,1.7,0,0
HUG_PB,D,20220923,000000,1.7,1.72,1.64,1.7,0,0
HUG_PB,D,20220926,000000,1.67,1.7,1.67,1.7,0,0
HUG_PB,D,20220927,000000,1.72,1.73,1.7,1.73,0,0
HUG_PB,D,20220928,000000,1.69,1.7,1.67,1.7,0,0
HUG_PB,D,20220929,000000,1.68,1.69,1.65,1.68,0,0
HUG_PB,D,20220930,000000,1.67,1.78,1.66,1.77,0,0
HUG_PB,D,20221003,000000,1.77,1.77,1.69,1.73,0,0
HUG_PB,D,20221004,000000,1.74,1.76,1.7,1.74,0,0
HUG_PB,D,20221005,000000,1.71,1.75,1.7,1.7,0,0
HUG_PB,D,20221006,000000,1.7,1.72,1.67,1.67,0,0
HUG_PB,D,20221007,000000,1.68,1.68,1.64,1.64,0,0
HUG_PB,D,20221010,000000,1.65,1.65,1.58,1.59,0,0
HUG_PB,D,20221011,000000,1.55,1.62,1.53,1.62,0,0
HUG_PB,D,20221012,000000,1.67,1.71,1.66,1.67,0,0
HUG_PB,D,20221013,000000,1.67,1.73,1.62,1.72,0,0
HUG_PB,D,20221014,000000,1.74,1.78,1.69,1.77,0,0
HUG_PB,D,20221017,000000,1.79,1.82,1.76,1.82,0,0
HUG_PB,D,20221018,000000,1.83,1.83,1.77,1.79,0,0
HUG_PB,D,20221019,000000,1.81,1.87,1.79,1.87,0,0
HUG_PB,D,20221020,000000,1.85,1.85,1.82,1.83,0,0
HUG_PB,D,20221021,000000,1.82,1.84,1.8,1.83,0,0
HUG_PB,D,20221024,000000,1.85,1.85,1.79,1.82,0,0
HUG_PB,D,20221025,000000,1.85,1.85,1.8,1.83,0,0
HUG_PB,D,20221026,000000,1.85,1.93,1.84,1.91,0,0
HUG_PB,D,20221027,000000,1.91,1.95,1.88,1.93,0,0
HUG_PB,D,20221028,000000,1.93,1.96,1.91,1.95,0,0
HUG_PB,D,20221031,000000,1.95,1.95,1.91,1.95,0,0
HUG_PB,D,20221102,000000,1.96,1.96,1.88,1.92,0,0
HUG_PB,D,20221103,000000,1.91,1.91,1.88,1.88,0,0
HUG_PB,D,20221104,000000,1.9,1.9,1.85,1.89,0,0
HUG_PB,D,20221107,000000,1.92,1.93,1.88,1.92,0,0
HUG_PB,D,20221108,000000,1.92,1.93,1.89,1.89,0,0
HUG_PB,D,20221109,000000,1.9,1.9,1.85,1.88,0,0
HUG_PB,D,20221110,000000,1.87,1.9,1.83,1.88,0,0
HUG_PB,D,20221114,000000,1.86,1.96,1.85,1.96,0,0
HUG_PB,D,20221115,000000,1.96,1.96,1.9,1.94,0,0
HUG_PB,D,20221116,000000,1.93,1.93,1.89,1.9,0,0
HUG_PB,D,20221117,000000,1.9,1.91,1.84,1.85,0,0
HUG_PB,D,20221118,000000,1.85,1.86,1.81,1.82,0,0
HUG_PB,D,20221121,000000,1.8,1.86,1.8,1.83,0,0
HUG_PB,D,20221122,000000,1.79,1.89,1.79,1.88,0,0
HUG_PB,D,20221123,000000,1.89,1.94,1.85,1.91,0,0
HUG_PB,D,20221124,000000,1.91,1.92,1.88,1.91,0,0
HUG_PB,D,20221125,000000,1.91,1.95,1.87,1.87,0,0
HUG_PB,D,20221128,000000,1.88,1.88,1.8,1.87,0,0
HUG_PB,D,20221129,000000,1.89,1.89,1.79,1.79,0,0
HUG_PB,D,20221130,000000,1.8,1.85,1.8,1.85,0,0
HUG_PB,D,20221201,000000,1.85,1.86,1.82,1.85,0,0
HUG_PB,D,20221202,000000,1.87,1.89,1.86,1.89,0,0
HUG_PB,D,20221205,000000,1.88,1.88,1.82,1.82,0,0
HUG_PB,D,20221206,000000,1.82,1.82,1.75,1.75,0,0
HUG_PB,D,20221207,000000,1.75,1.81,1.74,1.81,0,0
HUG_PB,D,20221208,000000,1.8,1.81,1.76,1.76,0,0
HUG_PB,D,20221209,000000,1.77,1.77,1.73,1.77,0,0
HUG_PB,D,20221212,000000,1.77,1.8,1.76,1.79,0,0
HUG_PB,D,20221213,000000,1.78,1.82,1.77,1.8,0,0
HUG_PB,D,20221214,000000,1.81,1.82,1.77,1.82,0,0
HUG_PB,D,20221215,000000,1.78,1.79,1.77,1.78,0,0
HUG_PB,D,20221216,000000,1.77,1.78,1.76,1.77,0,0
HUG_PB,D,20221219,000000,1.77,1.79,1.77,1.78,0,0
HUG_PB,D,20221220,000000,1.78,1.86,1.76,1.86,0,0
HUG_PB,D,20221221,000000,1.86,1.86,1.8,1.83,0,0
HUG_PB,D,20221222,000000,1.84,1.84,1.78,1.81,0,0
HUG_PB,D,20221223,000000,1.8,1.81,1.78,1.81,0,0
HUG_PB,D,20221227,000000,1.78,1.78,1.76,1.78,0,0
HUG_PB,D,20221228,000000,1.76,1.78,1.75,1.76,0,0
HUG_PB,D,20221229,000000,1.76,1.78,1.75,1.78,0,0
HUG_PB,D,20221230,000000,1.77,1.77,1.73,1.75,0,0
HUG_PB,D,20230102,000000,1.75,1.79,1.74,1.78,0,0
HUG_PB,D,20230103,000000,1.77,1.8,1.75,1.77,0,0
HUG_PB,D,20230104,000000,1.76,1.77,1.74,1.77,0,0
HUG_PB,D,20230105,000000,1.75,1.79,1.75,1.77,0,0
HUG_PB,D,20230109,000000,1.79,1.8,1.75,1.77,0,0
HUG_PB,D,20230110,000000,1.77,1.82,1.75,1.82,0,0
HUG_PB,D,20230111,000000,1.83,1.95,1.83,1.92,0,0
HUG_PB,D,20230112,000000,1.9,1.96,1.9,1.94,0,0
HUG_PB,D,20230113,000000,1.92,1.93,1.9,1.91,0,0
HUG_PB,D,20230116,000000,1.91,2.02,1.89,2.01,0,0
HUG_PB,D,20230117,000000,2.02,2.03,1.97,1.99,0,0
HUG_PB,D,20230118,000000,1.98,2.02,1.98,2.02,0,0
HUG_PB,D,20230119,000000,2.03,2.03,1.98,2,0,0
HUG_PB,D,20230120,000000,2.02,2.02,1.98,2.01,0,0
HUG_PB,D,20230123,000000,2.03,2.07,2.03,2.07,0,0
HUG_PB,D,20230124,000000,2.08,2.1,2.04,2.07,0,0
HUG_PB,D,20230125,000000,2.08,2.08,2.02,2.03,0,0
HUG_PB,D,20230126,000000,2.03,2.07,2.03,2.05,0,0
HUG_PB,D,20230127,000000,2.05,2.06,2.04,2.06,0,0
HUG_PB,D,20230130,000000,2.05,2.05,2.02,2.04,0,0
HUG_PB,D,20230131,000000,2.04,2.05,2.02,2.03,0,0
HUG_PB,D,20230201,000000,2.03,2.04,2.02,2.04,0,0
HUG_PB,D,20230202,000000,2.04,2.06,2.02,2.05,0,0
HUG_PB,D,20230203,000000,2.06,2.06,2.02,2.04,0,0
HUG_PB,D,20230206,000000,2.02,2.04,1.97,1.97,0,0
HUG_PB,D,20230207,000000,1.97,1.98,1.92,1.95,0,0
HUG_PB,D,20230208,000000,1.96,1.96,1.93,1.95,0,0
HUG_PB,D,20230209,000000,1.96,2.01,1.96,2.01,0,0
HUG_PB,D,20230210,000000,2.01,2.01,1.93,1.93,0,0
HUG_PB,D,20230213,000000,1.91,1.91,1.86,1.87,0,0
HUG_PB,D,20230214,000000,1.88,1.93,1.88,1.93,0,0
HUG_PB,D,20230215,000000,1.9,1.9,1.87,1.9,0,0
HUG_PB,D,20230216,000000,2.01,2.12,2.01,2.08,0,0
HUG_PB,D,20230217,000000,2.07,2.13,2.06,2.1,0,0
HUG_PB,D,20230220,000000,2.1,2.13,2.06,2.09,0,0
HUG_PB,D,20230221,000000,2.12,2.12,2.04,2.08,0,0
HUG_PB,D,20230222,000000,2.07,2.07,1.99,2.04,0,0
HUG_PB,D,20230223,000000,2.04,2.08,2.01,2.05,0,0
HUG_PB,D,20230224,000000,2.02,2.06,2.02,2.06,0,0
HUG_PB,D,20230227,000000,2.06,2.13,2.03,2.11,0,0
HUG_PB,D,20230228,000000,2.11,2.16,2.09,2.1,0,0
HUG_PB,D,20230301,000000,2.1,2.18,2.09,2.18,0,0
HUG_PB,D,20230302,000000,2.17,2.17,2.12,2.13,0,0
HUG_PB,D,20230303,000000,2.12,2.26,2.12,2.24,0,0
HUG_PB,D,20230306,000000,2.24,2.35,2.24,2.35,0,0
HUG_PB,D,20230307,000000,2.33,2.35,2.32,2.34,0,0
HUG_PB,D,20230308,000000,2.34,2.4,2.31,2.35,0,0
HUG_PB,D,20230309,000000,2.36,2.37,2.33,2.37,0,0
HUG_PB,D,20230310,000000,2.34,2.35,2.3,2.32,0,0
HUG_PB,D,20230313,000000,2.26,2.33,2.26,2.32,0,0
HUG_PB,D,20230314,000000,2.27,2.41,2.27,2.41,0,0
HUG_PB,D,20230315,000000,2.39,2.39,2.31,2.31,0,0
HUG_PB,D,20230316,000000,2.28,2.34,2.27,2.33,0,0
HUG_PB,D,20230317,000000,2.25,2.29,2.17,2.26,0,0
HUG_PB,D,20230320,000000,2.22,2.26,2.2,2.25,0,0
HUG_PB,D,20230321,000000,2.21,2.32,2.21,2.31,0,0
HUG_PB,D,20230322,000000,2.3,2.3,2.25,2.27,0,0
HUG_PB,D,20230323,000000,2.27,2.34,2.23,2.34,0,0
HUG_PB,D,20230324,000000,2.34,2.34,2.25,2.27,0,0
HUG_PB,D,20230327,000000,2.24,2.26,2.21,2.26,0,0
HUG_PB,D,20230328,000000,2.26,2.27,2.21,2.24,0,0
HUG_PB,D,20230329,000000,2.25,2.25,2.22,2.25,0,0
HUG_PB,D,20230330,000000,2.25,2.25,2.21,2.24,0,0
HUG_PB,D,20230331,000000,2.22,2.26,2.22,2.26,0,0
HUG_PB,D,20230403,000000,2.27,2.31,2.24,2.27,0,0
HUG_PB,D,20230404,000000,2.24,2.27,2.22,2.26,0,0
HUG_PB,D,20230405,000000,2.26,2.29,2.21,2.22,0,0
HUG_PB,D,20230406,000000,2.21,2.22,2.17,2.21,0,0
HUG_PB,D,20230411,000000,2.2,2.21,2.16,2.18,0,0
HUG_PB,D,20230412,000000,2.15,2.23,2.15,2.23,0,0
HUG_PB,D,20230413,000000,2.21,2.26,2.19,2.26,0,0
HUG_PB,D,20230414,000000,2.27,2.27,2.22,2.26,0,0
HUG_PB,D,20230417,000000,2.28,2.29,2.24,2.28,0,0
HUG_PB,D,20230418,000000,2.27,2.33,2.25,2.33,0,0
HUG_PB,D,20230419,000000,2.31,2.34,2.3,2.3,0,0
HUG_PB,D,20230420,000000,2.28,2.32,2.27,2.3,0,0
HUG_PB,D,20230421,000000,2.27,2.29,2.24,2.26,0,0
HUG_PB,D,20230424,000000,2.26,2.29,2.22,2.29,0,0
HUG_PB,D,20230425,000000,2.26,2.3,2.24,2.3,0,0
HUG_PB,D,20230426,000000,2.27,2.27,2.23,2.23,0,0
HUG_PB,D,20230427,000000,2.23,2.27,2.23,2.25,0,0
HUG_PB,D,20230428,000000,2.25,2.27,2.21,2.21,0,0
HUG_PB,D,20230502,000000,2.22,2.25,2.2,2.2,0,0
HUG_PB,D,20230504,000000,2.22,2.22,2.13,2.15,0,0
HUG_PB,D,20230505,000000,2.14,2.15,2.11,2.14,0,0
HUG_PB,D,20230508,000000,2.14,2.22,2.13,2.2,0,0
HUG_PB,D,20230509,000000,2.2,2.2,2.15,2.15,0,0
HUG_PB,D,20230510,000000,2.15,2.15,2.12,2.14,0,0
HUG_PB,D,20230511,000000,2.12,2.19,2.12,2.14,0,0
HUG_PB,D,20230512,000000,2.15,2.18,2.12,2.12,0,0
HUG_PB,D,20230515,000000,2.11,2.15,2.1,2.15,0,0
HUG_PB,D,20230516,000000,2.15,2.18,2.13,2.18,0,0
HUG_PB,D,20230517,000000,2.16,2.22,2.16,2.18,0,0
HUG_PB,D,20230518,000000,2.19,2.23,2.17,2.17,0,0
HUG_PB,D,20230519,000000,2.17,2.23,2.17,2.23,0,0
HUG_PB,D,20230522,000000,2.21,2.24,2.2,2.21,0,0
HUG_PB,D,20230523,000000,2.21,2.23,2.18,2.19,0,0
HUG_PB,D,20230524,000000,2.19,2.21,2.17,2.19,0,0
HUG_PB,D,20230525,000000,2.23,2.24,2.17,2.2,0,0
HUG_PB,D,20230526,000000,2.18,2.28,2.18,2.24,0,0
HUG_PB,D,20230529,000000,2.25,2.27,2.23,2.26,0,0
HUG_PB,D,20230530,000000,2.25,2.35,2.25,2.31,0,0
HUG_PB,D,20230531,000000,2.41,2.42,2.1,2.1,0,0
HUG_PB,D,20230601,000000,2.1,2.14,2.08,2.1,0,0
HUG_PB,D,20230602,000000,2.12,2.18,2.1,2.18,0,0
HUG_PB,D,20230605,000000,2.18,2.19,2.16,2.18,0,0
HUG_PB,D,20230606,000000,2.17,2.18,2.15,2.18,0,0
HUG_PB,D,20230607,000000,2.18,2.18,2.14,2.14,0,0
HUG_PB,D,20230609,000000,2.15,2.15,2.12,2.15,0,0
HUG_PB,D,20230612,000000,2.16,2.16,2.13,2.16,0,0
HUG_PB,D,20230613,000000,2.16,2.16,2.06,2.06,0,0
HUG_PB,D,20230614,000000,2.07,2.12,2.06,2.1,0,0
HUG_PB,D,20230615,000000,2.08,2.1,2.06,2.09,0,0
HUG_PB,D,20230616,000000,2.1,2.12,2.08,2.12,0,0
HUG_PB,D,20230619,000000,2.12,2.12,2.1,2.12,0,0
HUG_PB,D,20230620,000000,2.13,2.15,2.13,2.14,0,0
HUG_PB,D,20230621,000000,2.14,2.16,2.14,2.16,0,0
HUG_PB,D,20230622,000000,2.15,2.15,2.1,2.14,0,0
HUG_PB,D,20230623,000000,2.14,2.14,2.1,2.1,0,0
HUG_PB,D,20230626,000000,2.11,2.12,2.09,2.12,0,0
HUG_PB,D,20230627,000000,2.1,2.11,2.07,2.08,0,0
HUG_PB,D,20230628,000000,2.08,2.1,2.04,2.09,0,0
HUG_PB,D,20230629,000000,2.09,2.09,2.06,2.07,0,0
HUG_PB,D,20230630,000000,2.08,2.08,2.03,2.07,0,0
HUG_PB,D,20230703,000000,2.02,2.05,1.99,2.03,0,0
HUG_PB,D,20230704,000000,2.03,2.09,2.02,2.08,0,0
HUG_PB,D,20230705,000000,2.08,2.08,2,2,0,0
HUG_PB,D,20230706,000000,2.01,2.01,1.89,1.94,0,0
HUG_PB,D,20230707,000000,1.92,2.02,1.92,2.02,0,0
HUG_PB,D,20230710,000000,2.04,2.06,2,2.06,0,0
HUG_PB,D,20230711,000000,2.06,2.08,2,2.04,0,0
HUG_PB,D,20230712,000000,2.03,2.03,1.98,2.02,0,0
HUG_PB,D,20230713,000000,2.02,2.03,1.97,2.01,0,0
HUG_PB,D,20230714,000000,2.01,2.04,2,2.02,0,0
HUG_PB,D,20230717,000000,2.02,2.02,1.95,1.95,0,0
HUG_PB,D,20230718,000000,1.94,1.97,1.94,1.97,0,0
HUG_PB,D,20230719,000000,1.98,2.04,1.97,2.03,0,0
HUG_PB,D,20230720,000000,2.03,2.03,1.97,1.97,0,0
HUG_PB,D,20230721,000000,2,2,1.95,1.95,0,0
HUG_PB,D,20230724,000000,1.94,1.94,1.9,1.93,0,0
HUG_PB,D,20230725,000000,1.91,1.94,1.9,1.94,0,0
HUG_PB,D,20230726,000000,1.94,1.94,1.9,1.91,0,0
HUG_PB,D,20230727,000000,1.91,1.93,1.91,1.93,0,0
HUG_PB,D,20230728,000000,1.94,1.94,1.91,1.91,0,0
HUG_PB,D,20230731,000000,1.9,1.96,1.89,1.96,0,0
HUG_PB,D,20230801,000000,1.97,2,1.96,1.98,0,0
HUG_PB,D,20230802,000000,1.96,1.97,1.93,1.93,0,0
HUG_PB,D,20230803,000000,1.93,1.94,1.91,1.91,0,0
HUG_PB,D,20230804,000000,1.91,1.946,1.91,1.946,0,0
HUG_PB,D,20230807,000000,1.95,1.974,1.887,1.912,0,0
HUG_PB,D,20230808,000000,1.904,1.908,1.87,1.87,0,0
HUG_PB,D,20230809,000000,1.866,1.898,1.849,1.849,0,0
HUG_PB,D,20230810,000000,1.849,1.865,1.814,1.833,0,0
HUG_PB,D,20230811,000000,1.821,1.821,1.801,1.802,0,0
HUG_PB,D,20230814,000000,1.802,1.853,1.755,1.821,0,0
HUG_PB,D,20230816,000000,1.848,1.907,1.809,1.881,0,0
HUG_PB,D,20230817,000000,1.881,1.893,1.838,1.873,0,0
HUG_PB,D,20230818,000000,1.827,1.865,1.823,1.857,0,0
HUG_PB,D,20230821,000000,1.83,1.857,1.81,1.821,0,0
HUG_PB,D,20230822,000000,1.829,1.829,1.748,1.795,0,0
HUG_PB,D,20230823,000000,1.795,1.865,1.795,1.842,0,0
HUG_PB,D,20230824,000000,1.831,1.862,1.808,1.862,0,0
HUG_PB,D,20230825,000000,1.862,1.869,1.835,1.835,0,0
HUG_PB,D,20230828,000000,1.82,1.921,1.808,1.921,0,0
HUG_PB,D,20230829,000000,1.921,1.924,1.883,1.924,0,0
HUG_PB,D,20230830,000000,1.939,1.978,1.552,1.552,0,0
HUG_PB,D,20230831,000000,1.555,1.617,1.552,1.602,0,0
HUG_PB,D,20230901,000000,1.58,1.626,1.555,1.61,0,0
HUG_PB,D,20230904,000000,1.625,1.641,1.576,1.604,0,0
HUG_PB,D,20230905,000000,1.573,1.597,1.554,1.571,0,0
HUG_PB,D,20230906,000000,1.577,1.586,1.531,1.576,0,0
HUG_PB,D,20230907,000000,1.576,1.637,1.561,1.599,0,0
HUG_PB,D,20230908,000000,1.602,1.626,1.442,1.442,0,0
HUG_PB,D,20230911,000000,1.423,1.437,1.418,1.433,0,0
HUG_PB,D,20230912,000000,1.416,1.46,1.416,1.436,0,0
HUG_PB,D,20230913,000000,1.399,1.433,1.399,1.433,0,0
HUG_PB,D,20230914,000000,1.42,1.431,1.412,1.431,0,0
HUG_PB,D,20230915,000000,1.418,1.426,1.389,1.389,0,0
HUG_PB,D,20230918,000000,1.389,1.403,1.378,1.392,0,0
HUG_PB,D,20230919,000000,1.395,1.395,1.336,1.344,0,0
HUG_PB,D,20230920,000000,1.333,1.35,1.323,1.332,0,0
HUG_PB,D,20230921,000000,1.343,1.353,1.324,1.353,0,0
HUG_PB,D,20230922,000000,1.358,1.358,1.334,1.35,0,0
HUG_PB,D,20230925,000000,1.361,1.367,1.35,1.367,0,0
HUG_PB,D,20230926,000000,1.358,1.372,1.349,1.349,0,0
HUG_PB,D,20230927,000000,1.357,1.427,1.357,1.401,0,0
HUG_PB,D,20230928,000000,1.401,1.401,1.337,1.337,0,0
HUG_PB,D,20230929,000000,1.337,1.388,1.337,1.388,0,0
HUG_PB,D,20231002,000000,1.388,1.404,1.367,1.385,0,0
HUG_PB,D,20231003,000000,1.385,1.393,1.36,1.36,0,0
HUG_PB,D,20231004,000000,1.341,1.376,1.341,1.355,0,0
