<TICKER>,<PER>,<DATE>,<TIME>,<OPEN>,<HIGH>,<LOW>,<CLOSE>,<VOL>,<OPENINT>
IBS_PE,D,20160405,000000,0.2,0.3,0.2,0.3,0,0
IBS_PE,D,20160413,000000,0.3,0.3,0.2,0.2,0,0
IBS_PE,D,20160414,000000,0.2,0.2,0.2,0.2,0,0
IBS_PE,D,20160418,000000,0.2,0.3,0.2,0.3,0,0
IBS_PE,D,20160420,000000,0.3,0.3,0.2,0.2,0,0
IBS_PE,D,20160426,000000,0.2,0.2,0.2,0.2,0,0
IBS_PE,D,20160429,000000,0.2,0.2,0.2,0.2,0,0
IBS_PE,D,20160502,000000,0.2,0.2,0.2,0.2,0,0
IBS_PE,D,20160505,000000,0.2,0.2,0.2,0.2,0,0
IBS_PE,D,20160506,000000,0.2,0.2,0.2,0.2,0,0
IBS_PE,D,20160510,000000,0.2,0.2,0.2,0.2,0,0
IBS_PE,D,20160511,000000,0.2,0.2,0.2,0.2,0,0
IBS_PE,D,20160513,000000,0.2,0.2,0.2,0.2,0,0
IBS_PE,D,20160516,000000,0.2,0.2,0.2,0.2,0,0
IBS_PE,D,20160519,000000,0.2,0.2,0.2,0.2,0,0
IBS_PE,D,20160520,000000,0.2,0.3,0.2,0.3,0,0
IBS_PE,D,20160523,000000,0.3,0.3,0.3,0.3,0,0
IBS_PE,D,20160524,000000,0.3,0.3,0.3,0.3,0,0
IBS_PE,D,20160525,000000,0.3,0.3,0.2,0.2,0,0
IBS_PE,D,20160527,000000,0.2,0.2,0.2,0.2,0,0
IBS_PE,D,20160624,000000,0.2,0.2,0.2,0.2,0,0
IBS_PE,D,20160704,000000,0.2,0.2,0.2,0.2,0,0
IBS_PE,D,20160802,000000,0.2,0.2,0.2,0.2,0,0
IBS_PE,D,20160804,000000,0.2,0.2,0.2,0.2,0,0
IBS_PE,D,20160805,000000,0.2,0.2,0.2,0.2,0,0
IBS_PE,D,20160808,000000,0.2,0.2,0.2,0.2,0,0
IBS_PE,D,20160810,000000,0.2,0.2,0.2,0.2,0,0
IBS_PE,D,20160812,000000,0.2,0.2,0.2,0.2,0,0
IBS_PE,D,20160817,000000,0.2,0.2,0.2,0.2,0,0
IBS_PE,D,20160819,000000,0.2,0.3,0.2,0.3,0,0
IBS_PE,D,20160824,000000,0.3,0.3,0.3,0.3,0,0
IBS_PE,D,20160901,000000,0.3,0.3,0.2,0.2,0,0
IBS_PE,D,20160905,000000,0.2,0.2,0.2,0.2,0,0
IBS_PE,D,20160908,000000,0.2,0.3,0.2,0.3,0,0
IBS_PE,D,20160909,000000,0.3,0.3,0.2,0.2,0,0
IBS_PE,D,20160912,000000,0.2,0.2,0.2,0.2,0,0
IBS_PE,D,20160913,000000,0.2,0.2,0.2,0.2,0,0
IBS_PE,D,20160921,000000,0.2,0.2,0.2,0.2,0,0
IBS_PE,D,20160927,000000,0.2,0.2,0.2,0.2,0,0
IBS_PE,D,20161010,000000,0.2,0.2,0.2,0.2,0,0
IBS_PE,D,20161019,000000,0.2,0.2,0.2,0.2,0,0
IBS_PE,D,20170109,000000,0.2,0.2,0.2,0.2,0,0
IBS_PE,D,20170110,000000,0.2,0.2,0.2,0.2,0,0
IBS_PE,D,20170213,000000,0.1,0.1,0.1,0.1,0,0
IBS_PE,D,20170214,000000,0.1,0.1,0.1,0.1,0,0
IBS_PE,D,20170215,000000,0.1,0.1,0.1,0.1,0,0
IBS_PE,D,20170216,000000,0.1,0.1,0.1,0.1,0,0
IBS_PE,D,20170217,000000,0.1,0.1,0.1,0.1,0,0
IBS_PE,D,20170220,000000,0.1,0.1,0.1,0.1,0,0
IBS_PE,D,20170221,000000,0.1,0.1,0.1,0.1,0,0
IBS_PE,D,20170222,000000,0.1,0.1,0.1,0.1,0,0
IBS_PE,D,20170223,000000,0.1,0.1,0.1,0.1,0,0
IBS_PE,D,20170224,000000,0.1,0.1,0.1,0.1,0,0
IBS_PE,D,20170301,000000,0.1,0.1,0.1,0.1,0,0
IBS_PE,D,20170302,000000,0.1,0.2,0.1,0.2,0,0
IBS_PE,D,20170303,000000,0.2,0.2,0.2,0.2,0,0
IBS_PE,D,20170306,000000,0.2,0.2,0.2,0.2,0,0
IBS_PE,D,20170307,000000,0.2,0.2,0.2,0.2,0,0
IBS_PE,D,20170308,000000,0.2,0.2,0.2,0.2,0,0
IBS_PE,D,20170310,000000,0.2,0.2,0.2,0.2,0,0
IBS_PE,D,20170314,000000,0.2,0.2,0.2,0.2,0,0
IBS_PE,D,20170316,000000,0.2,0.2,0.2,0.2,0,0
IBS_PE,D,20180502,000000,3.1,3.1,3.1,3.1,0,0
IBS_PE,D,20180522,000000,3.2,3.2,3.1,3.1,0,0
IBS_PE,D,20180606,000000,5.6,5.6,5.6,5.6,0,0
IBS_PE,D,20180614,000000,5.5,5.5,5.5,5.5,0,0
IBS_PE,D,20180615,000000,5.1,5.1,5.1,5.1,0,0
IBS_PE,D,20180629,000000,5.1,5.1,5,5,0,0
IBS_PE,D,20180730,000000,4.6,4.6,4.5,4.5,0,0
IBS_PE,D,20180801,000000,4.5,4.5,4.5,4.5,0,0
IBS_PE,D,20180802,000000,4.5,4.5,4.5,4.5,0,0
IBS_PE,D,20180806,000000,4.5,4.5,4.5,4.5,0,0
IBS_PE,D,20180807,000000,4.5,4.5,4.5,4.5,0,0
IBS_PE,D,20180809,000000,4.3,4.3,4.2,4.2,0,0
IBS_PE,D,20180814,000000,4.2,4.2,4.2,4.2,0,0
IBS_PE,D,20180822,000000,4.5,4.6,4.5,4.6,0,0
IBS_PE,D,20180824,000000,5.1,5.1,5,5,0,0
IBS_PE,D,20180827,000000,5,5,5,5,0,0
IBS_PE,D,20180921,000000,4.9,4.9,4.9,4.9,0,0
IBS_PE,D,20181002,000000,19.7,19.7,19.7,19.7,0,0
IBS_PE,D,20181024,000000,16.6,16.6,16.6,16.6,0,0
IBS_PE,D,20181029,000000,16.6,16.6,16.6,16.6,0,0
IBS_PE,D,20181031,000000,15.6,16.6,15.5,15.5,0,0
IBS_PE,D,20181102,000000,14.5,14.5,14.5,14.5,0,0
IBS_PE,D,20181106,000000,14.2,14.2,14.2,14.2,0,0
IBS_PE,D,20181113,000000,14.5,14.5,14.5,14.5,0,0
IBS_PE,D,20181114,000000,15.5,15.5,15.5,15.5,0,0
IBS_PE,D,20200609,000000,0.4,0.4,0.4,0.4,0,0
IBS_PE,D,20200610,000000,0.4,0.5,0.4,0.5,0,0
IBS_PE,D,20200617,000000,0.5,0.5,0.5,0.5,0,0
IBS_PE,D,20200618,000000,0.5,0.5,0.5,0.5,0,0
IBS_PE,D,20200619,000000,0.5,0.5,0.5,0.5,0,0
IBS_PE,D,20200622,000000,0.5,0.5,0.5,0.5,0,0
IBS_PE,D,20200624,000000,0.6,0.6,0.6,0.6,0,0
IBS_PE,D,20200625,000000,0.7,0.7,0.6,0.6,0,0
IBS_PE,D,20200629,000000,0.7,0.7,0.7,0.7,0,0
IBS_PE,D,20200630,000000,0.7,0.7,0.7,0.7,0,0
IBS_PE,D,20200701,000000,0.7,0.7,0.7,0.7,0,0
IBS_PE,D,20200703,000000,0.7,0.7,0.7,0.7,0,0
IBS_PE,D,20200706,000000,0.7,0.7,0.7,0.7,0,0
IBS_PE,D,20200707,000000,0.8,0.8,0.8,0.8,0,0
IBS_PE,D,20200708,000000,1.1,1.1,1,1,0,0
IBS_PE,D,20200709,000000,0.8,1,0.8,1,0,0
IBS_PE,D,20200713,000000,1,1,1,1,0,0
IBS_PE,D,20200720,000000,1,1,1,1,0,0
IBS_PE,D,20200729,000000,0.9,0.9,0.8,0.8,0,0
IBS_PE,D,20200730,000000,0.9,1.6,0.9,1.6,0,0
IBS_PE,D,20200813,000000,1.2,1.2,1.2,1.2,0,0
IBS_PE,D,20200814,000000,1.2,1.2,1.2,1.2,0,0
IBS_PE,D,20200901,000000,1,1.1,1,1.1,0,0
IBS_PE,D,20200902,000000,1,1,1,1,0,0
IBS_PE,D,20200908,000000,1,1,1,1,0,0
IBS_PE,D,20200914,000000,1,1,1,1,0,0
IBS_PE,D,20200921,000000,1,1,1,1,0,0
IBS_PE,D,20200924,000000,1,1,1,1,0,0
IBS_PE,D,20200928,000000,1,1,1,1,0,0
IBS_PE,D,20200930,000000,1,1,1,1,0,0
IBS_PE,D,20201005,000000,0.4,0.4,0.4,0.4,0,0
IBS_PE,D,20201020,000000,0.3,0.3,0.3,0.3,0,0
IBS_PE,D,20201022,000000,0.3,0.3,0.3,0.3,0,0
IBS_PE,D,20201105,000000,0.3,0.4,0.3,0.4,0,0
IBS_PE,D,20201106,000000,0.4,0.4,0.4,0.4,0,0
IBS_PE,D,20201110,000000,0.4,0.4,0.4,0.4,0,0
IBS_PE,D,20201112,000000,0.4,0.4,0.4,0.4,0,0
IBS_PE,D,20201116,000000,0.4,0.4,0.4,0.4,0,0
IBS_PE,D,20201117,000000,0.4,0.5,0.4,0.5,0,0
IBS_PE,D,20201118,000000,0.6,0.6,0.6,0.6,0,0
IBS_PE,D,20201120,000000,0.6,0.6,0.5,0.5,0,0
IBS_PE,D,20201123,000000,0.5,0.5,0.5,0.5,0,0
IBS_PE,D,20201124,000000,0.5,0.5,0.5,0.5,0,0
IBS_PE,D,20201125,000000,0.4,0.5,0.4,0.4,0,0
IBS_PE,D,20201201,000000,0.4,0.4,0.4,0.4,0,0
IBS_PE,D,20201204,000000,0.4,0.4,0.4,0.4,0,0
IBS_PE,D,20201211,000000,0.4,0.4,0.4,0.4,0,0
IBS_PE,D,20201214,000000,0.4,0.4,0.4,0.4,0,0
IBS_PE,D,20201217,000000,0.4,0.4,0.4,0.4,0,0
IBS_PE,D,20201218,000000,0.4,0.4,0.4,0.4,0,0
IBS_PE,D,20201221,000000,0.4,0.4,0.4,0.4,0,0
IBS_PE,D,20201228,000000,0.4,0.4,0.4,0.4,0,0
IBS_PE,D,20210105,000000,0.4,0.4,0.4,0.4,0,0
IBS_PE,D,20210107,000000,0.4,0.4,0.3,0.3,0,0
IBS_PE,D,20210108,000000,0.3,0.4,0.3,0.4,0,0
IBS_PE,D,20210111,000000,0.4,0.5,0.4,0.5,0,0
IBS_PE,D,20210112,000000,0.5,0.6,0.5,0.5,0,0
IBS_PE,D,20210118,000000,0.4,0.4,0.4,0.4,0,0
IBS_PE,D,20210119,000000,0.4,0.5,0.4,0.5,0,0
IBS_PE,D,20210120,000000,0.5,0.5,0.5,0.5,0,0
IBS_PE,D,20210128,000000,0.4,0.4,0.4,0.4,0,0
IBS_PE,D,20210129,000000,0.4,0.5,0.4,0.5,0,0
IBS_PE,D,20210201,000000,0.5,0.5,0.5,0.5,0,0
IBS_PE,D,20210203,000000,0.5,0.5,0.4,0.4,0,0
IBS_PE,D,20210204,000000,0.4,0.5,0.4,0.5,0,0
IBS_PE,D,20210205,000000,0.5,0.5,0.5,0.5,0,0
IBS_PE,D,20210208,000000,0.5,0.5,0.5,0.5,0,0
IBS_PE,D,20210212,000000,0.5,0.5,0.5,0.5,0,0
IBS_PE,D,20210215,000000,0.5,0.5,0.5,0.5,0,0
IBS_PE,D,20210216,000000,0.5,0.5,0.5,0.5,0,0
IBS_PE,D,20210219,000000,0.5,0.5,0.5,0.5,0,0
IBS_PE,D,20210223,000000,0.5,0.5,0.5,0.5,0,0
IBS_PE,D,20210224,000000,0.5,0.5,0.5,0.5,0,0
IBS_PE,D,20210225,000000,0.5,0.5,0.5,0.5,0,0
IBS_PE,D,20210226,000000,0.5,0.5,0.5,0.5,0,0
IBS_PE,D,20210302,000000,0.5,0.6,0.5,0.5,0,0
IBS_PE,D,20210303,000000,0.5,0.5,0.5,0.5,0,0
IBS_PE,D,20210304,000000,0.6,0.6,0.6,0.6,0,0
IBS_PE,D,20210305,000000,0.6,0.6,0.6,0.6,0,0
IBS_PE,D,20210308,000000,0.7,0.8,0.6,0.8,0,0
IBS_PE,D,20210309,000000,0.8,0.8,0.8,0.8,0,0
IBS_PE,D,20210310,000000,0.8,0.9,0.8,0.9,0,0
IBS_PE,D,20210311,000000,1,1.1,0.9,1,0,0
IBS_PE,D,20210312,000000,1.2,1.2,1.2,1.2,0,0
IBS_PE,D,20210315,000000,1.3,1.4,1.3,1.4,0,0
IBS_PE,D,20210316,000000,1.5,1.6,1.5,1.5,0,0
IBS_PE,D,20210317,000000,1.5,1.5,1.5,1.5,0,0
IBS_PE,D,20210407,000000,1.4,1.5,1.4,1.5,0,0
IBS_PE,D,20210413,000000,1.3,1.3,1.3,1.3,0,0
IBS_PE,D,20211207,000000,2.6,2.6,2.6,2.6,0,0
IBS_PE,D,20211214,000000,2.7,2.7,2.7,2.7,0,0
IBS_PE,D,20211217,000000,2.5,2.5,2.5,2.5,0,0
IBS_PE,D,20211222,000000,2.5,2.5,2.5,2.5,0,0
IBS_PE,D,20211230,000000,2.6,2.9,2.6,2.9,0,0
IBS_PE,D,20220103,000000,3.5,3.5,3.4,3.4,0,0
IBS_PE,D,20220104,000000,3.4,3.7,3.4,3.7,0,0
IBS_PE,D,20220107,000000,3.6,3.7,3.6,3.7,0,0
IBS_PE,D,20220113,000000,3.3,3.3,3.3,3.3,0,0
IBS_PE,D,20220114,000000,3,3,2.7,2.7,0,0
IBS_PE,D,20220117,000000,2.8,3,2.8,3,0,0
IBS_PE,D,20220119,000000,3,3,3,3,0,0
IBS_PE,D,20220211,000000,3,3,3,3,0,0
IBS_PE,D,20220218,000000,2.7,2.9,2.7,2.9,0,0
IBS_PE,D,20220223,000000,2.6,2.6,2.6,2.6,0,0
IBS_PE,D,20220301,000000,2.7,2.7,2.6,2.7,0,0
IBS_PE,D,20220307,000000,2.5,2.5,2.5,2.5,0,0
IBS_PE,D,20220309,000000,2.4,2.4,2.3,2.3,0,0
IBS_PE,D,20220311,000000,2.3,2.3,2.3,2.3,0,0
IBS_PE,D,20220314,000000,2.5,2.5,2.5,2.5,0,0
IBS_PE,D,20220315,000000,2.5,2.5,2.5,2.5,0,0
IBS_PE,D,20220330,000000,1.9,1.9,1.9,1.9,0,0
IBS_PE,D,20220404,000000,2,2,2,2,0,0
IBS_PE,D,20220405,000000,2.2,2.2,2.1,2.1,0,0
IBS_PE,D,20220406,000000,2.3,2.3,2.3,2.3,0,0
IBS_PE,D,20220407,000000,2.5,2.7,2.5,2.7,0,0
IBS_PE,D,20220412,000000,2.4,2.7,2.4,2.4,0,0
IBS_PE,D,20220413,000000,2.4,2.4,2.4,2.4,0,0
IBS_PE,D,20220419,000000,2.6,2.6,2.6,2.6,0,0
IBS_PE,D,20220421,000000,2.6,2.6,2.6,2.6,0,0
IBS_PE,D,20220425,000000,2.6,2.6,2.6,2.6,0,0
IBS_PE,D,20220426,000000,2.6,2.6,2.6,2.6,0,0
IBS_PE,D,20220427,000000,2.7,2.7,2.6,2.7,0,0
IBS_PE,D,20220428,000000,3,3,2.9,2.9,0,0
IBS_PE,D,20220429,000000,3,3,2.9,3,0,0
IBS_PE,D,20220502,000000,3,3,3,3,0,0
IBS_PE,D,20220509,000000,3,3,3,3,0,0
IBS_PE,D,20220516,000000,2.6,2.6,0.2,0.2,0,0
IBS_PE,D,20220517,000000,0.2,0.2,0.2,0.2,0,0
IBS_PE,D,20220519,000000,0.2,0.2,0.2,0.2,0,0
IBS_PE,D,20220523,000000,0.2,0.2,0.2,0.2,0,0
IBS_PE,D,20220524,000000,0.2,0.2,0.2,0.2,0,0
IBS_PE,D,20220527,000000,0.2,0.2,0.2,0.2,0,0
IBS_PE,D,20220531,000000,0.2,0.2,0.2,0.2,0,0
IBS_PE,D,20220601,000000,0.2,0.2,0.2,0.2,0,0
IBS_PE,D,20220607,000000,0.2,0.2,0.2,0.2,0,0
IBS_PE,D,20220610,000000,0.2,0.2,0.2,0.2,0,0
IBS_PE,D,20220613,000000,0.2,0.2,0.2,0.2,0,0
IBS_PE,D,20220630,000000,0.2,0.2,0.2,0.2,0,0
IBS_PE,D,20220701,000000,0.2,0.2,0.2,0.2,0,0
IBS_PE,D,20220704,000000,0.2,0.2,0.2,0.2,0,0
IBS_PE,D,20220705,000000,0.2,0.2,0.2,0.2,0,0
IBS_PE,D,20220706,000000,0.2,0.2,0.2,0.2,0,0
IBS_PE,D,20220707,000000,0.2,0.2,0.2,0.2,0,0
IBS_PE,D,20220708,000000,0.2,0.2,0.2,0.2,0,0
IBS_PE,D,20220711,000000,0.2,0.2,0.2,0.2,0,0
IBS_PE,D,20220712,000000,0.2,0.2,0.2,0.2,0,0
IBS_PE,D,20220713,000000,0.2,0.2,0.2,0.2,0,0
IBS_PE,D,20220714,000000,0.2,0.2,0.2,0.2,0,0
IBS_PE,D,20220715,000000,0.2,0.2,0.2,0.2,0,0
IBS_PE,D,20220718,000000,0.2,0.2,0.2,0.2,0,0
IBS_PE,D,20220719,000000,0.2,0.2,0.2,0.2,0,0
IBS_PE,D,20220720,000000,0.2,0.2,0.2,0.2,0,0
IBS_PE,D,20220721,000000,0.2,0.2,0.2,0.2,0,0
IBS_PE,D,20220722,000000,0.2,0.2,0.2,0.2,0,0
IBS_PE,D,20220725,000000,0.2,0.2,0.1,0.1,0,0
IBS_PE,D,20220726,000000,0.1,0.1,0.1,0.1,0,0
IBS_PE,D,20220727,000000,0.1,0.1,0.1,0.1,0,0
IBS_PE,D,20220801,000000,0.1,0.1,0.1,0.1,0,0
IBS_PE,D,20220802,000000,0.1,0.1,0.1,0.1,0,0
IBS_PE,D,20220803,000000,0.1,0.1,0.1,0.1,0,0
IBS_PE,D,20220804,000000,0.1,0.1,0.1,0.1,0,0
IBS_PE,D,20220805,000000,0.1,0.1,0.1,0.1,0,0
IBS_PE,D,20220809,000000,0.1,0.1,0.1,0.1,0,0
IBS_PE,D,20220810,000000,0.1,0.1,0.1,0.1,0,0
IBS_PE,D,20220816,000000,0.1,0.1,0.1,0.1,0,0
IBS_PE,D,20220818,000000,0.1,0.1,0.1,0.1,0,0
IBS_PE,D,20220819,000000,0.1,0.1,0.1,0.1,0,0
IBS_PE,D,20220822,000000,0.1,0.1,0.1,0.1,0,0
IBS_PE,D,20220823,000000,0.1,0.1,0.1,0.1,0,0
IBS_PE,D,20220824,000000,0.1,0.1,0.1,0.1,0,0
IBS_PE,D,20220825,000000,0.1,0.1,0.1,0.1,0,0
IBS_PE,D,20220829,000000,0.1,0.1,0.1,0.1,0,0
IBS_PE,D,20220831,000000,0.1,0.1,0.1,0.1,0,0
IBS_PE,D,20220901,000000,0.1,0.1,0.1,0.1,0,0
IBS_PE,D,20220902,000000,0.1,0.1,0.1,0.1,0,0
IBS_PE,D,20220913,000000,0.1,0.1,0.1,0.1,0,0
IBS_PE,D,20220914,000000,0.1,0.1,0.1,0.1,0,0
IBS_PE,D,20220916,000000,0.1,0.2,0.1,0.2,0,0
IBS_PE,D,20220919,000000,0.3,0.3,0.2,0.2,0,0
IBS_PE,D,20220921,000000,0.3,0.3,0.3,0.3,0,0
IBS_PE,D,20220922,000000,0.3,0.3,0.3,0.3,0,0
IBS_PE,D,20220923,000000,0.3,0.3,0.3,0.3,0,0
IBS_PE,D,20220926,000000,0.3,0.3,0.3,0.3,0,0
IBS_PE,D,20220927,000000,0.3,0.3,0.2,0.2,0,0
IBS_PE,D,20220928,000000,0.3,0.3,0.2,0.3,0,0
IBS_PE,D,20220929,000000,0.3,0.3,0.2,0.2,0,0
IBS_PE,D,20220930,000000,0.3,0.3,0.2,0.3,0,0
IBS_PE,D,20221003,000000,0.2,0.3,0.2,0.3,0,0
IBS_PE,D,20221004,000000,0.3,0.3,0.3,0.3,0,0
IBS_PE,D,20221005,000000,0.4,0.4,0.4,0.4,0,0
IBS_PE,D,20221006,000000,0.4,0.6,0.4,0.6,0,0
IBS_PE,D,20221007,000000,0.7,0.7,0.6,0.7,0,0
IBS_PE,D,20221012,000000,0.9,0.9,0.9,0.9,0,0
IBS_PE,D,20221018,000000,1.1,1.2,0.7,0.8,0,0
IBS_PE,D,20221019,000000,0.8,0.8,0.6,0.7,0,0
IBS_PE,D,20221020,000000,0.7,0.7,0.5,0.6,0,0
IBS_PE,D,20221021,000000,0.6,0.6,0.5,0.5,0,0
IBS_PE,D,20221024,000000,0.5,0.6,0.5,0.6,0,0
IBS_PE,D,20221025,000000,0.6,0.8,0.6,0.8,0,0
IBS_PE,D,20221026,000000,0.8,0.9,0.7,0.8,0,0
IBS_PE,D,20221027,000000,0.8,0.8,0.7,0.8,0,0
IBS_PE,D,20221028,000000,0.8,0.8,0.7,0.7,0,0
IBS_PE,D,20221031,000000,0.7,0.8,0.7,0.7,0,0
IBS_PE,D,20221102,000000,0.8,0.8,0.7,0.7,0,0
IBS_PE,D,20221103,000000,0.7,0.7,0.7,0.7,0,0
IBS_PE,D,20221104,000000,0.7,0.7,0.7,0.7,0,0
IBS_PE,D,20221107,000000,0.7,0.7,0.7,0.7,0,0
IBS_PE,D,20221108,000000,0.7,0.7,0.5,0.5,0,0
IBS_PE,D,20221109,000000,0.5,0.6,0.5,0.6,0,0
IBS_PE,D,20221110,000000,0.6,0.7,0.5,0.6,0,0
IBS_PE,D,20221114,000000,0.6,0.7,0.6,0.6,0,0
IBS_PE,D,20221115,000000,0.6,0.6,0.6,0.6,0,0
IBS_PE,D,20221116,000000,0.6,0.6,0.5,0.5,0,0
IBS_PE,D,20221117,000000,0.5,0.6,0.5,0.6,0,0
IBS_PE,D,20221118,000000,0.6,0.6,0.5,0.5,0,0
IBS_PE,D,20221121,000000,0.5,0.5,0.5,0.5,0,0
IBS_PE,D,20221122,000000,0.5,0.5,0.5,0.5,0,0
IBS_PE,D,20221123,000000,0.5,0.7,0.5,0.7,0,0
IBS_PE,D,20221124,000000,0.7,0.8,0.7,0.7,0,0
IBS_PE,D,20221125,000000,0.7,0.7,0.7,0.7,0,0
IBS_PE,D,20221128,000000,0.7,0.7,0.7,0.7,0,0
IBS_PE,D,20221129,000000,0.7,0.7,0.7,0.7,0,0
IBS_PE,D,20221130,000000,0.7,0.7,0.6,0.6,0,0
IBS_PE,D,20221201,000000,0.6,0.6,0.5,0.6,0,0
IBS_PE,D,20221202,000000,0.6,0.7,0.6,0.7,0,0
IBS_PE,D,20221205,000000,0.7,0.7,0.7,0.7,0,0
IBS_PE,D,20221206,000000,0.7,0.8,0.7,0.8,0,0
IBS_PE,D,20221207,000000,0.8,0.9,0.8,0.9,0,0
IBS_PE,D,20221208,000000,0.9,0.9,0.8,0.8,0,0
IBS_PE,D,20221209,000000,0.8,0.8,0.8,0.8,0,0
IBS_PE,D,20221212,000000,0.8,0.8,0.8,0.8,0,0
IBS_PE,D,20221213,000000,0.8,0.8,0.8,0.8,0,0
IBS_PE,D,20221214,000000,0.8,0.8,0.8,0.8,0,0
IBS_PE,D,20221215,000000,0.8,0.8,0.8,0.8,0,0
IBS_PE,D,20221216,000000,0.8,0.8,0.7,0.7,0,0
IBS_PE,D,20221219,000000,0.7,0.7,0.7,0.7,0,0
IBS_PE,D,20221220,000000,0.7,0.7,0.7,0.7,0,0
IBS_PE,D,20221221,000000,0.7,0.8,0.7,0.8,0,0
IBS_PE,D,20221222,000000,0.8,0.8,0.7,0.7,0,0
IBS_PE,D,20221223,000000,0.7,0.7,0.7,0.7,0,0
IBS_PE,D,20221227,000000,0.7,0.7,0.7,0.7,0,0
IBS_PE,D,20221228,000000,0.7,0.7,0.7,0.7,0,0
IBS_PE,D,20221229,000000,0.7,0.7,0.7,0.7,0,0
IBS_PE,D,20221230,000000,0.7,0.7,0.7,0.7,0,0
IBS_PE,D,20230102,000000,0.7,0.7,0.7,0.7,0,0
IBS_PE,D,20230103,000000,0.7,0.7,0.6,0.7,0,0
IBS_PE,D,20230104,000000,0.7,0.7,0.7,0.7,0,0
IBS_PE,D,20230105,000000,0.7,0.7,0.7,0.7,0,0
IBS_PE,D,20230109,000000,0.7,0.7,0.7,0.7,0,0
IBS_PE,D,20230110,000000,0.7,0.7,0.7,0.7,0,0
IBS_PE,D,20230111,000000,0.7,0.7,0.7,0.7,0,0
IBS_PE,D,20230112,000000,0.7,0.7,0.7,0.7,0,0
IBS_PE,D,20230113,000000,0.7,0.7,0.7,0.7,0,0
IBS_PE,D,20230116,000000,0.7,0.7,0.7,0.7,0,0
IBS_PE,D,20230117,000000,0.7,0.7,0.7,0.7,0,0
IBS_PE,D,20230118,000000,0.7,0.7,0.7,0.7,0,0
IBS_PE,D,20230119,000000,0.7,0.7,0.7,0.7,0,0
IBS_PE,D,20230120,000000,0.7,0.7,0.7,0.7,0,0
IBS_PE,D,20230123,000000,0.7,0.7,0.7,0.7,0,0
IBS_PE,D,20230124,000000,0.7,0.7,0.6,0.7,0,0
IBS_PE,D,20230125,000000,0.7,0.7,0.7,0.7,0,0
IBS_PE,D,20230126,000000,0.7,0.7,0.7,0.7,0,0
IBS_PE,D,20230127,000000,0.7,0.7,0.7,0.7,0,0
IBS_PE,D,20230130,000000,0.7,0.7,0.6,0.6,0,0
IBS_PE,D,20230131,000000,0.6,0.6,0.6,0.6,0,0
IBS_PE,D,20230201,000000,0.6,0.6,0.6,0.6,0,0
IBS_PE,D,20230202,000000,0.6,0.6,0.6,0.6,0,0
IBS_PE,D,20230203,000000,0.6,0.6,0.6,0.6,0,0
IBS_PE,D,20230206,000000,0.6,0.6,0.6,0.6,0,0
IBS_PE,D,20230207,000000,0.6,0.6,0.6,0.6,0,0
IBS_PE,D,20230208,000000,0.6,0.6,0.6,0.6,0,0
IBS_PE,D,20230209,000000,0.6,0.6,0.5,0.5,0,0
IBS_PE,D,20230210,000000,0.5,0.6,0.5,0.6,0,0
IBS_PE,D,20230213,000000,0.6,0.7,0.6,0.6,0,0
IBS_PE,D,20230214,000000,0.7,0.7,0.7,0.7,0,0
IBS_PE,D,20230215,000000,0.7,0.7,0.6,0.7,0,0
IBS_PE,D,20230216,000000,0.7,0.7,0.7,0.7,0,0
IBS_PE,D,20230217,000000,0.7,0.7,0.6,0.7,0,0
IBS_PE,D,20230220,000000,0.7,0.7,0.7,0.7,0,0
IBS_PE,D,20230221,000000,0.7,0.7,0.7,0.7,0,0
IBS_PE,D,20230222,000000,0.7,0.7,0.7,0.7,0,0
IBS_PE,D,20230223,000000,0.7,0.8,0.7,0.7,0,0
IBS_PE,D,20230224,000000,0.7,0.7,0.7,0.7,0,0
IBS_PE,D,20230227,000000,0.7,0.7,0.7,0.7,0,0
IBS_PE,D,20230228,000000,0.7,0.7,0.7,0.7,0,0
IBS_PE,D,20230301,000000,0.7,0.8,0.7,0.8,0,0
IBS_PE,D,20230302,000000,0.8,0.9,0.8,0.9,0,0
IBS_PE,D,20230303,000000,0.9,1,0.8,0.9,0,0
IBS_PE,D,20230306,000000,1,1,0.9,1,0,0
IBS_PE,D,20230307,000000,1,1,1,1,0,0
IBS_PE,D,20230308,000000,1,1,0.9,1,0,0
IBS_PE,D,20230309,000000,1,1.1,1,1,0,0
IBS_PE,D,20230310,000000,1,1,0.9,1,0,0
IBS_PE,D,20230313,000000,1,1,0.9,0.9,0,0
IBS_PE,D,20230314,000000,0.9,0.9,0.9,0.9,0,0
IBS_PE,D,20230315,000000,0.9,0.9,0.9,0.9,0,0
IBS_PE,D,20230316,000000,0.9,0.9,0.8,0.8,0,0
IBS_PE,D,20230317,000000,0.8,0.9,0.8,0.9,0,0
IBS_PE,D,20230320,000000,0.9,0.9,0.9,0.9,0,0
IBS_PE,D,20230321,000000,0.9,0.9,0.9,0.9,0,0
IBS_PE,D,20230322,000000,0.9,0.9,0.9,0.9,0,0
IBS_PE,D,20230323,000000,0.9,0.9,0.8,0.8,0,0
IBS_PE,D,20230324,000000,0.8,0.9,0.8,0.9,0,0
IBS_PE,D,20230327,000000,0.9,0.9,0.9,0.9,0,0
IBS_PE,D,20230328,000000,0.9,0.9,0.9,0.9,0,0
IBS_PE,D,20230329,000000,0.9,0.9,0.9,0.9,0,0
IBS_PE,D,20230330,000000,0.9,0.9,0.9,0.9,0,0
IBS_PE,D,20230331,000000,0.9,0.9,0.9,0.9,0,0
IBS_PE,D,20230403,000000,0.9,0.9,0.9,0.9,0,0
IBS_PE,D,20230404,000000,0.9,0.9,0.9,0.9,0,0
IBS_PE,D,20230405,000000,0.9,0.9,0.9,0.9,0,0
IBS_PE,D,20230406,000000,0.9,0.9,0.9,0.9,0,0
IBS_PE,D,20230411,000000,0.9,0.9,0.9,0.9,0,0
IBS_PE,D,20230412,000000,0.9,0.9,0.9,0.9,0,0
IBS_PE,D,20230413,000000,0.9,0.9,0.9,0.9,0,0
IBS_PE,D,20230414,000000,0.9,0.9,0.9,0.9,0,0
IBS_PE,D,20230417,000000,0.9,0.9,0.8,0.8,0,0
IBS_PE,D,20230418,000000,0.8,0.8,0.7,0.8,0,0
IBS_PE,D,20230419,000000,0.8,0.8,0.8,0.8,0,0
IBS_PE,D,20230420,000000,0.8,0.8,0.8,0.8,0,0
IBS_PE,D,20230421,000000,0.8,0.9,0.8,0.9,0,0
IBS_PE,D,20230424,000000,0.9,0.9,0.9,0.9,0,0
IBS_PE,D,20230425,000000,0.9,0.9,0.8,0.9,0,0
IBS_PE,D,20230426,000000,0.9,1,0.9,1,0,0
IBS_PE,D,20230427,000000,1,1.1,0.9,1.1,0,0
IBS_PE,D,20230428,000000,1.1,1.1,1.1,1.1,0,0
IBS_PE,D,20230502,000000,1.1,1.1,1,1,0,0
IBS_PE,D,20230504,000000,1,1.1,1,1.1,0,0
IBS_PE,D,20230505,000000,1.1,1.1,1,1,0,0
IBS_PE,D,20230508,000000,1,1,1,1,0,0
IBS_PE,D,20230509,000000,1,1.1,1,1.1,0,0
IBS_PE,D,20230510,000000,1.1,1.1,1.1,1.1,0,0
IBS_PE,D,20230511,000000,1.2,1.2,1,1.1,0,0
IBS_PE,D,20230512,000000,1.1,1.1,1,1,0,0
IBS_PE,D,20230515,000000,1,1,0.9,1,0,0
IBS_PE,D,20230516,000000,1,1,1,1,0,0
IBS_PE,D,20230517,000000,1,1,1,1,0,0
IBS_PE,D,20230518,000000,1,1,1,1,0,0
IBS_PE,D,20230519,000000,1,1,1,1,0,0
IBS_PE,D,20230522,000000,1,1.1,1,1.1,0,0
IBS_PE,D,20230523,000000,1.1,1.1,1,1,0,0
IBS_PE,D,20230524,000000,1,1,1,1,0,0
IBS_PE,D,20230525,000000,1,1,0.9,0.9,0,0
IBS_PE,D,20230526,000000,0.9,1,0.9,1,0,0
IBS_PE,D,20230529,000000,1,1,0.9,0.9,0,0
IBS_PE,D,20230530,000000,0.9,1,0.9,1,0,0
IBS_PE,D,20230531,000000,1,1.1,0.9,1.1,0,0
IBS_PE,D,20230601,000000,1.1,1.1,1,1.1,0,0
IBS_PE,D,20230602,000000,1.1,1.1,1.1,1.1,0,0
IBS_PE,D,20230605,000000,1.1,1.1,1,1,0,0
IBS_PE,D,20230606,000000,1,1,0.9,1,0,0
IBS_PE,D,20230607,000000,1,1,0.9,0.9,0,0
IBS_PE,D,20230609,000000,0.9,0.9,0.9,0.9,0,0
IBS_PE,D,20230612,000000,0.9,0.9,0.8,0.9,0,0
IBS_PE,D,20230613,000000,0.9,0.9,0.9,0.9,0,0
IBS_PE,D,20230614,000000,0.9,0.9,0.9,0.9,0,0
IBS_PE,D,20230615,000000,0.9,0.9,0.9,0.9,0,0
IBS_PE,D,20230616,000000,0.9,0.9,0.9,0.9,0,0
IBS_PE,D,20230619,000000,0.9,0.9,0.9,0.9,0,0
IBS_PE,D,20230620,000000,1,1,0.9,0.9,0,0
IBS_PE,D,20230621,000000,0.9,1,0.9,0.9,0,0
IBS_PE,D,20230622,000000,0.9,0.9,0.9,0.9,0,0
IBS_PE,D,20230623,000000,0.9,0.9,0.9,0.9,0,0
IBS_PE,D,20230626,000000,0.9,0.9,0.8,0.9,0,0
IBS_PE,D,20230627,000000,0.9,0.9,0.8,0.8,0,0
IBS_PE,D,20230628,000000,0.8,1,0.8,1,0,0
IBS_PE,D,20230629,000000,1,1,0.9,1,0,0
IBS_PE,D,20230630,000000,1,1,1,1,0,0
IBS_PE,D,20230703,000000,1,1.2,1,1.2,0,0
IBS_PE,D,20230704,000000,1.3,1.6,1.3,1.6,0,0
IBS_PE,D,20230705,000000,1.9,2.1,1.9,2.1,0,0
IBS_PE,D,20230706,000000,2.2,2.2,1.6,1.8,0,0
IBS_PE,D,20230707,000000,1.8,1.9,1.7,1.7,0,0
IBS_PE,D,20230710,000000,1.7,1.7,1.4,1.5,0,0
IBS_PE,D,20230711,000000,1.5,1.7,1.5,1.5,0,0
IBS_PE,D,20230712,000000,1.5,1.6,1.4,1.4,0,0
IBS_PE,D,20230713,000000,1.4,1.5,1.3,1.3,0,0
IBS_PE,D,20230714,000000,1.3,1.4,1.3,1.4,0,0
IBS_PE,D,20230717,000000,1.4,1.5,1.4,1.4,0,0
IBS_PE,D,20230718,000000,1.4,1.4,1.3,1.4,0,0
IBS_PE,D,20230719,000000,1.4,1.4,1.4,1.4,0,0
IBS_PE,D,20230720,000000,1.4,1.7,1.4,1.7,0,0
IBS_PE,D,20230721,000000,1.7,2,1.7,1.7,0,0
IBS_PE,D,20230724,000000,1.7,1.9,1.6,1.8,0,0
IBS_PE,D,20230725,000000,1.8,1.8,1.6,1.7,0,0
IBS_PE,D,20230726,000000,1.7,1.8,1.6,1.7,0,0
IBS_PE,D,20230727,000000,1.7,1.7,1.6,1.7,0,0
IBS_PE,D,20230728,000000,1.7,1.8,1.7,1.7,0,0
IBS_PE,D,20230731,000000,1.7,1.7,1.7,1.7,0,0
IBS_PE,D,20230801,000000,1.7,1.8,1.7,1.7,0,0
IBS_PE,D,20230802,000000,1.7,1.7,1.6,1.7,0,0
IBS_PE,D,20230803,000000,1.7,1.7,1.5,1.6,0,0
IBS_PE,D,20230804,000000,1.6,1.6,1.5,1.6,0,0
IBS_PE,D,20230807,000000,1.561,1.6,1.547,1.6,0,0
IBS_PE,D,20230808,000000,1.596,1.596,1.5,1.5,0,0
IBS_PE,D,20230809,000000,1.497,1.5,1.441,1.5,0,0
IBS_PE,D,20230810,000000,1.507,1.507,1.446,1.5,0,0
IBS_PE,D,20230811,000000,1.511,1.511,1.453,1.5,0,0
IBS_PE,D,20230814,000000,1.511,1.58,1.496,1.5,0,0
IBS_PE,D,20230816,000000,1.554,1.554,1.432,1.5,0,0
IBS_PE,D,20230817,000000,1.5,1.808,1.5,1.7,0,0
IBS_PE,D,20230818,000000,1.707,1.769,1.581,1.6,0,0
IBS_PE,D,20230821,000000,1.6,1.642,1.455,1.5,0,0
IBS_PE,D,20230822,000000,1.5,1.518,1.468,1.5,0,0
IBS_PE,D,20230823,000000,1.434,1.6,1.399,1.6,0,0
IBS_PE,D,20230824,000000,1.596,1.596,1.5,1.5,0,0
IBS_PE,D,20230825,000000,1.5,1.5,1.5,1.5,0,0
IBS_PE,D,20230828,000000,1.486,1.5,1.353,1.5,0,0
IBS_PE,D,20230829,000000,1.5,1.5,1.337,1.4,0,0
IBS_PE,D,20230830,000000,1.443,1.443,1.375,1.4,0,0
IBS_PE,D,20230831,000000,1.4,1.429,1.313,1.4,0,0
IBS_PE,D,20230901,000000,1.4,1.411,1.393,1.4,0,0
IBS_PE,D,20230904,000000,1.365,1.5,1.365,1.5,0,0
IBS_PE,D,20230905,000000,1.486,1.486,1.357,1.4,0,0
IBS_PE,D,20230906,000000,1.411,1.414,1.35,1.4,0,0
IBS_PE,D,20230907,000000,1.4,1.4,1.289,1.3,0,0
IBS_PE,D,20230908,000000,1.3,1.3,1.296,1.3,0,0
IBS_PE,D,20230911,000000,1.3,1.403,1.247,1.3,0,0
IBS_PE,D,20230912,000000,1.296,1.398,1.296,1.3,0,0
IBS_PE,D,20230913,000000,1.293,1.517,1.293,1.4,0,0
IBS_PE,D,20230914,000000,1.404,1.5,1.372,1.5,0,0
IBS_PE,D,20230915,000000,1.504,1.577,1.5,1.5,0,0
IBS_PE,D,20230918,000000,1.5,1.5,1.353,1.4,0,0
IBS_PE,D,20230919,000000,1.404,1.439,1.364,1.4,0,0
IBS_PE,D,20230920,000000,1.4,1.462,1.396,1.4,0,0
IBS_PE,D,20230921,000000,1.4,1.4,1.295,1.4,0,0
IBS_PE,D,20230922,000000,1.429,1.429,1.31,1.4,0,0
IBS_PE,D,20230925,000000,1.4,1.4,1.266,1.3,0,0
IBS_PE,D,20230926,000000,1.3,1.304,1.282,1.3,0,0
IBS_PE,D,20230927,000000,1.325,1.407,1.289,1.3,0,0
IBS_PE,D,20230928,000000,1.297,1.3,1.239,1.3,0,0
IBS_PE,D,20230929,000000,1.296,1.314,1.219,1.3,0,0
IBS_PE,D,20231002,000000,1.296,1.3,1.188,1.3,0,0
IBS_PE,D,20231003,000000,1.321,1.325,1.2,1.2,0,0
IBS_PE,D,20231004,000000,1.197,1.2,1.122,1.2,0,0
