<TICKER>,<PER>,<DATE>,<TIME>,<OPEN>,<HIGH>,<LOW>,<CLOSE>,<VOL>,<OPENINT>
JWW_PE,D,20140813,000000,58.449,58.449,58.449,58.449,0,0
JWW_PE,D,20140814,000000,84.0912,100.777,80.9802,83.997,0,0
JWW_PE,D,20140818,000000,96.7238,96.7238,77.115,77.115,0,0
JWW_PE,D,20140819,000000,83.6199,83.6199,71.1759,82.5829,0,0
JWW_PE,D,20140820,000000,79.9433,79.9433,77.3036,78.5292,0,0
JWW_PE,D,20140821,000000,78.2463,82.5829,78.2463,79.849,0,0
JWW_PE,D,20140822,000000,78.8119,93.3299,78.7177,81.3573,0,0
JWW_PE,D,20140825,000000,86.7309,86.7309,79.9433,83.8084,0,0
JWW_PE,D,20140826,000000,83.8084,83.8084,83.8084,83.8084,0,0
JWW_PE,D,20140827,000000,80.6031,86.5423,79.2833,86.448,0,0
JWW_PE,D,20140828,000000,86.1652,86.1652,79.7547,82.6771,0,0
JWW_PE,D,20140829,000000,82.6771,82.6771,78.4348,82.3943,0,0
JWW_PE,D,20140901,000000,79.7547,79.7547,69.0076,69.0076,0,0
JWW_PE,D,20140902,000000,70.3274,70.3274,70.3274,70.3274,0,0
JWW_PE,D,20140903,000000,73.0613,73.2499,73.0613,73.2499,0,0
JWW_PE,D,20140904,000000,73.8155,86.5423,73.8155,86.448,0,0
JWW_PE,D,20140905,000000,87.9564,89.2762,83.9027,89.2762,0,0
JWW_PE,D,20140908,000000,86.5423,87.9564,84.8454,87.9564,0,0
JWW_PE,D,20140909,000000,83.9027,100.589,83.9027,96.0638,0,0
JWW_PE,D,20140910,000000,101.155,120.481,101.155,120.481,0,0
JWW_PE,D,20140911,000000,120.575,120.575,96.4409,105.586,0,0
JWW_PE,D,20140912,000000,107,107,85.9766,96.0638,0,0
JWW_PE,D,20140915,000000,92.0101,92.0101,81.1687,83.6199,0,0
JWW_PE,D,20140916,000000,83.9027,96.0638,83.9027,96.0638,0,0
JWW_PE,D,20140917,000000,96.0638,96.0638,96.0638,96.0638,0,0
JWW_PE,D,20140918,000000,92.0101,92.0101,81.1687,81.3573,0,0
JWW_PE,D,20140919,000000,81.5458,81.9229,81.5458,81.8287,0,0
JWW_PE,D,20140922,000000,81.8287,82.4885,81.1687,81.1687,0,0
JWW_PE,D,20140923,000000,83.7141,83.8084,83.7141,83.8084,0,0
JWW_PE,D,20140924,000000,83.997,94.1784,83.997,94.0842,0,0
JWW_PE,D,20140925,000000,93.4242,93.4242,92.0101,92.0101,0,0
JWW_PE,D,20140926,000000,90.5961,90.6903,90.5961,90.6903,0,0
JWW_PE,D,20140929,000000,90.7846,90.7846,90.6903,90.6903,0,0
JWW_PE,D,20140930,000000,90.5018,90.5018,85.2225,85.2225,0,0
JWW_PE,D,20141001,000000,90.5961,90.5961,85.3168,85.411,0,0
JWW_PE,D,20141002,000000,88.0507,104.266,88.0507,104.171,0,0
JWW_PE,D,20141003,000000,105.491,105.586,105.491,105.586,0,0
JWW_PE,D,20141006,000000,103.606,103.606,103.511,103.511,0,0
JWW_PE,D,20141007,000000,102.757,102.757,97.3837,97.4781,0,0
JWW_PE,D,20141008,000000,97.4781,97.4781,97.4781,97.4781,0,0
JWW_PE,D,20141009,000000,97.4781,97.4781,87.2965,87.2965,0,0
JWW_PE,D,20141013,000000,85.2225,87.9564,83.997,87.9564,0,0
JWW_PE,D,20141014,000000,89.2762,92.0101,89.2762,92.0101,0,0
JWW_PE,D,20141015,000000,92.0101,93.3299,92.0101,93.3299,0,0
JWW_PE,D,20141017,000000,93.3299,93.3299,93.3299,93.3299,0,0
JWW_PE,D,20141020,000000,93.9898,94.0842,93.9898,94.0842,0,0
JWW_PE,D,20141021,000000,90.7846,90.7846,83.337,90.0304,0,0
JWW_PE,D,20141023,000000,82.5829,82.5829,82.5829,82.5829,0,0
JWW_PE,D,20141024,000000,81.2631,84.5626,80.0375,84.5626,0,0
JWW_PE,D,20141027,000000,79.9433,79.9433,79.2833,79.2833,0,0
JWW_PE,D,20141030,000000,79.7547,83.9027,79.7547,83.9027,0,0
JWW_PE,D,20141031,000000,83.9027,87.9564,83.9027,87.9564,0,0
JWW_PE,D,20141103,000000,90.5961,92.0101,90.5961,92.0101,0,0
JWW_PE,D,20141105,000000,94.5555,94.9326,92.67,92.67,0,0
JWW_PE,D,20141106,000000,96.0638,96.0638,96.0638,96.0638,0,0
JWW_PE,D,20141107,000000,97.3837,116.898,87.9564,98.7978,0,0
JWW_PE,D,20141110,000000,98.7033,116.332,98.7033,108.225,0,0
JWW_PE,D,20141112,000000,115.013,142.069,115.013,142.069,0,0
JWW_PE,D,20141113,000000,148.102,177.704,147.82,175.536,0,0
JWW_PE,D,20141114,000000,175.725,192.599,175.725,175.818,0,0
JWW_PE,D,20141117,000000,178.552,189.394,158.944,159.038,0,0
JWW_PE,D,20141118,000000,155.55,177.138,155.55,163.752,0,0
JWW_PE,D,20141119,000000,164.977,172.896,162.997,163.092,0,0
JWW_PE,D,20141120,000000,169.031,171.671,163.657,163.752,0,0
JWW_PE,D,20141121,000000,163.657,163.657,162.997,163.092,0,0
JWW_PE,D,20141124,000000,167.711,175.158,163.657,163.752,0,0
JWW_PE,D,20141125,000000,167.711,169.785,162.337,162.432,0,0
JWW_PE,D,20141126,000000,167.994,169.313,167.146,167.146,0,0
JWW_PE,D,20141127,000000,169.031,169.031,167.051,167.146,0,0
JWW_PE,D,20141128,000000,167.711,167.711,162.337,165.731,0,0
JWW_PE,D,20141201,000000,166.391,167.711,165.826,165.92,0,0
JWW_PE,D,20141202,000000,167.051,167.146,163.657,163.752,0,0
JWW_PE,D,20141203,000000,162.997,162.997,158.284,158.378,0,0
JWW_PE,D,20141204,000000,155.739,165.26,155.739,162.432,0,0
JWW_PE,D,20141205,000000,163.94,163.94,163.752,163.752,0,0
JWW_PE,D,20141208,000000,164.977,167.146,164.317,167.146,0,0
JWW_PE,D,20141209,000000,167.051,167.146,167.051,167.146,0,0
JWW_PE,D,20141210,000000,166.768,171.765,166.768,167.146,0,0
JWW_PE,D,20141211,000000,167.051,169.031,164.977,167.805,0,0
JWW_PE,D,20141212,000000,167.711,167.805,162.337,167.805,0,0
JWW_PE,D,20141215,000000,167.711,167.805,167.711,167.805,0,0
JWW_PE,D,20141216,000000,167.711,167.711,24.2281,24.2281,0,0
JWW_PE,D,20141217,000000,22.7197,25.925,22.7197,22.7197,0,0
JWW_PE,D,20141218,000000,22.7197,22.7197,20.1744,20.1744,0,0
JWW_PE,D,20141219,000000,19.703,19.703,18.8546,18.8546,0,0
JWW_PE,D,20141222,000000,18.8546,18.9488,18.8546,18.9488,0,0
JWW_PE,D,20141223,000000,18.9488,21.6827,18.7602,18.7602,0,0
JWW_PE,D,20141229,000000,18.1004,19.6087,17.9118,18.3832,0,0
JWW_PE,D,20141230,000000,17.629,21.1171,17.629,18.4775,0,0
JWW_PE,D,20150102,000000,18.5717,18.5717,18.3832,18.3832,0,0
JWW_PE,D,20150107,000000,19.4202,19.5144,17.9118,17.9118,0,0
JWW_PE,D,20150108,000000,18.9488,18.9488,18.8546,18.8546,0,0
JWW_PE,D,20150109,000000,18.9488,19.0431,18.9488,19.0431,0,0
JWW_PE,D,20150112,000000,19.1373,19.1373,19.1373,19.1373,0,0
JWW_PE,D,20150115,000000,18.1946,18.666,18.1946,18.666,0,0
JWW_PE,D,20150119,000000,18.1946,18.666,18.1946,18.5717,0,0
JWW_PE,D,20150120,000000,18.8546,19.3259,17.8175,17.9118,0,0
JWW_PE,D,20150121,000000,17.629,17.629,17.629,17.629,0,0
JWW_PE,D,20150122,000000,17.629,20.1744,17.629,20.1744,0,0
JWW_PE,D,20150123,000000,22.1541,26.4906,22.1541,26.4906,0,0
JWW_PE,D,20150126,000000,25.2651,25.2651,25.1708,25.1708,0,0
JWW_PE,D,20150128,000000,26.7735,26.7735,24.1338,24.2281,0,0
JWW_PE,D,20150129,000000,25.2651,25.2651,25.1708,25.1708,0,0
JWW_PE,D,20150130,000000,26.3964,26.4906,26.3964,26.4906,0,0
JWW_PE,D,20150204,000000,25.2651,27.2448,25.2651,27.0562,0,0
JWW_PE,D,20150205,000000,27.0562,27.0562,27.0562,27.0562,0,0
JWW_PE,D,20150206,000000,27.0562,27.0562,27.0562,27.0562,0,0
JWW_PE,D,20150209,000000,27.0562,27.0562,27.0562,27.0562,0,0
JWW_PE,D,20150210,000000,26.3964,26.3964,24.6052,25.4537,0,0
JWW_PE,D,20150211,000000,24.2281,24.3224,22.5312,24.2281,0,0
JWW_PE,D,20150212,000000,22.7197,23.7567,21.777,21.777,0,0
JWW_PE,D,20150213,000000,22.6254,22.9083,18.3832,21.777,0,0
JWW_PE,D,20150216,000000,20.8343,20.8343,17.0634,17.1576,0,0
JWW_PE,D,20150217,000000,18.666,22.3427,17.1576,17.3462,0,0
JWW_PE,D,20150218,000000,17.3462,18.666,17.3462,18.666,0,0
JWW_PE,D,20150219,000000,17.5348,19.4202,17.5348,19.4202,0,0
JWW_PE,D,20150220,000000,19.703,24.2281,19.703,24.2281,0,0
JWW_PE,D,20150223,000000,25.2651,27.8105,16.2149,16.2149,0,0
JWW_PE,D,20150224,000000,18.2889,18.2889,15.9321,17.1576,0,0
JWW_PE,D,20150225,000000,17.4404,17.4404,16.0263,16.969,0,0
JWW_PE,D,20150226,000000,17.3462,17.3462,16.7805,16.969,0,0
JWW_PE,D,20150227,000000,16.6863,16.6863,16.0263,16.6863,0,0
JWW_PE,D,20150302,000000,16.0263,16.969,16.0263,16.969,0,0
JWW_PE,D,20150303,000000,16.969,16.969,14.4238,16.969,0,0
JWW_PE,D,20150304,000000,16.969,17.8175,16.2149,17.8175,0,0
JWW_PE,D,20150306,000000,17.8175,18.4775,17.8175,17.8175,0,0
JWW_PE,D,20150309,000000,17.5348,17.5348,17.5348,17.5348,0,0
JWW_PE,D,20150310,000000,17.8175,18.1946,17.8175,18.1946,0,0
JWW_PE,D,20150311,000000,18.1946,18.1946,15.7436,17.1576,0,0
JWW_PE,D,20150312,000000,16.2149,16.2149,16.2149,16.2149,0,0
JWW_PE,D,20150313,000000,16.2149,16.2149,13.0096,13.0096,0,0
JWW_PE,D,20150316,000000,15.0836,17.5348,15.0836,17.5348,0,0
JWW_PE,D,20150317,000000,17.5348,18.4775,17.5348,18.4775,0,0
JWW_PE,D,20150318,000000,16.2149,16.2149,13.0096,13.0096,0,0
JWW_PE,D,20150319,000000,13.1039,15.2722,13.0096,15.2722,0,0
JWW_PE,D,20150320,000000,15.0836,15.0836,15.0836,15.0836,0,0
JWW_PE,D,20150323,000000,15.0836,15.0836,13.9524,13.9524,0,0
JWW_PE,D,20150324,000000,14.3294,15.9321,10.1814,10.1814,0,0
JWW_PE,D,20150325,000000,12.2555,13.2924,12.2555,13.2924,0,0
JWW_PE,D,20150326,000000,13.2924,13.2924,12.2555,12.5382,0,0
JWW_PE,D,20150327,000000,12.5382,12.5382,10.2757,11.5013,0,0
JWW_PE,D,20150330,000000,11.5013,11.5013,11.5013,11.5013,0,0
JWW_PE,D,20150401,000000,11.5013,11.5955,11.5013,11.5955,0,0
JWW_PE,D,20150402,000000,11.7841,11.8784,11.7841,11.8784,0,0
JWW_PE,D,20150408,000000,11.8784,11.8784,11.8784,11.8784,0,0
JWW_PE,D,20150409,000000,11.6898,13.4809,11.2184,13.4809,0,0
JWW_PE,D,20150410,000000,11.8784,13.4809,11.8784,13.4809,0,0
JWW_PE,D,20150413,000000,13.0096,13.3867,12.5382,13.3867,0,0
JWW_PE,D,20150414,000000,12.7268,12.7268,12.2555,12.2555,0,0
JWW_PE,D,20150415,000000,12.2555,14.7065,11.9726,14.6123,0,0
JWW_PE,D,20150416,000000,14.8951,17.8175,14.8951,17.2519,0,0
JWW_PE,D,20150417,000000,17.2519,18.7602,17.2519,17.2519,0,0
JWW_PE,D,20150421,000000,17.2519,17.2519,17.2519,17.2519,0,0
JWW_PE,D,20150422,000000,16.969,16.969,16.969,16.969,0,0
JWW_PE,D,20150428,000000,16.6863,16.6863,16.4034,16.4034,0,0
JWW_PE,D,20150430,000000,16.3092,16.3092,16.1206,16.1206,0,0
JWW_PE,D,20150506,000000,16.1206,16.1206,16.1206,16.1206,0,0
JWW_PE,D,20150512,000000,16.1206,16.1206,16.1206,16.1206,0,0
JWW_PE,D,20150513,000000,16.1206,16.1206,16.1206,16.1206,0,0
JWW_PE,D,20150515,000000,15.9321,15.9321,15.9321,15.9321,0,0
JWW_PE,D,20150518,000000,15.7436,15.7436,15.2722,15.3665,0,0
JWW_PE,D,20150519,000000,15.3665,15.6492,14.8008,15.6492,0,0
JWW_PE,D,20150520,000000,14.8951,14.8951,14.8008,14.8008,0,0
JWW_PE,D,20150521,000000,14.8008,14.8008,14.8008,14.8008,0,0
JWW_PE,D,20150525,000000,14.8951,14.8951,14.8951,14.8951,0,0
JWW_PE,D,20150526,000000,14.8951,14.8951,14.8951,14.8951,0,0
JWW_PE,D,20150527,000000,14.8008,14.8951,14.8008,14.8951,0,0
JWW_PE,D,20150528,000000,14.8951,14.8951,14.8951,14.8951,0,0
JWW_PE,D,20150605,000000,24.2281,24.2281,24.2281,24.2281,0,0
JWW_PE,D,20150611,000000,24.2281,24.2281,24.2281,24.2281,0,0
JWW_PE,D,20150615,000000,24.2281,24.2281,24.2281,24.2281,0,0
JWW_PE,D,20150616,000000,24.2281,24.2281,24.2281,24.2281,0,0
JWW_PE,D,20150617,000000,24.2281,24.2281,22.7197,23.7567,0,0
JWW_PE,D,20150618,000000,23.7567,23.7567,23.7567,23.7567,0,0
JWW_PE,D,20150619,000000,23.851,23.851,23.7567,23.7567,0,0
JWW_PE,D,20150622,000000,23.4739,23.4739,22.1541,22.1541,0,0
JWW_PE,D,20150623,000000,22.1541,22.1541,22.1541,22.1541,0,0
JWW_PE,D,20150624,000000,21.9656,21.9656,21.9656,21.9656,0,0
JWW_PE,D,20150630,000000,22.4369,22.9083,22.4369,22.9083,0,0
JWW_PE,D,20150701,000000,22.7197,22.7197,21.5885,21.5885,0,0
JWW_PE,D,20150703,000000,21.3056,21.3056,20.74,20.74,0,0
JWW_PE,D,20150706,000000,21.0229,21.3999,21.0229,21.3999,0,0
JWW_PE,D,20150707,000000,21.3999,21.3999,21.3999,21.3999,0,0
JWW_PE,D,20150709,000000,20.74,20.74,20.74,20.74,0,0
JWW_PE,D,20150710,000000,20.6457,20.6457,20.5514,20.5514,0,0
JWW_PE,D,20150713,000000,19.9858,19.9858,19.8915,19.8915,0,0
JWW_PE,D,20150714,000000,20.4571,20.4571,19.703,19.703,0,0
JWW_PE,D,20150716,000000,19.703,19.703,19.703,19.703,0,0
JWW_PE,D,20150720,000000,19.7973,19.7973,19.7973,19.7973,0,0
JWW_PE,D,20150721,000000,19.7973,19.7973,19.7973,19.7973,0,0
JWW_PE,D,20150722,000000,19.7973,19.7973,19.7973,19.7973,0,0
JWW_PE,D,20150723,000000,19.7973,19.7973,19.7973,19.7973,0,0
JWW_PE,D,20150727,000000,19.7973,19.7973,19.7973,19.7973,0,0
JWW_PE,D,20150729,000000,20.08,23.7567,20.08,23.7567,0,0
JWW_PE,D,20150730,000000,22.4369,22.4369,22.4369,22.4369,0,0
JWW_PE,D,20150731,000000,22.7197,22.7197,22.6254,22.6254,0,0
JWW_PE,D,20150803,000000,22.5312,22.5312,22.5312,22.5312,0,0
JWW_PE,D,20150804,000000,22.6254,22.7197,22.6254,22.7197,0,0
JWW_PE,D,20150811,000000,23.191,23.191,23.191,23.191,0,0
JWW_PE,D,20150824,000000,22.4369,22.4369,20.9285,20.9285,0,0
JWW_PE,D,20150828,000000,21.5885,21.5885,21.4942,21.4942,0,0
JWW_PE,D,20150907,000000,20.6457,20.6457,20.2686,20.3629,0,0
JWW_PE,D,20150928,000000,20.1744,20.1744,18.9488,18.9488,0,0
JWW_PE,D,20151001,000000,18.666,18.666,18.1004,18.1004,0,0
JWW_PE,D,20151016,000000,18.1004,18.1004,18.1004,18.1004,0,0
JWW_PE,D,20151106,000000,18.1946,18.1946,18.1946,18.1946,0,0
JWW_PE,D,20151110,000000,18.2889,18.4775,18.2889,18.4775,0,0
JWW_PE,D,20151117,000000,18.3832,18.4775,18.3832,18.4775,0,0
JWW_PE,D,20151216,000000,33.7496,33.8439,33.7496,33.8439,0,0
JWW_PE,D,20151217,000000,33.8439,33.8439,33.8439,33.8439,0,0
JWW_PE,D,20151218,000000,33.8439,33.8439,33.8439,33.8439,0,0
JWW_PE,D,20151221,000000,33.8439,33.8439,33.8439,33.8439,0,0
JWW_PE,D,20151222,000000,33.8439,33.8439,33.8439,33.8439,0,0
JWW_PE,D,20151223,000000,33.8439,33.8439,33.8439,33.8439,0,0
JWW_PE,D,20151228,000000,33.8439,33.8439,33.8439,33.8439,0,0
JWW_PE,D,20151229,000000,33.8439,33.8439,33.8439,33.8439,0,0
JWW_PE,D,20151230,000000,33.8439,33.8439,33.8439,33.8439,0,0
JWW_PE,D,20160104,000000,33.8439,33.8439,33.8439,33.8439,0,0
JWW_PE,D,20160105,000000,33.8439,33.8439,33.8439,33.8439,0,0
JWW_PE,D,20160107,000000,33.8439,33.8439,33.8439,33.8439,0,0
JWW_PE,D,20160118,000000,32.9011,32.9011,31.9584,31.9584,0,0
JWW_PE,D,20160122,000000,31.4871,31.4871,30.8272,30.8272,0,0
JWW_PE,D,20160125,000000,29.6959,29.6959,28.2818,28.2818,0,0
JWW_PE,D,20160127,000000,27.3391,27.4333,27.3391,27.4333,0,0
JWW_PE,D,20160128,000000,27.4333,27.4333,27.4333,27.4333,0,0
JWW_PE,D,20160129,000000,27.4333,27.4333,27.4333,27.4333,0,0
JWW_PE,D,20160201,000000,26.962,26.962,23.7567,23.7567,0,0
JWW_PE,D,20160202,000000,23.5681,25.5479,23.5681,25.5479,0,0
JWW_PE,D,20160203,000000,25.5479,25.5479,25.5479,25.5479,0,0
JWW_PE,D,20160204,000000,25.5479,25.6422,25.5479,25.6422,0,0
JWW_PE,D,20160205,000000,25.5479,25.6422,25.5479,25.6422,0,0
JWW_PE,D,20160208,000000,25.5479,26.0193,25.5479,26.0193,0,0
JWW_PE,D,20160209,000000,26.0193,26.0193,26.0193,26.0193,0,0
JWW_PE,D,20160212,000000,26.1135,26.1135,26.1135,26.1135,0,0
JWW_PE,D,20160215,000000,26.4906,26.4906,26.4906,26.4906,0,0
JWW_PE,D,20160216,000000,26.4906,26.4906,26.4906,26.4906,0,0
JWW_PE,D,20160217,000000,26.4906,26.4906,26.4906,26.4906,0,0
JWW_PE,D,20160219,000000,26.4906,26.4906,26.4906,26.4906,0,0
JWW_PE,D,20160224,000000,9.89859,9.89859,9.89859,9.89859,0,0
JWW_PE,D,20160225,000000,9.89859,10.1814,9.89859,10.0872,0,0
JWW_PE,D,20160226,000000,10.0872,10.0872,10.0872,10.0872,0,0
JWW_PE,D,20160229,000000,10.0872,10.0872,10.0872,10.0872,0,0
JWW_PE,D,20160301,000000,10.0872,10.0872,9.80434,10.0872,0,0
JWW_PE,D,20160302,000000,10.0872,10.1814,9.71009,10.1814,0,0
JWW_PE,D,20160303,000000,9.80434,9.80434,9.71009,9.71009,0,0
JWW_PE,D,20160304,000000,9.80434,9.80434,8.01318,9.71009,0,0
JWW_PE,D,20160307,000000,9.61581,9.61581,9.42727,9.61581,0,0
JWW_PE,D,20160308,000000,9.71009,9.71009,9.71009,9.71009,0,0
JWW_PE,D,20160309,000000,9.71009,9.80434,9.71009,9.71009,0,0
JWW_PE,D,20160310,000000,9.71009,9.80434,9.71009,9.80434,0,0
JWW_PE,D,20160311,000000,9.71009,9.71009,9.61581,9.61581,0,0
JWW_PE,D,20160314,000000,9.61581,9.61581,9.61581,9.61581,0,0
JWW_PE,D,20160315,000000,8.9559,9.23872,8.9559,9.23872,0,0
JWW_PE,D,20160316,000000,9.23872,9.33299,9.23872,9.33299,0,0
JWW_PE,D,20160317,000000,9.23872,9.23872,9.05018,9.05018,0,0
JWW_PE,D,20160318,000000,9.05018,9.05018,9.05018,9.05018,0,0
JWW_PE,D,20160321,000000,9.05018,9.05018,9.05018,9.05018,0,0
JWW_PE,D,20160322,000000,9.05018,9.05018,9.05018,9.05018,0,0
JWW_PE,D,20160323,000000,9.05018,9.14445,9.05018,9.14445,0,0
JWW_PE,D,20160324,000000,9.14445,9.99294,9.14445,9.99294,0,0
JWW_PE,D,20160329,000000,9.99294,9.99294,9.80434,9.80434,0,0
JWW_PE,D,20160330,000000,9.80434,9.80434,9.61581,9.61581,0,0
JWW_PE,D,20160331,000000,9.52154,11.407,9.05018,11.407,0,0
JWW_PE,D,20160401,000000,10.5586,11.8784,9.23872,11.8784,0,0
JWW_PE,D,20160404,000000,11.0299,11.0299,10.5586,10.5586,0,0
JWW_PE,D,20160405,000000,10.7471,10.7471,10.7471,10.7471,0,0
JWW_PE,D,20160406,000000,10.7471,10.7471,9.71009,9.71009,0,0
JWW_PE,D,20160407,000000,9.71009,10.5586,9.71009,10.4643,0,0
JWW_PE,D,20160408,000000,10.2757,10.9357,10.2757,10.9357,0,0
JWW_PE,D,20160411,000000,10.9357,11.1242,10.9357,11.0299,0,0
JWW_PE,D,20160412,000000,11.0299,11.8784,11.0299,11.8784,0,0
JWW_PE,D,20160413,000000,12.0669,12.0669,12.0669,12.0669,0,0
JWW_PE,D,20160414,000000,12.0669,12.0669,12.0669,12.0669,0,0
JWW_PE,D,20160418,000000,12.0669,13.0096,12.0669,12.9153,0,0
JWW_PE,D,20160419,000000,12.9153,13.5753,12.9153,13.5753,0,0
JWW_PE,D,20160420,000000,13.7638,13.7638,13.7638,13.7638,0,0
JWW_PE,D,20160421,000000,13.7638,13.8581,12.9153,13.0096,0,0
JWW_PE,D,20160422,000000,13.1039,13.1982,13.1039,13.1982,0,0
JWW_PE,D,20160425,000000,13.1982,13.1982,13.1982,13.1982,0,0
JWW_PE,D,20160426,000000,13.1982,13.1982,13.1982,13.1982,0,0
JWW_PE,D,20160429,000000,13.1039,13.1039,13.1039,13.1039,0,0
JWW_PE,D,20160502,000000,13.1039,13.2924,13.1039,13.2924,0,0
JWW_PE,D,20160504,000000,13.2924,13.2924,13.2924,13.2924,0,0
JWW_PE,D,20160505,000000,13.2924,13.2924,13.2924,13.2924,0,0
JWW_PE,D,20160509,000000,13.2924,13.2924,13.2924,13.2924,0,0
JWW_PE,D,20160511,000000,13.3867,13.3867,13.3867,13.3867,0,0
JWW_PE,D,20160512,000000,13.3867,13.3867,13.3867,13.3867,0,0
JWW_PE,D,20160513,000000,13.1039,13.3867,12.9153,12.9153,0,0
JWW_PE,D,20160516,000000,13.1039,13.1039,13.1039,13.1039,0,0
JWW_PE,D,20160520,000000,12.9153,12.9153,12.9153,12.9153,0,0
JWW_PE,D,20160523,000000,12.444,12.9153,10.8414,11.5955,0,0
JWW_PE,D,20160525,000000,11.7841,11.7841,11.7841,11.7841,0,0
JWW_PE,D,20160527,000000,11.3128,11.6898,11.3128,11.6898,0,0
JWW_PE,D,20160531,000000,8.01318,8.10745,8.01318,8.10745,0,0
JWW_PE,D,20160609,000000,8.01318,8.01318,7.73036,7.73036,0,0
JWW_PE,D,20160610,000000,7.73036,7.73036,7.73036,7.73036,0,0
JWW_PE,D,20160613,000000,7.82463,7.82463,7.82463,7.82463,0,0
JWW_PE,D,20160614,000000,7.82463,7.82463,7.82463,7.82463,0,0
JWW_PE,D,20160616,000000,7.82463,7.82463,7.82463,7.82463,0,0
JWW_PE,D,20160617,000000,7.82463,7.82463,7.82463,7.82463,0,0
JWW_PE,D,20160621,000000,7.82463,7.82463,7.82463,7.82463,0,0
JWW_PE,D,20160623,000000,7.73036,7.82463,7.73036,7.82463,0,0
JWW_PE,D,20160624,000000,7.82463,7.82463,7.73036,7.82463,0,0
JWW_PE,D,20160627,000000,7.82463,7.82463,7.82463,7.82463,0,0
JWW_PE,D,20160630,000000,7.9189,8.01318,7.9189,8.01318,0,0
JWW_PE,D,20160704,000000,7.9189,7.9189,7.44754,7.44754,0,0
JWW_PE,D,20160705,000000,7.44754,7.54181,7.44754,7.54181,0,0
JWW_PE,D,20160712,000000,7.25899,7.63609,7.25899,7.63609,0,0
JWW_PE,D,20160714,000000,7.54181,7.54181,7.54181,7.54181,0,0
JWW_PE,D,20160718,000000,7.25899,8.10745,7.25899,7.82463,0,0
JWW_PE,D,20160719,000000,7.73036,9.05018,7.73036,9.05018,0,0
JWW_PE,D,20160720,000000,7.9189,9.05018,7.25899,8.9559,0,0
JWW_PE,D,20160721,000000,8.9559,8.9559,8.9559,8.9559,0,0
JWW_PE,D,20160722,000000,8.76736,8.76736,8.296,8.296,0,0
JWW_PE,D,20160725,000000,8.57881,8.57881,8.01318,8.01318,0,0
JWW_PE,D,20160726,000000,8.01318,8.01318,8.01318,8.01318,0,0
JWW_PE,D,20160727,000000,8.10745,8.296,8.10745,8.296,0,0
JWW_PE,D,20160729,000000,8.39027,8.39027,8.296,8.296,0,0
JWW_PE,D,20160803,000000,8.296,8.296,7.9189,7.9189,0,0
JWW_PE,D,20160805,000000,8.01318,8.20172,8.01318,8.20172,0,0
JWW_PE,D,20160808,000000,8.10745,8.20172,7.54181,7.54181,0,0
JWW_PE,D,20160810,000000,7.54181,7.54181,7.54181,7.54181,0,0
JWW_PE,D,20160816,000000,7.63609,8.9559,7.63609,8.10745,0,0
JWW_PE,D,20160817,000000,8.10745,11.0299,8.10745,11.0299,0,0
JWW_PE,D,20160818,000000,11.0299,11.0299,11.0299,11.0299,0,0
JWW_PE,D,20160819,000000,11.0299,11.0299,10.4643,10.4643,0,0
JWW_PE,D,20160822,000000,10.6528,11.0299,10.6528,11.0299,0,0
JWW_PE,D,20160823,000000,10.1814,10.37,10.1814,10.37,0,0
JWW_PE,D,20160825,000000,10.37,10.37,10.37,10.37,0,0
JWW_PE,D,20160826,000000,10.5586,10.9357,10.2757,10.2757,0,0
JWW_PE,D,20160829,000000,10.8414,10.8414,10.8414,10.8414,0,0
JWW_PE,D,20160831,000000,10.8414,10.8414,10.8414,10.8414,0,0
JWW_PE,D,20160902,000000,10.9357,10.9357,10.9357,10.9357,0,0
JWW_PE,D,20160909,000000,10.2757,10.7471,10.2757,10.7471,0,0
JWW_PE,D,20160913,000000,10.7471,10.7471,9.89859,9.99294,0,0
JWW_PE,D,20160922,000000,9.99294,9.99294,9.99294,9.99294,0,0
JWW_PE,D,20160926,000000,9.80434,9.80434,9.80434,9.80434,0,0
JWW_PE,D,20160930,000000,9.52154,11.3128,9.52154,11.3128,0,0
JWW_PE,D,20161003,000000,10.4643,10.4643,9.99294,10.1814,0,0
JWW_PE,D,20161004,000000,10.37,10.37,10.37,10.37,0,0
JWW_PE,D,20161005,000000,10.37,10.37,10.0872,10.0872,0,0
JWW_PE,D,20161006,000000,10.0872,10.0872,10.0872,10.0872,0,0
JWW_PE,D,20161007,000000,9.80434,9.80434,9.71009,9.71009,0,0
JWW_PE,D,20161011,000000,9.33299,9.33299,9.23872,9.23872,0,0
JWW_PE,D,20161013,000000,9.33299,9.33299,9.05018,9.05018,0,0
JWW_PE,D,20161017,000000,8.67309,8.67309,8.57881,8.67309,0,0
JWW_PE,D,20161018,000000,8.48454,8.57881,8.48454,8.57881,0,0
JWW_PE,D,20161019,000000,8.296,8.39027,8.296,8.39027,0,0
JWW_PE,D,20161020,000000,8.10745,8.20172,8.10745,8.20172,0,0
JWW_PE,D,20161021,000000,7.9189,7.9189,7.82463,7.82463,0,0
JWW_PE,D,20161025,000000,7.82463,8.39027,7.82463,8.39027,0,0
JWW_PE,D,20161027,000000,8.39027,9.52154,8.39027,9.52154,0,0
JWW_PE,D,20161028,000000,9.33299,9.33299,9.33299,9.33299,0,0
JWW_PE,D,20161102,000000,8.86163,8.86163,8.86163,8.86163,0,0
JWW_PE,D,20161107,000000,8.57881,8.57881,8.296,8.296,0,0
JWW_PE,D,20161108,000000,8.01318,8.20172,8.01318,8.20172,0,0
JWW_PE,D,20161109,000000,8.01318,8.57881,7.9189,7.9189,0,0
JWW_PE,D,20161110,000000,7.9189,7.9189,7.9189,7.9189,0,0
JWW_PE,D,20161114,000000,7.9189,7.9189,7.63609,7.63609,0,0
JWW_PE,D,20161115,000000,7.54181,7.54181,7.54181,7.54181,0,0
JWW_PE,D,20161117,000000,7.25899,7.25899,7.25899,7.25899,0,0
JWW_PE,D,20161118,000000,7.25899,7.25899,7.16472,7.25899,0,0
JWW_PE,D,20161121,000000,7.07045,7.16472,7.07045,7.16472,0,0
JWW_PE,D,20161125,000000,11.0299,11.0299,11.0299,11.0299,0,0
JWW_PE,D,20161130,000000,10.6528,10.9357,10.6528,10.8414,0,0
JWW_PE,D,20161201,000000,10.4643,11.1242,10.2757,11.1242,0,0
JWW_PE,D,20161205,000000,10.37,10.5586,10.37,10.5586,0,0
JWW_PE,D,20161207,000000,10.4643,11.1242,10.4643,11.1242,0,0
JWW_PE,D,20161208,000000,11.1242,11.5013,11.1242,11.407,0,0
JWW_PE,D,20161209,000000,11.5013,12.0669,11.5013,11.7841,0,0
JWW_PE,D,20161212,000000,11.7841,12.0669,11.7841,12.0669,0,0
JWW_PE,D,20161213,000000,12.0669,12.8211,12.0669,12.8211,0,0
JWW_PE,D,20161214,000000,12.8211,13.4809,12.8211,13.4809,0,0
JWW_PE,D,20161215,000000,13.4809,14.518,13.4809,14.518,0,0
JWW_PE,D,20161216,000000,14.518,15.9321,13.5753,15.6492,0,0
JWW_PE,D,20161219,000000,15.555,17.2519,14.8008,16.969,0,0
JWW_PE,D,20161220,000000,16.969,17.8175,16.969,17.8175,0,0
JWW_PE,D,20161221,000000,17.8175,19.703,16.4977,18.1946,0,0
JWW_PE,D,20161222,000000,18.1946,18.5717,17.2519,17.629,0,0
JWW_PE,D,20161223,000000,17.629,18.4775,17.2519,18.4775,0,0
JWW_PE,D,20161227,000000,18.4775,19.703,18.4775,19.703,0,0
JWW_PE,D,20161228,000000,18.8546,18.8546,18.4775,18.8546,0,0
JWW_PE,D,20161229,000000,18.9488,19.2316,18.5717,18.8546,0,0
JWW_PE,D,20161230,000000,18.9488,19.2316,18.7602,19.2316,0,0
JWW_PE,D,20170102,000000,18.1946,18.9488,16.4977,18.9488,0,0
JWW_PE,D,20170103,000000,18.9488,18.9488,18.4775,18.4775,0,0
JWW_PE,D,20170104,000000,18.4775,18.4775,17.7233,18.4775,0,0
JWW_PE,D,20170105,000000,18.4775,18.4775,18.4775,18.4775,0,0
JWW_PE,D,20170109,000000,18.2889,18.2889,18.1946,18.1946,0,0
JWW_PE,D,20170110,000000,18.1946,18.1946,17.2519,17.2519,0,0
JWW_PE,D,20170116,000000,18.1946,18.4775,18.1946,18.3832,0,0
JWW_PE,D,20170117,000000,18.2889,18.3832,18.2889,18.3832,0,0
JWW_PE,D,20170118,000000,18.3832,18.3832,17.629,18.1946,0,0
JWW_PE,D,20170119,000000,18.1004,18.1004,17.2519,17.2519,0,0
JWW_PE,D,20170120,000000,16.7805,16.7805,16.4034,16.4034,0,0
JWW_PE,D,20170123,000000,16.4034,16.4034,16.4034,16.4034,0,0
JWW_PE,D,20170124,000000,16.4034,16.4034,16.4034,16.4034,0,0
JWW_PE,D,20170125,000000,16.4977,16.592,16.4977,16.592,0,0
JWW_PE,D,20170126,000000,16.4977,16.4977,15.2722,15.2722,0,0
JWW_PE,D,20170127,000000,15.7436,15.9321,15.7436,15.7436,0,0
JWW_PE,D,20170130,000000,15.2722,15.2722,15.1779,15.1779,0,0
JWW_PE,D,20170131,000000,15.1779,15.1779,15.1779,15.1779,0,0
JWW_PE,D,20170201,000000,15.0836,15.1779,15.0836,15.1779,0,0
JWW_PE,D,20170202,000000,15.0836,15.0836,15.0836,15.0836,0,0
JWW_PE,D,20170203,000000,14.4238,15.0836,13.7638,14.8951,0,0
JWW_PE,D,20170206,000000,14.8008,14.8008,14.8008,14.8008,0,0
JWW_PE,D,20170207,000000,14.8008,14.8008,13.5753,13.5753,0,0
JWW_PE,D,20170208,000000,12.9153,14.4238,12.9153,14.4238,0,0
JWW_PE,D,20170209,000000,14.518,15.0836,13.5753,14.4238,0,0
JWW_PE,D,20170210,000000,14.4238,14.4238,14.3294,14.4238,0,0
JWW_PE,D,20170213,000000,13.5753,14.2352,12.3497,13.9524,0,0
JWW_PE,D,20180605,000000,16.592,16.592,16.592,16.592,0,0
JWW_PE,D,20180606,000000,16.592,16.592,16.592,16.592,0,0
JWW_PE,D,20180607,000000,16.592,16.592,16.592,16.592,0,0
JWW_PE,D,20180608,000000,16.592,16.592,16.592,16.592,0,0
JWW_PE,D,20180611,000000,16.592,16.592,16.592,16.592,0,0
JWW_PE,D,20180612,000000,16.592,16.592,16.592,16.592,0,0
JWW_PE,D,20180613,000000,16.592,16.592,16.592,16.592,0,0
JWW_PE,D,20180614,000000,16.592,16.592,16.592,16.592,0,0
JWW_PE,D,20180615,000000,16.592,16.592,16.592,16.592,0,0
JWW_PE,D,20180618,000000,16.6863,16.6863,15.1779,15.1779,0,0
JWW_PE,D,20180619,000000,15.4607,15.4607,15.4607,15.4607,0,0
JWW_PE,D,20180620,000000,15.4607,15.4607,14.518,14.518,0,0
JWW_PE,D,20180621,000000,13.8581,13.8581,13.7638,13.7638,0,0
JWW_PE,D,20180622,000000,13.7638,13.7638,13.7638,13.7638,0,0
JWW_PE,D,20180627,000000,14.0467,14.0467,14.0467,14.0467,0,0
JWW_PE,D,20180628,000000,13.8581,13.9524,13.8581,13.9524,0,0
JWW_PE,D,20180629,000000,13.9524,13.9524,13.9524,13.9524,0,0
JWW_PE,D,20180702,000000,13.9524,13.9524,13.9524,13.9524,0,0
JWW_PE,D,20180703,000000,14.1409,14.1409,14.0467,14.0467,0,0
JWW_PE,D,20180704,000000,13.8581,13.9524,13.8581,13.9524,0,0
JWW_PE,D,20180705,000000,13.9524,13.9524,13.9524,13.9524,0,0
JWW_PE,D,20180706,000000,13.9524,14.1409,13.9524,14.0467,0,0
JWW_PE,D,20180709,000000,14.0467,14.0467,14.0467,14.0467,0,0
JWW_PE,D,20180710,000000,14.0467,14.0467,14.0467,14.0467,0,0
JWW_PE,D,20180711,000000,14.1409,14.2352,14.1409,14.2352,0,0
JWW_PE,D,20180712,000000,14.2352,14.2352,14.2352,14.2352,0,0
JWW_PE,D,20180717,000000,13.8581,14.8951,13.8581,14.8951,0,0
JWW_PE,D,20180718,000000,14.518,14.8008,14.518,14.8008,0,0
JWW_PE,D,20180719,000000,14.8008,14.8008,14.8008,14.8008,0,0
JWW_PE,D,20180720,000000,15.0836,15.0836,14.9894,14.9894,0,0
JWW_PE,D,20180723,000000,14.9894,15.1779,14.9894,15.1779,0,0
JWW_PE,D,20180724,000000,15.1779,15.1779,15.1779,15.1779,0,0
JWW_PE,D,20180725,000000,15.1779,15.1779,15.1779,15.1779,0,0
JWW_PE,D,20180726,000000,15.1779,15.8378,15.1779,15.8378,0,0
JWW_PE,D,20180727,000000,15.8378,15.8378,15.8378,15.8378,0,0
JWW_PE,D,20180806,000000,15.8378,15.8378,15.8378,15.8378,0,0
JWW_PE,D,20180807,000000,15.1779,16.1206,15.1779,16.1206,0,0
JWW_PE,D,20180808,000000,16.3092,16.3092,16.3092,16.3092,0,0
JWW_PE,D,20180809,000000,16.3092,16.3092,16.3092,16.3092,0,0
JWW_PE,D,20180810,000000,16.4034,16.4034,16.4034,16.4034,0,0
JWW_PE,D,20180813,000000,16.4034,16.4034,16.4034,16.4034,0,0
JWW_PE,D,20180814,000000,16.4034,16.4034,16.4034,16.4034,0,0
JWW_PE,D,20180816,000000,16.4034,16.4034,16.4034,16.4034,0,0
JWW_PE,D,20180817,000000,16.4034,16.4034,16.4034,16.4034,0,0
JWW_PE,D,20180820,000000,16.4034,16.6863,16.4034,16.6863,0,0
JWW_PE,D,20180821,000000,16.6863,16.6863,16.6863,16.6863,0,0
JWW_PE,D,20180822,000000,16.4977,16.4977,15.2722,15.2722,0,0
JWW_PE,D,20180823,000000,15.2722,15.2722,14.4238,14.518,0,0
JWW_PE,D,20180824,000000,15.1779,15.1779,14.3294,14.3294,0,0
JWW_PE,D,20180827,000000,14.0467,14.8951,14.0467,14.8951,0,0
JWW_PE,D,20180828,000000,14.8951,14.8951,14.8951,14.8951,0,0
JWW_PE,D,20180829,000000,14.8951,14.8951,14.8951,14.8951,0,0
JWW_PE,D,20180830,000000,14.8951,14.8951,14.8951,14.8951,0,0
JWW_PE,D,20180831,000000,14.8951,14.8951,14.8951,14.8951,0,0
JWW_PE,D,20180903,000000,14.8951,14.8951,14.7065,14.8008,0,0
JWW_PE,D,20180904,000000,14.8008,14.8008,14.8008,14.8008,0,0
JWW_PE,D,20180905,000000,14.8008,14.8008,14.8008,14.8008,0,0
JWW_PE,D,20180906,000000,14.8008,14.8008,14.8008,14.8008,0,0
JWW_PE,D,20180907,000000,14.8008,14.8008,14.8008,14.8008,0,0
JWW_PE,D,20180910,000000,14.8951,14.8951,14.8951,14.8951,0,0
JWW_PE,D,20180911,000000,14.8951,14.8951,14.518,14.518,0,0
JWW_PE,D,20180912,000000,14.8951,14.8951,14.8008,14.8008,0,0
JWW_PE,D,20180913,000000,14.8951,15.0836,14.8951,14.9894,0,0
JWW_PE,D,20180914,000000,14.9894,15.1779,14.9894,15.1779,0,0
JWW_PE,D,20180917,000000,15.1779,15.1779,15.1779,15.1779,0,0
JWW_PE,D,20180918,000000,15.1779,15.1779,15.1779,15.1779,0,0
JWW_PE,D,20180919,000000,15.1779,15.1779,13.9524,13.9524,0,0
JWW_PE,D,20180920,000000,13.9524,14.1409,13.9524,14.0467,0,0
JWW_PE,D,20180921,000000,14.6123,14.6123,13.8581,14.6123,0,0
JWW_PE,D,20180924,000000,14.6123,14.6123,14.6123,14.6123,0,0
JWW_PE,D,20180925,000000,14.6123,14.6123,14.6123,14.6123,0,0
JWW_PE,D,20180926,000000,14.6123,14.6123,14.6123,14.6123,0,0
JWW_PE,D,20180927,000000,14.6123,14.6123,14.6123,14.6123,0,0
JWW_PE,D,20180928,000000,14.6123,14.6123,14.6123,14.6123,0,0
JWW_PE,D,20181001,000000,14.6123,14.6123,13.7638,13.7638,0,0
JWW_PE,D,20181002,000000,14.6123,14.6123,14.6123,14.6123,0,0
JWW_PE,D,20181003,000000,14.6123,14.6123,14.6123,14.6123,0,0
JWW_PE,D,20181130,000000,8.39027,8.39027,8.39027,8.39027,0,0
JWW_PE,D,20181203,000000,8.39027,8.39027,8.39027,8.39027,0,0
JWW_PE,D,20181204,000000,8.39027,8.57881,8.39027,8.57881,0,0
JWW_PE,D,20181217,000000,8.39027,8.39027,8.39027,8.39027,0,0
JWW_PE,D,20181218,000000,8.57881,8.57881,8.10745,8.10745,0,0
JWW_PE,D,20181219,000000,8.39027,8.48454,8.39027,8.48454,0,0
JWW_PE,D,20181220,000000,8.39027,8.48454,8.39027,8.48454,0,0
JWW_PE,D,20181221,000000,8.48454,8.48454,8.48454,8.48454,0,0
JWW_PE,D,20181227,000000,8.48454,8.48454,8.48454,8.48454,0,0
JWW_PE,D,20181228,000000,8.48454,8.48454,8.48454,8.48454,0,0
JWW_PE,D,20190102,000000,8.76736,8.76736,8.76736,8.76736,0,0
JWW_PE,D,20190103,000000,8.76736,8.76736,8.76736,8.76736,0,0
JWW_PE,D,20190104,000000,8.76736,8.76736,8.76736,8.76736,0,0
JWW_PE,D,20190107,000000,8.76736,8.76736,8.76736,8.76736,0,0
JWW_PE,D,20190108,000000,8.76736,8.76736,8.76736,8.76736,0,0
JWW_PE,D,20190109,000000,8.76736,8.76736,8.76736,8.76736,0,0
JWW_PE,D,20190110,000000,8.76736,8.76736,8.76736,8.76736,0,0
JWW_PE,D,20190111,000000,8.76736,8.76736,8.76736,8.76736,0,0
JWW_PE,D,20190114,000000,8.76736,8.76736,8.76736,8.76736,0,0
JWW_PE,D,20190115,000000,8.76736,8.76736,8.76736,8.76736,0,0
JWW_PE,D,20190116,000000,8.76736,8.76736,8.76736,8.76736,0,0
JWW_PE,D,20190117,000000,8.76736,8.76736,8.76736,8.76736,0,0
JWW_PE,D,20190118,000000,8.67309,8.67309,8.67309,8.67309,0,0
JWW_PE,D,20190121,000000,8.67309,8.67309,8.67309,8.67309,0,0
JWW_PE,D,20190122,000000,8.67309,8.67309,8.67309,8.67309,0,0
JWW_PE,D,20190123,000000,8.67309,8.67309,8.67309,8.67309,0,0
JWW_PE,D,20190124,000000,8.67309,8.67309,8.67309,8.67309,0,0
JWW_PE,D,20190125,000000,8.67309,8.67309,8.67309,8.67309,0,0
JWW_PE,D,20190131,000000,8.86163,8.86163,8.86163,8.86163,0,0
JWW_PE,D,20190201,000000,8.86163,8.86163,8.86163,8.86163,0,0
JWW_PE,D,20190204,000000,8.86163,8.86163,8.86163,8.86163,0,0
JWW_PE,D,20190205,000000,8.86163,8.9559,8.86163,8.86163,0,0
JWW_PE,D,20190206,000000,8.86163,8.86163,8.86163,8.86163,0,0
JWW_PE,D,20190207,000000,8.86163,8.86163,8.86163,8.86163,0,0
JWW_PE,D,20190208,000000,8.86163,8.86163,8.86163,8.86163,0,0
JWW_PE,D,20190211,000000,8.86163,8.86163,8.86163,8.86163,0,0
JWW_PE,D,20190212,000000,8.86163,8.86163,8.86163,8.86163,0,0
JWW_PE,D,20190213,000000,8.9559,8.9559,8.86163,8.86163,0,0
JWW_PE,D,20190215,000000,8.86163,8.86163,8.86163,8.86163,0,0
JWW_PE,D,20190218,000000,8.86163,8.86163,8.86163,8.86163,0,0
JWW_PE,D,20190219,000000,8.86163,8.86163,8.86163,8.86163,0,0
JWW_PE,D,20190220,000000,8.86163,8.86163,8.86163,8.86163,0,0
JWW_PE,D,20190221,000000,8.86163,8.86163,8.86163,8.86163,0,0
JWW_PE,D,20190222,000000,8.86163,9.05018,8.86163,8.9559,0,0
JWW_PE,D,20190225,000000,9.05018,9.05018,9.05018,9.05018,0,0
JWW_PE,D,20190226,000000,9.05018,9.23872,9.05018,9.23872,0,0
JWW_PE,D,20190227,000000,9.23872,9.23872,9.23872,9.23872,0,0
JWW_PE,D,20190228,000000,9.23872,9.23872,8.86163,9.23872,0,0
JWW_PE,D,20190301,000000,9.23872,9.23872,9.23872,9.23872,0,0
JWW_PE,D,20190307,000000,8.57881,8.57881,8.57881,8.57881,0,0
JWW_PE,D,20190308,000000,8.86163,9.23872,8.86163,9.14445,0,0
JWW_PE,D,20190311,000000,9.14445,9.14445,9.14445,9.14445,0,0
JWW_PE,D,20190312,000000,9.14445,9.14445,9.14445,9.14445,0,0
JWW_PE,D,20190313,000000,9.14445,9.14445,9.14445,9.14445,0,0
JWW_PE,D,20190314,000000,9.14445,9.14445,8.48454,8.48454,0,0
JWW_PE,D,20190315,000000,8.48454,8.48454,8.48454,8.48454,0,0
JWW_PE,D,20190320,000000,8.9559,8.9559,8.9559,8.9559,0,0
JWW_PE,D,20190321,000000,8.9559,8.9559,8.9559,8.9559,0,0
JWW_PE,D,20190322,000000,8.9559,8.9559,8.9559,8.9559,0,0
JWW_PE,D,20190325,000000,8.9559,8.9559,8.9559,8.9559,0,0
JWW_PE,D,20190326,000000,8.57881,8.76736,8.57881,8.67309,0,0
JWW_PE,D,20190328,000000,8.86163,8.86163,8.86163,8.86163,0,0
JWW_PE,D,20190329,000000,8.86163,8.86163,8.86163,8.86163,0,0
JWW_PE,D,20190402,000000,8.86163,8.86163,8.86163,8.86163,0,0
JWW_PE,D,20190403,000000,8.86163,8.86163,8.86163,8.86163,0,0
JWW_PE,D,20190404,000000,8.86163,8.86163,8.86163,8.86163,0,0
JWW_PE,D,20190405,000000,8.86163,8.86163,8.39027,8.39027,0,0
JWW_PE,D,20190408,000000,8.39027,8.86163,8.39027,8.86163,0,0
JWW_PE,D,20190409,000000,8.86163,8.86163,8.86163,8.86163,0,0
JWW_PE,D,20190415,000000,8.57881,8.57881,8.57881,8.57881,0,0
JWW_PE,D,20190416,000000,8.67309,8.67309,8.67309,8.67309,0,0
JWW_PE,D,20190417,000000,8.67309,8.67309,8.67309,8.67309,0,0
JWW_PE,D,20190418,000000,8.67309,8.67309,8.67309,8.67309,0,0
JWW_PE,D,20190423,000000,8.67309,8.67309,8.67309,8.67309,0,0
JWW_PE,D,20190424,000000,8.67309,8.67309,8.67309,8.67309,0,0
JWW_PE,D,20190425,000000,8.67309,8.67309,8.67309,8.67309,0,0
JWW_PE,D,20190426,000000,8.67309,8.67309,8.67309,8.67309,0,0
JWW_PE,D,20190429,000000,8.67309,8.76736,8.67309,8.76736,0,0
JWW_PE,D,20190430,000000,8.67309,8.67309,8.67309,8.67309,0,0
JWW_PE,D,20190502,000000,8.67309,8.67309,8.67309,8.67309,0,0
JWW_PE,D,20190506,000000,8.67309,8.67309,6.03345,6.03345,0,0
JWW_PE,D,20190507,000000,6.03345,6.03345,6.03345,6.03345,0,0
JWW_PE,D,20190508,000000,6.03345,6.03345,6.03345,6.03345,0,0
JWW_PE,D,20190509,000000,6.03345,6.03345,6.03345,6.03345,0,0
JWW_PE,D,20190510,000000,6.03345,6.03345,6.03345,6.03345,0,0
JWW_PE,D,20190513,000000,6.03345,6.03345,6.03345,6.03345,0,0
JWW_PE,D,20190514,000000,6.03345,6.03345,6.03345,6.03345,0,0
JWW_PE,D,20190515,000000,6.12773,6.12773,6.03345,6.03345,0,0
JWW_PE,D,20190516,000000,6.03345,6.03345,6.03345,6.03345,0,0
JWW_PE,D,20190517,000000,6.03345,6.03345,6.03345,6.03345,0,0
JWW_PE,D,20190520,000000,6.03345,6.03345,6.03345,6.03345,0,0
JWW_PE,D,20190521,000000,6.03345,6.03345,5.93918,6.03345,0,0
JWW_PE,D,20190522,000000,6.03345,6.03345,6.03345,6.03345,0,0
JWW_PE,D,20190523,000000,6.03345,6.03345,6.03345,6.03345,0,0
JWW_PE,D,20190524,000000,6.12773,6.222,6.03345,6.12773,0,0
JWW_PE,D,20190527,000000,6.03345,6.12773,6.03345,6.12773,0,0
JWW_PE,D,20190528,000000,6.222,6.222,6.222,6.222,0,0
JWW_PE,D,20190529,000000,6.222,6.222,6.222,6.222,0,0
JWW_PE,D,20190530,000000,6.222,6.222,6.222,6.222,0,0
JWW_PE,D,20190531,000000,6.222,6.222,6.222,6.222,0,0
JWW_PE,D,20190603,000000,6.222,6.222,4.90218,4.90218,0,0
JWW_PE,D,20190604,000000,4.90218,5.09072,4.90218,5.09072,0,0
JWW_PE,D,20190605,000000,5.18499,5.27927,5.18499,5.27927,0,0
JWW_PE,D,20190606,000000,5.37354,5.37354,5.37354,5.37354,0,0
JWW_PE,D,20190607,000000,5.37354,5.46782,5.37354,5.46782,0,0
JWW_PE,D,20190610,000000,5.46782,5.46782,5.46782,5.46782,0,0
JWW_PE,D,20190611,000000,5.46782,5.46782,5.46782,5.46782,0,0
JWW_PE,D,20190612,000000,5.46782,5.46782,5.46782,5.46782,0,0
JWW_PE,D,20190613,000000,5.46782,5.46782,5.27927,5.27927,0,0
JWW_PE,D,20190619,000000,5.46782,5.46782,5.18499,5.18499,0,0
JWW_PE,D,20190621,000000,5.37354,5.46782,5.37354,5.46782,0,0
JWW_PE,D,20190624,000000,5.46782,5.46782,5.18499,5.37354,0,0
JWW_PE,D,20190625,000000,5.37354,5.37354,5.37354,5.37354,0,0
JWW_PE,D,20190626,000000,5.37354,5.37354,5.37354,5.37354,0,0
JWW_PE,D,20190627,000000,5.37354,5.37354,5.37354,5.37354,0,0
JWW_PE,D,20190628,000000,5.37354,5.37354,5.37354,5.37354,0,0
JWW_PE,D,20190702,000000,5.37354,5.37354,5.37354,5.37354,0,0
JWW_PE,D,20190703,000000,5.37354,5.37354,5.37354,5.37354,0,0
JWW_PE,D,20190704,000000,5.37354,5.37354,5.37354,5.37354,0,0
JWW_PE,D,20190705,000000,5.37354,5.37354,5.27927,5.27927,0,0
JWW_PE,D,20190708,000000,5.27927,5.37354,5.27927,5.37354,0,0
JWW_PE,D,20190709,000000,5.37354,5.37354,5.37354,5.37354,0,0
JWW_PE,D,20190710,000000,5.37354,5.37354,5.37354,5.37354,0,0
JWW_PE,D,20190711,000000,5.18499,5.37354,4.99645,4.99645,0,0
JWW_PE,D,20190712,000000,4.99645,4.99645,4.99645,4.99645,0,0
JWW_PE,D,20190715,000000,4.99645,4.99645,4.99645,4.99645,0,0
JWW_PE,D,20190716,000000,4.99645,5.09072,4.99645,5.09072,0,0
JWW_PE,D,20190717,000000,5.09072,5.09072,5.09072,5.09072,0,0
JWW_PE,D,20190718,000000,5.09072,5.09072,5.09072,5.09072,0,0
JWW_PE,D,20190722,000000,5.09072,5.09072,5.09072,5.09072,0,0
JWW_PE,D,20190723,000000,5.09072,5.09072,4.90218,4.90218,0,0
JWW_PE,D,20190724,000000,4.90218,4.90218,4.90218,4.90218,0,0
JWW_PE,D,20190725,000000,4.90218,4.90218,4.90218,4.90218,0,0
JWW_PE,D,20190726,000000,4.90218,4.99645,4.90218,4.99645,0,0
JWW_PE,D,20190730,000000,4.99645,4.99645,4.99645,4.99645,0,0
JWW_PE,D,20190731,000000,4.99645,5.09072,4.99645,5.09072,0,0
JWW_PE,D,20190801,000000,4.99645,4.99645,4.99645,4.99645,0,0
JWW_PE,D,20190802,000000,4.71364,4.71364,4.71364,4.71364,0,0
JWW_PE,D,20190806,000000,5.09072,5.09072,4.80791,4.90218,0,0
JWW_PE,D,20190808,000000,4.99645,4.99645,4.99645,4.99645,0,0
JWW_PE,D,20190812,000000,4.99645,4.99645,4.90218,4.90218,0,0
JWW_PE,D,20190813,000000,4.90218,4.90218,4.90218,4.90218,0,0
JWW_PE,D,20190814,000000,4.90218,4.90218,4.90218,4.90218,0,0
JWW_PE,D,20190816,000000,4.90218,4.90218,4.90218,4.90218,0,0
JWW_PE,D,20190819,000000,4.90218,4.90218,4.90218,4.90218,0,0
JWW_PE,D,20190820,000000,4.90218,4.90218,4.90218,4.90218,0,0
JWW_PE,D,20190821,000000,4.90218,4.99645,4.90218,4.99645,0,0
JWW_PE,D,20190822,000000,4.99645,4.99645,4.90218,4.90218,0,0
JWW_PE,D,20190823,000000,4.90218,4.90218,4.90218,4.90218,0,0
JWW_PE,D,20190826,000000,4.90218,4.90218,4.90218,4.90218,0,0
JWW_PE,D,20190827,000000,4.90218,4.90218,4.90218,4.90218,0,0
JWW_PE,D,20190828,000000,4.90218,4.90218,4.90218,4.90218,0,0
JWW_PE,D,20190829,000000,4.90218,4.99645,4.90218,4.99645,0,0
JWW_PE,D,20190830,000000,4.99645,4.99645,4.99645,4.99645,0,0
JWW_PE,D,20190902,000000,4.99645,4.99645,4.99645,4.99645,0,0
JWW_PE,D,20190903,000000,4.99645,4.99645,4.90218,4.90218,0,0
JWW_PE,D,20190904,000000,4.90218,4.99645,4.90218,4.99645,0,0
JWW_PE,D,20190905,000000,4.99645,4.99645,4.99645,4.99645,0,0
JWW_PE,D,20190906,000000,4.99645,4.99645,4.99645,4.99645,0,0
JWW_PE,D,20190909,000000,4.99645,4.99645,4.99645,4.99645,0,0
JWW_PE,D,20190910,000000,4.99645,4.99645,4.99645,4.99645,0,0
JWW_PE,D,20190911,000000,4.99645,4.99645,4.90218,4.90218,0,0
JWW_PE,D,20190912,000000,4.90218,4.90218,4.90218,4.90218,0,0
JWW_PE,D,20190913,000000,4.90218,4.90218,4.90218,4.90218,0,0
JWW_PE,D,20190916,000000,4.90218,4.99645,4.90218,4.99645,0,0
JWW_PE,D,20190917,000000,4.99645,5.09072,4.99645,5.09072,0,0
JWW_PE,D,20190919,000000,5.09072,5.09072,5.09072,5.09072,0,0
JWW_PE,D,20190920,000000,5.09072,5.09072,5.09072,5.09072,0,0
JWW_PE,D,20190923,000000,5.09072,5.09072,5.09072,5.09072,0,0
JWW_PE,D,20190924,000000,5.09072,5.37354,5.09072,5.37354,0,0
JWW_PE,D,20190925,000000,5.56209,6.12773,5.56209,6.12773,0,0
JWW_PE,D,20190926,000000,6.41054,7.07045,6.41054,6.97618,0,0
JWW_PE,D,20190927,000000,7.25899,7.54181,7.25899,7.35327,0,0
JWW_PE,D,20190930,000000,7.35327,7.73036,7.35327,7.73036,0,0
JWW_PE,D,20191001,000000,7.54181,8.01318,7.54181,8.01318,0,0
JWW_PE,D,20191002,000000,8.20172,8.20172,8.20172,8.20172,0,0
JWW_PE,D,20191003,000000,8.20172,8.20172,2.63964,2.63964,0,0
JWW_PE,D,20191004,000000,2.63964,2.63964,2.54537,2.54537,0,0
JWW_PE,D,20191007,000000,2.35681,2.54537,2.35681,2.35681,0,0
JWW_PE,D,20191008,000000,2.26254,2.26254,2.26254,2.26254,0,0
JWW_PE,D,20191009,000000,2.26254,2.26254,2.26254,2.26254,0,0
JWW_PE,D,20191010,000000,2.074,2.074,1.97973,1.97973,0,0
JWW_PE,D,20191011,000000,1.97973,1.97973,1.97973,1.97973,0,0
JWW_PE,D,20191015,000000,1.97973,1.97973,1.97973,1.97973,0,0
JWW_PE,D,20191016,000000,1.97973,1.97973,1.97973,1.97973,0,0
JWW_PE,D,20191017,000000,1.88546,1.97973,1.88546,1.97973,0,0
JWW_PE,D,20191018,000000,1.97973,1.97973,1.97973,1.97973,0,0
JWW_PE,D,20191021,000000,1.97973,1.97973,1.97973,1.97973,0,0
JWW_PE,D,20191022,000000,1.97973,2.074,1.97973,2.074,0,0
JWW_PE,D,20191023,000000,2.074,2.074,1.97973,1.97973,0,0
JWW_PE,D,20191024,000000,2.074,2.074,1.97973,1.97973,0,0
JWW_PE,D,20191025,000000,1.97973,1.97973,1.97973,1.97973,0,0
JWW_PE,D,20191028,000000,1.97973,1.97973,1.97973,1.97973,0,0
JWW_PE,D,20191029,000000,1.97973,2.074,1.97973,2.074,0,0
JWW_PE,D,20191030,000000,2.074,2.074,2.074,2.074,0,0
JWW_PE,D,20191031,000000,2.074,2.074,2.074,2.074,0,0
JWW_PE,D,20191104,000000,2.074,2.074,2.074,2.074,0,0
JWW_PE,D,20191105,000000,2.074,2.074,2.074,2.074,0,0
JWW_PE,D,20191106,000000,2.074,2.074,2.074,2.074,0,0
JWW_PE,D,20191107,000000,1.97973,2.16827,1.97973,2.16827,0,0
JWW_PE,D,20191108,000000,2.16827,2.16827,2.16827,2.16827,0,0
JWW_PE,D,20191112,000000,2.16827,2.16827,1.97973,1.97973,0,0
JWW_PE,D,20191113,000000,2.074,2.16827,2.074,2.16827,0,0
JWW_PE,D,20191114,000000,2.16827,2.16827,2.16827,2.16827,0,0
JWW_PE,D,20191115,000000,2.16827,2.16827,2.16827,2.16827,0,0
JWW_PE,D,20191119,000000,2.16827,2.16827,2.16827,2.16827,0,0
JWW_PE,D,20191121,000000,2.16827,2.16827,2.074,2.074,0,0
JWW_PE,D,20191122,000000,2.074,2.074,2.074,2.074,0,0
JWW_PE,D,20191125,000000,2.074,2.074,2.074,2.074,0,0
JWW_PE,D,20191126,000000,2.074,2.074,2.074,2.074,0,0
JWW_PE,D,20191127,000000,2.074,2.074,2.074,2.074,0,0
JWW_PE,D,20191128,000000,2.074,2.54537,2.074,2.54537,0,0
JWW_PE,D,20191129,000000,2.82818,2.82818,2.73391,2.82818,0,0
JWW_PE,D,20191202,000000,2.92245,2.92245,2.35681,2.45109,0,0
JWW_PE,D,20191203,000000,2.54537,2.54537,2.35681,2.35681,0,0
JWW_PE,D,20191204,000000,2.45109,2.45109,2.35681,2.35681,0,0
JWW_PE,D,20191206,000000,2.35681,2.45109,2.35681,2.45109,0,0
JWW_PE,D,20191209,000000,2.54537,2.54537,2.45109,2.54537,0,0
JWW_PE,D,20191210,000000,2.54537,2.54537,2.54537,2.54537,0,0
JWW_PE,D,20191211,000000,2.54537,2.54537,2.54537,2.54537,0,0
JWW_PE,D,20191212,000000,2.54537,2.54537,2.54537,2.54537,0,0
JWW_PE,D,20191213,000000,2.54537,2.73391,2.54537,2.63964,0,0
JWW_PE,D,20191216,000000,2.63964,3.20527,2.63964,3.20527,0,0
JWW_PE,D,20191217,000000,3.20527,3.20527,3.01672,3.20527,0,0
JWW_PE,D,20191218,000000,3.29955,3.29955,3.20527,3.20527,0,0
JWW_PE,D,20191219,000000,3.11099,3.20527,3.11099,3.20527,0,0
JWW_PE,D,20191220,000000,3.20527,3.20527,3.20527,3.20527,0,0
JWW_PE,D,20191223,000000,3.20527,3.39382,3.20527,3.39382,0,0
JWW_PE,D,20191227,000000,3.20527,3.39382,3.20527,3.39382,0,0
JWW_PE,D,20191230,000000,3.29955,3.39382,3.11099,3.11099,0,0
JWW_PE,D,20200102,000000,3.11099,3.29955,3.11099,3.11099,0,0
JWW_PE,D,20200103,000000,3.01672,3.01672,2.82818,2.82818,0,0
JWW_PE,D,20200107,000000,2.82818,2.92245,2.82818,2.92245,0,0
JWW_PE,D,20200109,000000,2.92245,2.92245,2.92245,2.92245,0,0
JWW_PE,D,20200110,000000,2.73391,2.82818,2.73391,2.82818,0,0
JWW_PE,D,20200113,000000,2.82818,2.92245,2.82818,2.92245,0,0
JWW_PE,D,20200114,000000,2.82818,2.92245,2.82818,2.92245,0,0
JWW_PE,D,20200115,000000,2.92245,2.92245,2.92245,2.92245,0,0
JWW_PE,D,20200116,000000,2.82818,2.92245,2.82818,2.92245,0,0
JWW_PE,D,20200117,000000,2.92245,2.92245,2.82818,2.82818,0,0
JWW_PE,D,20200120,000000,2.82818,2.82818,2.82818,2.82818,0,0
JWW_PE,D,20200121,000000,2.82818,2.82818,2.82818,2.82818,0,0
JWW_PE,D,20200122,000000,2.82818,3.58236,2.82818,3.58236,0,0
JWW_PE,D,20200124,000000,5.09072,5.56209,5.09072,5.56209,0,0
JWW_PE,D,20200127,000000,6.12773,6.69336,5.46782,5.93918,0,0
JWW_PE,D,20200128,000000,5.93918,6.31627,5.93918,6.31627,0,0
JWW_PE,D,20200129,000000,6.12773,6.222,5.56209,5.8449,0,0
JWW_PE,D,20200130,000000,5.8449,6.12773,5.27927,5.46782,0,0
JWW_PE,D,20200131,000000,5.46782,5.46782,5.09072,5.18499,0,0
JWW_PE,D,20200203,000000,5.18499,5.65636,5.09072,5.27927,0,0
JWW_PE,D,20200204,000000,5.37354,5.46782,5.18499,5.18499,0,0
JWW_PE,D,20200205,000000,5.09072,5.18499,4.71364,5.18499,0,0
JWW_PE,D,20200206,000000,5.18499,5.18499,4.90218,5.09072,0,0
JWW_PE,D,20200207,000000,5.09072,5.09072,4.61936,4.71364,0,0
JWW_PE,D,20200210,000000,4.71364,4.99645,4.71364,4.90218,0,0
JWW_PE,D,20200211,000000,4.90218,5.75063,4.90218,5.46782,0,0
JWW_PE,D,20200212,000000,5.56209,5.8449,5.46782,5.8449,0,0
JWW_PE,D,20200213,000000,5.8449,5.8449,5.46782,5.8449,0,0
JWW_PE,D,20200214,000000,5.8449,5.8449,5.27927,5.27927,0,0
JWW_PE,D,20200217,000000,5.27927,5.46782,5.27927,5.46782,0,0
JWW_PE,D,20200218,000000,5.46782,5.46782,5.46782,5.46782,0,0
JWW_PE,D,20200219,000000,5.46782,5.46782,5.46782,5.46782,0,0
JWW_PE,D,20200220,000000,5.46782,5.46782,5.37354,5.37354,0,0
JWW_PE,D,20200221,000000,5.37354,5.37354,4.80791,4.99645,0,0
JWW_PE,D,20200224,000000,4.99645,4.99645,4.61936,4.61936,0,0
JWW_PE,D,20200225,000000,4.61936,4.61936,4.52509,4.61936,0,0
JWW_PE,D,20200226,000000,4.61936,4.71364,4.52509,4.61936,0,0
JWW_PE,D,20200227,000000,4.61936,4.61936,4.24227,4.33654,0,0
JWW_PE,D,20200228,000000,4.24227,4.24227,3.7709,3.86518,0,0
JWW_PE,D,20200302,000000,3.7709,4.148,3.7709,4.148,0,0
JWW_PE,D,20200303,000000,4.24227,4.33654,4.24227,4.33654,0,0
JWW_PE,D,20200304,000000,4.33654,4.33654,4.05373,4.05373,0,0
JWW_PE,D,20200305,000000,3.95946,4.05373,3.95946,4.05373,0,0
JWW_PE,D,20200306,000000,3.95946,4.05373,3.86518,3.86518,0,0
JWW_PE,D,20200309,000000,3.7709,3.7709,3.01672,3.01672,0,0
JWW_PE,D,20200310,000000,3.01672,3.29955,3.01672,3.20527,0,0
JWW_PE,D,20200311,000000,3.20527,3.20527,3.11099,3.11099,0,0
JWW_PE,D,20200312,000000,3.11099,3.11099,2.54537,2.54537,0,0
JWW_PE,D,20200313,000000,2.45109,2.54537,2.45109,2.54537,0,0
JWW_PE,D,20200316,000000,2.73391,2.73391,2.35681,2.54537,0,0
JWW_PE,D,20200317,000000,2.63964,2.73391,2.54537,2.54537,0,0
JWW_PE,D,20200318,000000,2.73391,2.82818,2.63964,2.73391,0,0
JWW_PE,D,20200319,000000,2.82818,2.82818,2.63964,2.63964,0,0
JWW_PE,D,20200320,000000,2.63964,3.20527,2.63964,3.11099,0,0
JWW_PE,D,20200323,000000,3.01672,3.11099,2.92245,3.11099,0,0
JWW_PE,D,20200324,000000,3.11099,3.11099,3.01672,3.01672,0,0
JWW_PE,D,20200325,000000,3.01672,3.11099,3.01672,3.11099,0,0
JWW_PE,D,20200326,000000,3.11099,3.11099,3.11099,3.11099,0,0
JWW_PE,D,20200327,000000,3.11099,3.39382,3.11099,3.11099,0,0
JWW_PE,D,20200330,000000,3.11099,3.11099,2.82818,2.92245,0,0
JWW_PE,D,20200331,000000,3.01672,3.01672,3.01672,3.01672,0,0
JWW_PE,D,20200401,000000,3.01672,3.01672,3.01672,3.01672,0,0
JWW_PE,D,20200402,000000,3.20527,3.20527,2.92245,3.11099,0,0
JWW_PE,D,20200403,000000,3.11099,3.11099,3.11099,3.11099,0,0
JWW_PE,D,20200406,000000,3.11099,3.48809,3.11099,3.48809,0,0
JWW_PE,D,20200407,000000,3.67663,4.43081,3.67663,3.95946,0,0
JWW_PE,D,20200408,000000,4.05373,4.33654,3.95946,4.05373,0,0
JWW_PE,D,20200409,000000,4.05373,4.05373,3.67663,3.67663,0,0
JWW_PE,D,20200414,000000,3.67663,3.95946,3.67663,3.86518,0,0
JWW_PE,D,20200415,000000,3.86518,3.86518,3.67663,3.67663,0,0
JWW_PE,D,20200416,000000,3.67663,3.67663,3.67663,3.67663,0,0
JWW_PE,D,20200417,000000,3.67663,3.7709,3.67663,3.7709,0,0
JWW_PE,D,20200420,000000,3.7709,3.7709,3.7709,3.7709,0,0
JWW_PE,D,20200421,000000,3.7709,3.7709,3.7709,3.7709,0,0
JWW_PE,D,20200422,000000,3.58236,3.7709,3.58236,3.7709,0,0
JWW_PE,D,20200423,000000,3.7709,3.7709,3.58236,3.67663,0,0
JWW_PE,D,20200424,000000,3.67663,3.67663,3.67663,3.67663,0,0
JWW_PE,D,20200427,000000,3.67663,3.67663,3.67663,3.67663,0,0
JWW_PE,D,20200428,000000,3.67663,3.95946,3.67663,3.95946,0,0
JWW_PE,D,20200429,000000,3.95946,4.05373,3.95946,4.05373,0,0
JWW_PE,D,20200430,000000,4.05373,4.33654,3.95946,4.24227,0,0
JWW_PE,D,20200504,000000,4.24227,5.65636,4.24227,5.65636,0,0
JWW_PE,D,20200505,000000,5.65636,5.65636,5.46782,5.46782,0,0
JWW_PE,D,20200506,000000,5.46782,5.56209,5.46782,5.56209,0,0
JWW_PE,D,20200507,000000,5.56209,5.56209,5.56209,5.56209,0,0
JWW_PE,D,20200508,000000,5.56209,5.65636,5.56209,5.56209,0,0
JWW_PE,D,20200511,000000,5.56209,6.12773,5.56209,5.8449,0,0
JWW_PE,D,20200512,000000,6.12773,6.222,5.93918,5.93918,0,0
JWW_PE,D,20200513,000000,6.03345,6.12773,6.03345,6.03345,0,0
JWW_PE,D,20200514,000000,6.12773,6.12773,6.03345,6.03345,0,0
JWW_PE,D,20200515,000000,5.93918,5.93918,5.93918,5.93918,0,0
JWW_PE,D,20200518,000000,6.222,6.222,6.222,6.222,0,0
JWW_PE,D,20200519,000000,6.222,6.69336,6.222,6.69336,0,0
JWW_PE,D,20200520,000000,6.69336,6.69336,6.31627,6.41054,0,0
JWW_PE,D,20200521,000000,6.50481,7.16472,6.50481,7.16472,0,0
JWW_PE,D,20200522,000000,7.16472,7.16472,6.78763,6.88191,0,0
JWW_PE,D,20200525,000000,6.97618,6.97618,6.69336,6.69336,0,0
JWW_PE,D,20200526,000000,6.69336,6.97618,6.59909,6.97618,0,0
JWW_PE,D,20200527,000000,7.25899,7.9189,6.78763,6.97618,0,0
JWW_PE,D,20200528,000000,6.97618,7.35327,6.97618,7.25899,0,0
JWW_PE,D,20200529,000000,6.88191,9.61581,6.222,9.61581,0,0
JWW_PE,D,20200601,000000,9.71009,9.71009,9.14445,9.42727,0,0
JWW_PE,D,20200602,000000,9.33299,9.33299,8.9559,8.9559,0,0
JWW_PE,D,20200603,000000,8.9559,8.9559,8.296,8.67309,0,0
JWW_PE,D,20200604,000000,8.296,8.296,8.10745,8.20172,0,0
JWW_PE,D,20200605,000000,8.48454,10.1814,8.39027,10.1814,0,0
JWW_PE,D,20200608,000000,13.1982,13.1982,13.1982,13.1982,0,0
JWW_PE,D,20200609,000000,14.2352,14.4238,11.5955,13.8581,0,0
JWW_PE,D,20200610,000000,13.9524,13.9524,12.5382,12.5382,0,0
JWW_PE,D,20200612,000000,12.9153,12.9153,10.6528,11.5955,0,0
JWW_PE,D,20200615,000000,11.407,11.7841,11.407,11.7841,0,0
JWW_PE,D,20200616,000000,11.7841,11.7841,10.9357,11.5955,0,0
JWW_PE,D,20200617,000000,11.2184,11.2184,10.7471,11.1242,0,0
JWW_PE,D,20200618,000000,11.2184,11.2184,11.2184,11.2184,0,0
JWW_PE,D,20200619,000000,11.2184,11.2184,11.2184,11.2184,0,0
JWW_PE,D,20200622,000000,11.2184,11.2184,10.0872,10.6528,0,0
JWW_PE,D,20200623,000000,10.7471,11.1242,10.7471,11.1242,0,0
JWW_PE,D,20200624,000000,10.9357,11.1242,10.9357,11.0299,0,0
JWW_PE,D,20200625,000000,11.0299,11.0299,10.2757,10.9357,0,0
JWW_PE,D,20200626,000000,10.4643,10.5586,10.37,10.37,0,0
JWW_PE,D,20200629,000000,10.37,10.37,10.37,10.37,0,0
JWW_PE,D,20200630,000000,10.7471,10.7471,10.0872,10.0872,0,0
JWW_PE,D,20200701,000000,10.4643,10.4643,10.37,10.37,0,0
JWW_PE,D,20200702,000000,10.4643,10.4643,10.4643,10.4643,0,0
JWW_PE,D,20200703,000000,10.1814,10.1814,10.0872,10.0872,0,0
JWW_PE,D,20200706,000000,10.0872,10.0872,10.0872,10.0872,0,0
JWW_PE,D,20200707,000000,10.4643,10.4643,10.4643,10.4643,0,0
JWW_PE,D,20200708,000000,10.4643,10.4643,9.99294,10.0872,0,0
JWW_PE,D,20200709,000000,9.71009,10.0872,9.71009,10.0872,0,0
JWW_PE,D,20200710,000000,10.1814,10.37,10.1814,10.37,0,0
JWW_PE,D,20200713,000000,11.407,11.407,10.9357,10.9357,0,0
JWW_PE,D,20200714,000000,11.3128,11.3128,10.6528,11.3128,0,0
JWW_PE,D,20200715,000000,11.2184,11.2184,11.2184,11.2184,0,0
JWW_PE,D,20200716,000000,10.7471,10.7471,10.5586,10.5586,0,0
JWW_PE,D,20200717,000000,10.9357,10.9357,10.37,10.6528,0,0
JWW_PE,D,20200720,000000,10.6528,10.6528,10.0872,10.2757,0,0
JWW_PE,D,20200721,000000,10.1814,10.2757,10.1814,10.2757,0,0
JWW_PE,D,20200722,000000,9.99294,9.99294,9.89859,9.89859,0,0
JWW_PE,D,20200723,000000,9.89859,9.89859,9.23872,9.23872,0,0
JWW_PE,D,20200724,000000,9.23872,9.52154,9.23872,9.52154,0,0
JWW_PE,D,20200727,000000,9.52154,11.1242,9.23872,10.6528,0,0
JWW_PE,D,20200728,000000,10.7471,10.7471,9.89859,10.0872,0,0
JWW_PE,D,20200729,000000,9.80434,9.80434,9.71009,9.71009,0,0
JWW_PE,D,20200730,000000,9.80434,9.80434,9.42727,9.42727,0,0
JWW_PE,D,20200731,000000,9.33299,9.42727,9.14445,9.14445,0,0
JWW_PE,D,20200803,000000,9.23872,9.23872,8.67309,9.05018,0,0
JWW_PE,D,20200804,000000,9.14445,9.14445,9.05018,9.05018,0,0
JWW_PE,D,20200805,000000,9.05018,9.42727,9.05018,9.42727,0,0
JWW_PE,D,20200806,000000,9.52154,9.71009,9.52154,9.61581,0,0
JWW_PE,D,20200807,000000,9.61581,9.61581,9.42727,9.42727,0,0
JWW_PE,D,20200810,000000,9.42727,9.42727,9.42727,9.42727,0,0
JWW_PE,D,20200811,000000,9.42727,9.61581,9.23872,9.23872,0,0
JWW_PE,D,20200812,000000,9.14445,9.23872,9.14445,9.23872,0,0
JWW_PE,D,20200813,000000,9.42727,9.42727,9.14445,9.14445,0,0
JWW_PE,D,20200814,000000,9.42727,9.42727,9.42727,9.42727,0,0
JWW_PE,D,20200817,000000,9.14445,9.14445,9.05018,9.05018,0,0
JWW_PE,D,20200819,000000,8.9559,8.9559,8.9559,8.9559,0,0
JWW_PE,D,20200820,000000,8.76736,8.76736,8.76736,8.76736,0,0
JWW_PE,D,20200824,000000,9.14445,9.14445,9.14445,9.14445,0,0
JWW_PE,D,20200825,000000,9.23872,9.33299,9.23872,9.33299,0,0
JWW_PE,D,20200826,000000,9.42727,9.42727,9.42727,9.42727,0,0
JWW_PE,D,20200827,000000,9.42727,9.42727,9.42727,9.42727,0,0
JWW_PE,D,20200828,000000,9.42727,9.42727,9.14445,9.42727,0,0
JWW_PE,D,20200831,000000,9.42727,9.42727,9.42727,9.42727,0,0
JWW_PE,D,20200901,000000,9.61581,9.61581,9.61581,9.61581,0,0
JWW_PE,D,20200902,000000,9.61581,9.61581,9.61581,9.61581,0,0
JWW_PE,D,20200903,000000,9.23872,9.61581,9.14445,9.61581,0,0
JWW_PE,D,20200904,000000,9.61581,9.61581,9.61581,9.61581,0,0
JWW_PE,D,20200907,000000,9.61581,9.61581,9.14445,9.14445,0,0
JWW_PE,D,20200908,000000,9.05018,9.05018,8.67309,8.67309,0,0
JWW_PE,D,20200911,000000,8.76736,8.86163,8.76736,8.86163,0,0
JWW_PE,D,20200915,000000,9.05018,9.05018,8.9559,8.9559,0,0
JWW_PE,D,20200916,000000,9.05018,9.05018,9.05018,9.05018,0,0
JWW_PE,D,20200921,000000,9.14445,9.14445,9.14445,9.14445,0,0
JWW_PE,D,20200922,000000,9.05018,9.05018,9.05018,9.05018,0,0
JWW_PE,D,20200924,000000,9.23872,9.23872,9.23872,9.23872,0,0
JWW_PE,D,20200925,000000,8.296,8.9559,8.296,8.86163,0,0
JWW_PE,D,20200930,000000,8.10745,15.6492,8.10745,15.6492,0,0
JWW_PE,D,20201001,000000,15.6492,15.6492,15.555,15.555,0,0
JWW_PE,D,20201006,000000,15.3665,15.3665,15.3665,15.3665,0,0
JWW_PE,D,20201007,000000,15.3665,15.3665,15.3665,15.3665,0,0
JWW_PE,D,20201008,000000,15.3665,15.3665,15.3665,15.3665,0,0
JWW_PE,D,20201012,000000,15.0836,15.555,15.0836,15.555,0,0
JWW_PE,D,20201013,000000,15.9321,15.9321,15.9321,15.9321,0,0
JWW_PE,D,20201014,000000,15.8378,15.8378,15.3665,15.3665,0,0
JWW_PE,D,20201015,000000,15.0836,15.0836,14.3294,14.3294,0,0
JWW_PE,D,20201016,000000,15.2722,15.2722,14.3294,14.3294,0,0
JWW_PE,D,20201019,000000,14.2352,14.3294,14.2352,14.3294,0,0
JWW_PE,D,20201020,000000,14.2352,14.2352,13.6695,13.6695,0,0
JWW_PE,D,20201021,000000,13.5753,13.5753,13.0096,13.0096,0,0
JWW_PE,D,20201022,000000,12.9153,12.9153,11.6898,12.0669,0,0
JWW_PE,D,20201023,000000,12.3497,12.3497,12.3497,12.3497,0,0
JWW_PE,D,20201026,000000,12.444,12.444,12.444,12.444,0,0
JWW_PE,D,20201027,000000,12.444,12.444,12.444,12.444,0,0
JWW_PE,D,20201028,000000,12.444,12.444,11.6898,11.6898,0,0
JWW_PE,D,20201102,000000,11.9726,11.9726,11.9726,11.9726,0,0
JWW_PE,D,20201110,000000,12.1611,12.1611,12.1611,12.1611,0,0
JWW_PE,D,20201112,000000,12.1611,12.1611,12.1611,12.1611,0,0
JWW_PE,D,20201116,000000,12.2555,12.2555,12.2555,12.2555,0,0
JWW_PE,D,20201120,000000,12.1611,12.1611,11.6898,11.6898,0,0
JWW_PE,D,20201124,000000,11.9726,11.9726,11.6898,11.9726,0,0
JWW_PE,D,20201125,000000,11.9726,12.7268,11.9726,12.6326,0,0
JWW_PE,D,20201126,000000,12.444,12.9153,12.444,12.9153,0,0
JWW_PE,D,20201130,000000,13.0096,13.0096,8.01318,8.01318,0,0
JWW_PE,D,20201201,000000,7.82463,7.82463,7.82463,7.82463,0,0
JWW_PE,D,20201202,000000,7.82463,7.82463,7.82463,7.82463,0,0
JWW_PE,D,20201203,000000,7.82463,7.82463,7.82463,7.82463,0,0
JWW_PE,D,20201204,000000,7.82463,8.20172,7.82463,8.10745,0,0
JWW_PE,D,20201211,000000,8.57881,8.67309,8.57881,8.67309,0,0
JWW_PE,D,20201214,000000,8.76736,9.61581,8.57881,8.57881,0,0
JWW_PE,D,20201215,000000,8.57881,8.57881,8.48454,8.57881,0,0
JWW_PE,D,20201216,000000,8.57881,8.67309,8.57881,8.67309,0,0
JWW_PE,D,20201217,000000,8.67309,8.67309,8.57881,8.67309,0,0
JWW_PE,D,20201218,000000,8.67309,8.67309,8.67309,8.67309,0,0
JWW_PE,D,20201221,000000,8.67309,8.67309,8.67309,8.67309,0,0
JWW_PE,D,20201228,000000,8.20172,8.67309,7.54181,7.73036,0,0
JWW_PE,D,20201229,000000,8.39027,8.39027,7.63609,7.73036,0,0
JWW_PE,D,20201230,000000,7.73036,8.57881,7.73036,8.57881,0,0
JWW_PE,D,20210104,000000,8.67309,8.76736,8.296,8.76736,0,0
JWW_PE,D,20210107,000000,8.86163,8.9559,8.86163,8.86163,0,0
JWW_PE,D,20210108,000000,8.86163,9.23872,8.86163,9.14445,0,0
JWW_PE,D,20210111,000000,9.42727,9.71009,9.42727,9.71009,0,0
JWW_PE,D,20210112,000000,9.71009,9.71009,9.71009,9.71009,0,0
JWW_PE,D,20210113,000000,9.23872,9.71009,9.23872,9.71009,0,0
JWW_PE,D,20210114,000000,9.14445,9.52154,9.14445,9.52154,0,0
JWW_PE,D,20210118,000000,9.52154,9.52154,9.05018,9.52154,0,0
JWW_PE,D,20210119,000000,9.23872,9.52154,9.14445,9.52154,0,0
JWW_PE,D,20210120,000000,9.42727,9.42727,9.42727,9.42727,0,0
JWW_PE,D,20210121,000000,9.14445,9.42727,8.9559,9.42727,0,0
JWW_PE,D,20210122,000000,9.52154,9.52154,9.42727,9.52154,0,0
JWW_PE,D,20210125,000000,8.9559,9.42727,8.9559,9.42727,0,0
JWW_PE,D,20210126,000000,8.9559,9.33299,8.9559,9.33299,0,0
JWW_PE,D,20210127,000000,9.33299,9.33299,9.33299,9.33299,0,0
JWW_PE,D,20210128,000000,9.05018,9.23872,8.9559,9.23872,0,0
JWW_PE,D,20210129,000000,8.86163,9.23872,8.86163,9.14445,0,0
JWW_PE,D,20210201,000000,9.14445,9.14445,8.76736,9.14445,0,0
JWW_PE,D,20210202,000000,9.14445,9.14445,8.76736,9.14445,0,0
JWW_PE,D,20210205,000000,9.05018,9.05018,9.05018,9.05018,0,0
JWW_PE,D,20210208,000000,9.05018,9.05018,8.67309,9.05018,0,0
JWW_PE,D,20210209,000000,8.67309,8.67309,8.67309,8.67309,0,0
JWW_PE,D,20210210,000000,8.67309,8.67309,8.67309,8.67309,0,0
JWW_PE,D,20210211,000000,8.67309,8.67309,8.48454,8.48454,0,0
JWW_PE,D,20210212,000000,8.48454,8.48454,8.48454,8.48454,0,0
JWW_PE,D,20210215,000000,8.67309,8.67309,8.48454,8.48454,0,0
JWW_PE,D,20210216,000000,8.48454,8.48454,8.48454,8.48454,0,0
JWW_PE,D,20210217,000000,8.48454,8.48454,8.48454,8.48454,0,0
JWW_PE,D,20210218,000000,8.39027,8.57881,8.296,8.48454,0,0
JWW_PE,D,20210222,000000,9.23872,9.23872,8.296,8.86163,0,0
JWW_PE,D,20210223,000000,8.296,8.296,8.296,8.296,0,0
JWW_PE,D,20210224,000000,8.57881,8.67309,8.57881,8.67309,0,0
JWW_PE,D,20210225,000000,8.76736,8.86163,8.76736,8.86163,0,0
JWW_PE,D,20210301,000000,8.86163,8.86163,8.86163,8.86163,0,0
JWW_PE,D,20210302,000000,8.86163,8.86163,8.86163,8.86163,0,0
JWW_PE,D,20210303,000000,8.86163,8.86163,8.296,8.86163,0,0
JWW_PE,D,20210304,000000,8.86163,8.86163,8.76736,8.76736,0,0
JWW_PE,D,20210305,000000,8.67309,8.76736,8.67309,8.76736,0,0
JWW_PE,D,20210308,000000,8.76736,8.76736,8.67309,8.67309,0,0
JWW_PE,D,20210309,000000,8.67309,8.67309,8.67309,8.67309,0,0
JWW_PE,D,20210310,000000,8.67309,8.67309,8.67309,8.67309,0,0
JWW_PE,D,20210311,000000,8.67309,8.67309,8.67309,8.67309,0,0
JWW_PE,D,20210312,000000,8.67309,8.67309,8.67309,8.67309,0,0
JWW_PE,D,20210315,000000,8.67309,8.67309,8.67309,8.67309,0,0
JWW_PE,D,20210316,000000,8.67309,8.67309,8.67309,8.67309,0,0
JWW_PE,D,20210317,000000,8.67309,8.67309,7.25899,7.25899,0,0
JWW_PE,D,20210318,000000,7.44754,8.20172,7.44754,8.20172,0,0
JWW_PE,D,20210319,000000,8.20172,8.76736,7.54181,7.54181,0,0
JWW_PE,D,20210322,000000,7.63609,7.82463,7.63609,7.82463,0,0
JWW_PE,D,20210323,000000,7.82463,7.9189,7.63609,7.63609,0,0
JWW_PE,D,20210324,000000,7.63609,8.39027,7.63609,8.39027,0,0
JWW_PE,D,20210325,000000,8.39027,8.67309,8.39027,8.67309,0,0
JWW_PE,D,20210326,000000,8.67309,8.67309,8.67309,8.67309,0,0
JWW_PE,D,20210329,000000,8.01318,8.67309,7.9189,8.67309,0,0
JWW_PE,D,20210330,000000,8.01318,8.01318,7.73036,7.73036,0,0
JWW_PE,D,20210331,000000,7.82463,7.9189,7.82463,7.9189,0,0
JWW_PE,D,20210401,000000,7.9189,7.9189,7.82463,7.82463,0,0
JWW_PE,D,20210406,000000,7.82463,7.9189,7.73036,7.9189,0,0
JWW_PE,D,20210407,000000,7.82463,8.10745,7.82463,8.10745,0,0
JWW_PE,D,20210408,000000,8.10745,8.20172,8.10745,8.20172,0,0
JWW_PE,D,20210412,000000,8.39027,9.14445,8.39027,8.57881,0,0
JWW_PE,D,20210413,000000,8.57881,8.76736,8.57881,8.76736,0,0
JWW_PE,D,20210414,000000,8.76736,8.76736,8.39027,8.39027,0,0
JWW_PE,D,20210415,000000,8.296,8.296,8.10745,8.10745,0,0
JWW_PE,D,20210419,000000,8.10745,8.10745,8.10745,8.10745,0,0
JWW_PE,D,20210420,000000,8.20172,8.39027,8.20172,8.39027,0,0
JWW_PE,D,20210421,000000,8.39027,8.39027,8.39027,8.39027,0,0
JWW_PE,D,20210422,000000,8.39027,8.39027,8.39027,8.39027,0,0
JWW_PE,D,20210427,000000,8.10745,8.20172,8.10745,8.20172,0,0
JWW_PE,D,20210428,000000,8.20172,8.20172,7.82463,7.82463,0,0
JWW_PE,D,20210429,000000,7.82463,7.9189,7.82463,7.9189,0,0
JWW_PE,D,20210430,000000,7.9189,8.10745,7.9189,8.01318,0,0
JWW_PE,D,20210504,000000,8.01318,28.7532,7.9189,28.7532,0,0
JWW_PE,D,20210505,000000,28.6589,28.6589,28.6589,28.6589,0,0
JWW_PE,D,20210506,000000,28.2818,28.2818,28.0933,28.0933,0,0
JWW_PE,D,20210507,000000,28.7532,28.8474,28.7532,28.8474,0,0
JWW_PE,D,20210510,000000,27.8105,27.8105,23.4739,26.4906,0,0
JWW_PE,D,20210511,000000,26.6791,26.6791,24.7937,25.6422,0,0
JWW_PE,D,20210512,000000,23.7567,25.0766,23.5681,24.888,0,0
JWW_PE,D,20210513,000000,23.6624,23.6624,23.5681,23.5681,0,0
JWW_PE,D,20210514,000000,23.5681,24.4166,23.5681,24.4166,0,0
JWW_PE,D,20210517,000000,24.4166,24.5109,24.4166,24.5109,0,0
JWW_PE,D,20210519,000000,24.6052,24.7937,24.5109,24.5109,0,0
JWW_PE,D,20210520,000000,25.5479,26.3964,24.7937,25.925,0,0
JWW_PE,D,20210521,000000,25.2651,25.2651,25.1708,25.1708,0,0
JWW_PE,D,20210524,000000,26.1135,26.1135,25.8307,25.925,0,0
JWW_PE,D,20210525,000000,25.925,26.0193,25.925,26.0193,0,0
JWW_PE,D,20210526,000000,26.0193,26.0193,26.0193,26.0193,0,0
JWW_PE,D,20210527,000000,26.0193,26.0193,26.0193,26.0193,0,0
JWW_PE,D,20210528,000000,25.925,25.925,25.925,25.925,0,0
JWW_PE,D,20210601,000000,15.3665,15.3665,15.3665,15.3665,0,0
JWW_PE,D,20210602,000000,15.3665,15.3665,15.3665,15.3665,0,0
JWW_PE,D,20210608,000000,15.7436,15.7436,15.7436,15.7436,0,0
JWW_PE,D,20210609,000000,15.9321,15.9321,15.8378,15.8378,0,0
JWW_PE,D,20210610,000000,15.9321,15.9321,15.9321,15.9321,0,0
JWW_PE,D,20210611,000000,15.9321,15.9321,15.2722,15.2722,0,0
JWW_PE,D,20210614,000000,15.3665,15.3665,15.3665,15.3665,0,0
JWW_PE,D,20210615,000000,15.3665,15.3665,15.3665,15.3665,0,0
JWW_PE,D,20210616,000000,15.4607,15.4607,15.4607,15.4607,0,0
JWW_PE,D,20210617,000000,15.3665,15.4607,14.9894,14.9894,0,0
JWW_PE,D,20210618,000000,14.9894,14.9894,14.9894,14.9894,0,0
JWW_PE,D,20210621,000000,14.9894,14.9894,14.9894,14.9894,0,0
JWW_PE,D,20210622,000000,14.9894,14.9894,14.9894,14.9894,0,0
JWW_PE,D,20210623,000000,14.8008,15.3665,14.8008,15.3665,0,0
JWW_PE,D,20210624,000000,15.3665,15.3665,15.3665,15.3665,0,0
JWW_PE,D,20210625,000000,15.3665,15.3665,15.3665,15.3665,0,0
JWW_PE,D,20210628,000000,15.3665,15.3665,15.3665,15.3665,0,0
JWW_PE,D,20210629,000000,15.2722,15.2722,15.2722,15.2722,0,0
JWW_PE,D,20210630,000000,14.9894,15.2722,14.8008,14.8008,0,0
JWW_PE,D,20210705,000000,14.8008,15.1779,14.8008,15.1779,0,0
JWW_PE,D,20210706,000000,15.1779,15.1779,15.1779,15.1779,0,0
JWW_PE,D,20210707,000000,15.1779,15.1779,15.1779,15.1779,0,0
JWW_PE,D,20210708,000000,15.1779,15.1779,15.1779,15.1779,0,0
JWW_PE,D,20210709,000000,15.1779,15.1779,15.1779,15.1779,0,0
JWW_PE,D,20210712,000000,15.1779,15.1779,14.8008,14.8008,0,0
JWW_PE,D,20210715,000000,15.0836,15.0836,15.0836,15.0836,0,0
JWW_PE,D,20210716,000000,15.0836,15.0836,15.0836,15.0836,0,0
JWW_PE,D,20210719,000000,15.0836,15.0836,15.0836,15.0836,0,0
JWW_PE,D,20210720,000000,15.0836,15.1779,14.518,14.9894,0,0
JWW_PE,D,20210722,000000,15.0836,15.0836,15.0836,15.0836,0,0
JWW_PE,D,20210723,000000,15.1779,15.1779,14.8008,14.9894,0,0
JWW_PE,D,20210726,000000,14.9894,15.1779,14.9894,15.1779,0,0
JWW_PE,D,20210727,000000,15.1779,15.1779,15.1779,15.1779,0,0
JWW_PE,D,20210728,000000,15.1779,15.1779,15.1779,15.1779,0,0
JWW_PE,D,20210729,000000,14.9894,15.1779,14.9894,14.9894,0,0
JWW_PE,D,20210730,000000,15.1779,15.1779,15.1779,15.1779,0,0
JWW_PE,D,20210802,000000,15.1779,15.1779,15.1779,15.1779,0,0
JWW_PE,D,20210803,000000,15.1779,15.1779,15.1779,15.1779,0,0
JWW_PE,D,20210804,000000,15.1779,15.1779,15.1779,15.1779,0,0
JWW_PE,D,20210805,000000,15.1779,15.1779,15.1779,15.1779,0,0
JWW_PE,D,20210806,000000,15.1779,15.1779,15.1779,15.1779,0,0
JWW_PE,D,20210809,000000,15.1779,15.1779,15.1779,15.1779,0,0
JWW_PE,D,20210810,000000,15.1779,15.4607,15.1779,15.4607,0,0
JWW_PE,D,20210811,000000,15.3665,15.3665,14.9894,15.2722,0,0
JWW_PE,D,20210813,000000,15.2722,15.2722,15.1779,15.1779,0,0
JWW_PE,D,20210816,000000,15.2722,15.2722,15.2722,15.2722,0,0
JWW_PE,D,20210817,000000,14.9894,14.9894,14.8951,14.8951,0,0
JWW_PE,D,20210818,000000,14.8951,14.8951,14.8951,14.8951,0,0
JWW_PE,D,20210819,000000,14.8951,15.1779,14.8951,15.1779,0,0
JWW_PE,D,20210820,000000,14.8951,14.8951,14.8951,14.8951,0,0
JWW_PE,D,20210823,000000,14.8951,14.8951,14.6123,14.6123,0,0
JWW_PE,D,20210825,000000,14.518,14.518,14.2352,14.2352,0,0
JWW_PE,D,20210826,000000,14.1409,14.1409,13.9524,13.9524,0,0
JWW_PE,D,20210827,000000,13.7638,14.0467,13.7638,14.0467,0,0
JWW_PE,D,20210901,000000,13.7638,14.0467,13.1039,14.0467,0,0
JWW_PE,D,20210902,000000,14.0467,15.8378,14.0467,15.7436,0,0
JWW_PE,D,20210903,000000,15.0836,15.7436,15.0836,15.7436,0,0
JWW_PE,D,20210906,000000,15.7436,15.8378,15.7436,15.7436,0,0
JWW_PE,D,20210907,000000,15.0836,15.7436,13.7638,14.6123,0,0
JWW_PE,D,20210908,000000,14.2352,14.2352,14.1409,14.1409,0,0
JWW_PE,D,20210910,000000,13.9524,14.1409,13.9524,13.9524,0,0
JWW_PE,D,20210913,000000,14.518,14.518,14.4238,14.4238,0,0
JWW_PE,D,20210914,000000,14.4238,14.518,14.4238,14.4238,0,0
JWW_PE,D,20210915,000000,14.518,14.6123,14.518,14.6123,0,0
JWW_PE,D,20210916,000000,14.6123,14.6123,14.518,14.518,0,0
JWW_PE,D,20210917,000000,14.0467,14.518,14.0467,14.1409,0,0
JWW_PE,D,20210920,000000,14.1409,14.1409,14.1409,14.1409,0,0
JWW_PE,D,20210921,000000,14.518,14.518,14.4238,14.4238,0,0
JWW_PE,D,20210922,000000,14.518,14.518,14.518,14.518,0,0
JWW_PE,D,20210923,000000,14.518,14.518,14.518,14.518,0,0
JWW_PE,D,20210924,000000,14.518,14.518,14.518,14.518,0,0
JWW_PE,D,20210927,000000,14.518,14.518,14.518,14.518,0,0
JWW_PE,D,20210928,000000,14.518,14.518,14.518,14.518,0,0
JWW_PE,D,20210929,000000,14.518,14.518,13.7638,13.9524,0,0
JWW_PE,D,20211001,000000,11.7841,12.8211,11.7841,12.3497,0,0
JWW_PE,D,20211004,000000,12.3497,12.3497,11.5955,12.0669,0,0
JWW_PE,D,20211005,000000,11.6898,12.0669,11.407,11.7841,0,0
JWW_PE,D,20211006,000000,12.2555,12.2555,12.1611,12.1611,0,0
JWW_PE,D,20211007,000000,12.2555,12.2555,12.2555,12.2555,0,0
JWW_PE,D,20211008,000000,11.7841,11.9726,11.7841,11.9726,0,0
JWW_PE,D,20211011,000000,11.7841,11.7841,11.7841,11.7841,0,0
JWW_PE,D,20211012,000000,11.5955,11.5955,10.8414,11.3128,0,0
JWW_PE,D,20211013,000000,11.3128,12.0669,11.3128,12.0669,0,0
JWW_PE,D,20211014,000000,11.6898,12.0669,11.6898,11.7841,0,0
JWW_PE,D,20211018,000000,11.7841,11.7841,11.3128,11.5955,0,0
JWW_PE,D,20211019,000000,11.5955,11.5955,11.5955,11.5955,0,0
JWW_PE,D,20211020,000000,11.6898,11.7841,11.6898,11.7841,0,0
JWW_PE,D,20211022,000000,11.6898,11.7841,10.8414,11.7841,0,0
JWW_PE,D,20211025,000000,11.407,11.8784,11.407,11.7841,0,0
JWW_PE,D,20211027,000000,11.7841,11.7841,11.7841,11.7841,0,0
JWW_PE,D,20211029,000000,11.5955,11.7841,11.407,11.7841,0,0
JWW_PE,D,20211102,000000,11.7841,11.7841,11.7841,11.7841,0,0
JWW_PE,D,20211103,000000,11.407,11.6898,11.407,11.6898,0,0
JWW_PE,D,20211104,000000,11.2184,11.6898,11.1242,11.6898,0,0
JWW_PE,D,20211105,000000,11.6898,11.6898,11.6898,11.6898,0,0
JWW_PE,D,20211109,000000,11.5955,11.5955,11.5955,11.5955,0,0
JWW_PE,D,20211110,000000,11.6898,11.6898,11.5955,11.6898,0,0
JWW_PE,D,20211112,000000,11.6898,11.6898,11.6898,11.6898,0,0
JWW_PE,D,20211115,000000,11.6898,11.6898,11.6898,11.6898,0,0
JWW_PE,D,20211116,000000,11.6898,11.6898,11.6898,11.6898,0,0
JWW_PE,D,20211117,000000,11.6898,11.6898,11.6898,11.6898,0,0
JWW_PE,D,20211118,000000,11.6898,11.6898,11.6898,11.6898,0,0
JWW_PE,D,20211119,000000,11.407,11.407,11.1242,11.407,0,0
JWW_PE,D,20211122,000000,11.407,11.407,11.1242,11.1242,0,0
JWW_PE,D,20211123,000000,11.407,11.407,11.407,11.407,0,0
JWW_PE,D,20211124,000000,11.407,11.407,11.407,11.407,0,0
JWW_PE,D,20211125,000000,11.407,11.407,11.407,11.407,0,0
JWW_PE,D,20211126,000000,11.407,11.407,11.407,11.407,0,0
JWW_PE,D,20211129,000000,11.407,11.5955,11.407,11.407,0,0
JWW_PE,D,20211130,000000,11.2184,11.407,11.0299,11.407,0,0
JWW_PE,D,20211201,000000,11.407,11.407,11.407,11.407,0,0
JWW_PE,D,20211202,000000,11.407,11.407,11.407,11.407,0,0
JWW_PE,D,20211203,000000,11.407,11.407,11.407,11.407,0,0
JWW_PE,D,20211206,000000,11.407,23.4739,11.407,23.4739,0,0
JWW_PE,D,20211207,000000,23.4739,23.4739,22.3427,22.814,0,0
JWW_PE,D,20211208,000000,22.814,22.814,22.814,22.814,0,0
JWW_PE,D,20211209,000000,22.814,22.814,22.1541,22.814,0,0
JWW_PE,D,20211210,000000,22.814,22.814,22.814,22.814,0,0
JWW_PE,D,20211213,000000,22.7197,22.7197,21.0229,22.6254,0,0
JWW_PE,D,20211215,000000,21.1171,22.5312,20.5514,22.5312,0,0
JWW_PE,D,20211216,000000,22.3427,22.3427,22.2483,22.2483,0,0
JWW_PE,D,20211217,000000,21.1171,21.777,21.1171,21.777,0,0
JWW_PE,D,20211220,000000,20.6457,22.1541,19.8915,22.1541,0,0
JWW_PE,D,20211221,000000,22.1541,22.1541,20.5514,21.777,0,0
JWW_PE,D,20211222,000000,20.1744,21.777,20.1744,21.777,0,0
JWW_PE,D,20211223,000000,20.3629,21.1171,19.5144,19.6087,0,0
JWW_PE,D,20211227,000000,19.6087,20.4571,17.7233,18.666,0,0
JWW_PE,D,20211228,000000,17.8175,18.7602,17.629,18.666,0,0
JWW_PE,D,20211229,000000,19.0431,20.9285,19.0431,20.6457,0,0
JWW_PE,D,20211230,000000,18.9488,18.9488,18.9488,18.9488,0,0
JWW_PE,D,20220103,000000,18.9488,20.8343,18.9488,20.74,0,0
JWW_PE,D,20220104,000000,20.8343,22.7197,20.8343,22.5312,0,0
JWW_PE,D,20220105,000000,22.6254,24.6995,22.5312,24.4166,0,0
JWW_PE,D,20220107,000000,24.5109,24.5109,24.4166,24.4166,0,0
JWW_PE,D,20220110,000000,23.5681,23.5681,22.3427,23.191,0,0
JWW_PE,D,20220111,000000,22.7197,24.0395,22.5312,24.0395,0,0
JWW_PE,D,20220112,000000,23.4739,24.4166,23.4739,24.4166,0,0
JWW_PE,D,20220114,000000,23.4739,23.4739,23.4739,23.4739,0,0
JWW_PE,D,20220117,000000,23.4739,24.4166,23.4739,24.4166,0,0
JWW_PE,D,20220119,000000,23.4739,23.4739,22.5312,23.0968,0,0
JWW_PE,D,20220121,000000,23.0968,23.4739,23.0968,23.4739,0,0
JWW_PE,D,20220124,000000,24.4166,24.4166,24.4166,24.4166,0,0
JWW_PE,D,20220127,000000,23.9452,24.4166,23.9452,23.9452,0,0
JWW_PE,D,20220128,000000,23.9452,23.9452,23.9452,23.9452,0,0
JWW_PE,D,20220201,000000,23.9452,23.9452,23.9452,23.9452,0,0
JWW_PE,D,20220202,000000,24.2281,24.2281,24.1338,24.1338,0,0
JWW_PE,D,20220203,000000,24.0395,24.1338,24.0395,24.0395,0,0
JWW_PE,D,20220204,000000,24.0395,24.0395,24.0395,24.0395,0,0
JWW_PE,D,20220207,000000,24.0395,24.2281,23.3796,23.3796,0,0
JWW_PE,D,20220208,000000,23.3796,23.3796,22.7197,23.0968,0,0
JWW_PE,D,20220209,000000,23.0968,23.0968,22.7197,22.7197,0,0
JWW_PE,D,20220210,000000,23.0968,23.0968,23.0025,23.0968,0,0
JWW_PE,D,20220211,000000,23.0025,23.0968,23.0025,23.0968,0,0
JWW_PE,D,20220214,000000,23.0025,23.0025,21.3056,22.3427,0,0
JWW_PE,D,20220215,000000,22.2483,22.3427,22.2483,22.2483,0,0
JWW_PE,D,20220216,000000,22.2483,22.2483,22.2483,22.2483,0,0
JWW_PE,D,20220217,000000,21.9656,21.9656,21.1171,21.3999,0,0
JWW_PE,D,20220221,000000,21.4942,21.9656,21.4942,21.9656,0,0
JWW_PE,D,20220222,000000,21.9656,21.9656,21.9656,21.9656,0,0
JWW_PE,D,20220223,000000,21.6827,21.9656,21.6827,21.9656,0,0
JWW_PE,D,20220224,000000,21.9656,21.9656,20.3629,20.3629,0,0
JWW_PE,D,20220225,000000,21.8712,21.8712,21.777,21.8712,0,0
JWW_PE,D,20220228,000000,19.703,21.1171,19.703,21.1171,0,0
JWW_PE,D,20220301,000000,21.3056,21.6827,21.1171,21.6827,0,0
JWW_PE,D,20220302,000000,21.3056,21.8712,20.08,21.5885,0,0
JWW_PE,D,20220303,000000,21.5885,21.9656,21.5885,21.8712,0,0
JWW_PE,D,20220307,000000,20.3629,21.1171,20.3629,21.1171,0,0
JWW_PE,D,20220310,000000,21.3056,21.4942,21.1171,21.1171,0,0
JWW_PE,D,20220316,000000,21.777,21.777,21.777,21.777,0,0
JWW_PE,D,20220317,000000,19.6087,20.5514,19.6087,20.5514,0,0
JWW_PE,D,20220318,000000,20.5514,20.9285,20.5514,20.74,0,0
JWW_PE,D,20220322,000000,20.1744,20.74,20.1744,20.74,0,0
JWW_PE,D,20220324,000000,20.1744,20.74,20.1744,20.74,0,0
JWW_PE,D,20220325,000000,21.1171,21.1171,20.74,21.1171,0,0
JWW_PE,D,20220328,000000,21.3056,21.5885,21.3056,21.5885,0,0
JWW_PE,D,20220329,000000,20.9285,21.4942,20.6457,21.3999,0,0
JWW_PE,D,20220330,000000,21.3999,21.5885,21.0229,21.5885,0,0
JWW_PE,D,20220331,000000,21.3999,21.4942,21.3999,21.3999,0,0
JWW_PE,D,20220404,000000,21.4942,21.4942,21.0229,21.1171,0,0
JWW_PE,D,20220405,000000,20.8343,20.8343,20.8343,20.8343,0,0
JWW_PE,D,20220406,000000,20.8343,20.8343,20.8343,20.8343,0,0
JWW_PE,D,20220407,000000,20.8343,21.1171,20.3629,21.1171,0,0
JWW_PE,D,20220411,000000,21.3056,21.6827,21.1171,21.3999,0,0
JWW_PE,D,20220412,000000,21.0229,21.777,20.74,21.777,0,0
JWW_PE,D,20220414,000000,22.0598,22.0598,22.0598,22.0598,0,0
JWW_PE,D,20220419,000000,22.0598,22.0598,22.0598,22.0598,0,0
JWW_PE,D,20220420,000000,21.3999,22.3427,21.3999,22.2483,0,0
JWW_PE,D,20220422,000000,22.2483,22.2483,22.2483,22.2483,0,0
JWW_PE,D,20220425,000000,22.2483,22.2483,22.2483,22.2483,0,0
JWW_PE,D,20220426,000000,22.2483,22.2483,22.2483,22.2483,0,0
JWW_PE,D,20220427,000000,22.2483,22.2483,22.2483,22.2483,0,0
JWW_PE,D,20220428,000000,22.2483,22.2483,22.2483,22.2483,0,0
JWW_PE,D,20220429,000000,22.2483,22.2483,22.2483,22.2483,0,0
JWW_PE,D,20220502,000000,22.1541,22.2483,21.3999,21.3999,0,0
JWW_PE,D,20220504,000000,21.777,21.777,21.777,21.777,0,0
JWW_PE,D,20220505,000000,21.6827,21.6827,21.3056,21.3056,0,0
JWW_PE,D,20220506,000000,21.2114,21.2114,21.2114,21.2114,0,0
JWW_PE,D,20220509,000000,21.2114,21.2114,21.1171,21.1171,0,0
JWW_PE,D,20220510,000000,20.6457,21.5885,9.89859,9.89859,0,0
JWW_PE,D,20220511,000000,9.71009,9.80434,9.71009,9.80434,0,0
JWW_PE,D,20220512,000000,9.80434,10.8414,9.80434,10.8414,0,0
JWW_PE,D,20220513,000000,10.8414,10.8414,10.8414,10.8414,0,0
JWW_PE,D,20220516,000000,10.7471,10.7471,10.0872,10.4643,0,0
JWW_PE,D,20220517,000000,9.99294,10.37,9.80434,10.2757,0,0
JWW_PE,D,20220518,000000,9.89859,10.2757,9.89859,10.2757,0,0
JWW_PE,D,20220519,000000,10.2757,10.2757,10.2757,10.2757,0,0
JWW_PE,D,20220520,000000,10.2757,10.2757,10.2757,10.2757,0,0
JWW_PE,D,20220523,000000,10.2757,10.2757,10.2757,10.2757,0,0
JWW_PE,D,20220524,000000,10.2757,10.2757,10.2757,10.2757,0,0
JWW_PE,D,20220525,000000,10.2757,10.2757,10.2757,10.2757,0,0
JWW_PE,D,20220526,000000,10.2757,10.2757,10.2757,10.2757,0,0
JWW_PE,D,20220527,000000,10.2757,10.5586,10.2757,10.5586,0,0
JWW_PE,D,20220531,000000,10.5586,10.7471,10.37,10.7471,0,0
JWW_PE,D,20220601,000000,10.8414,10.8414,10.7471,10.8414,0,0
JWW_PE,D,20220602,000000,10.8414,10.8414,10.8414,10.8414,0,0
JWW_PE,D,20220603,000000,10.8414,10.8414,10.8414,10.8414,0,0
JWW_PE,D,20220606,000000,10.8414,10.8414,10.37,10.6528,0,0
JWW_PE,D,20220609,000000,9.05018,9.89859,8.9559,9.42727,0,0
JWW_PE,D,20220610,000000,9.33299,9.33299,9.33299,9.33299,0,0
JWW_PE,D,20220613,000000,8.57881,9.33299,8.57881,9.33299,0,0
JWW_PE,D,20220614,000000,9.23872,9.33299,9.23872,9.33299,0,0
JWW_PE,D,20220620,000000,9.23872,9.23872,9.23872,9.23872,0,0
JWW_PE,D,20220621,000000,9.33299,9.33299,9.23872,9.23872,0,0
JWW_PE,D,20220622,000000,9.23872,9.23872,9.23872,9.23872,0,0
JWW_PE,D,20220623,000000,9.23872,9.23872,8.9559,8.9559,0,0
JWW_PE,D,20220629,000000,8.67309,8.76736,8.67309,8.76736,0,0
JWW_PE,D,20220630,000000,8.57881,9.23872,8.48454,9.23872,0,0
JWW_PE,D,20220701,000000,9.5519,9.5519,9.16203,9.16203,0,0
JWW_PE,D,20220705,000000,9.16203,9.16203,9.16203,9.16203,0,0
JWW_PE,D,20220706,000000,9.16203,9.35696,9.16203,9.35696,0,0
JWW_PE,D,20220707,000000,9.45443,9.45443,9.45443,9.45443,0,0
JWW_PE,D,20220708,000000,9.45443,9.45443,9.25949,9.25949,0,0
JWW_PE,D,20220711,000000,9.45443,9.64937,9.45443,9.64937,0,0
JWW_PE,D,20220713,000000,9.64937,9.64937,9.45443,9.45443,0,0
JWW_PE,D,20220714,000000,9.94177,9.94177,9.8443,9.8443,0,0
JWW_PE,D,20220715,000000,9.94177,9.94177,9.94177,9.94177,0,0
JWW_PE,D,20220718,000000,9.94177,9.94177,9.94177,9.94177,0,0
JWW_PE,D,20220719,000000,9.94177,9.94177,9.94177,9.94177,0,0
JWW_PE,D,20220720,000000,9.94177,9.94177,9.94177,9.94177,0,0
JWW_PE,D,20220721,000000,9.94177,9.94177,9.94177,9.94177,0,0
JWW_PE,D,20220722,000000,9.94177,10.2342,9.94177,10.2342,0,0
JWW_PE,D,20220802,000000,10.2342,10.2342,10.2342,10.2342,0,0
JWW_PE,D,20220803,000000,10.2342,10.2342,9.8443,10.2342,0,0
JWW_PE,D,20220805,000000,10.2342,10.2342,10.2342,10.2342,0,0
JWW_PE,D,20220808,000000,9.74684,10.2342,9.35696,10.2342,0,0
JWW_PE,D,20220810,000000,10.2342,10.2342,10.2342,10.2342,0,0
JWW_PE,D,20220811,000000,10.2342,10.2342,10.2342,10.2342,0,0
JWW_PE,D,20220812,000000,10.1367,10.2342,10.0392,10.0392,0,0
JWW_PE,D,20220817,000000,10.1367,10.2342,10.1367,10.2342,0,0
JWW_PE,D,20220818,000000,10.2342,10.2342,10.2342,10.2342,0,0
JWW_PE,D,20220819,000000,10.2342,10.2342,9.64937,10.0392,0,0
JWW_PE,D,20220823,000000,9.94177,10.0392,9.94177,10.0392,0,0
JWW_PE,D,20220824,000000,10.0392,10.0392,9.64937,9.8443,0,0
JWW_PE,D,20220826,000000,9.45443,9.45443,9.45443,9.45443,0,0
JWW_PE,D,20220901,000000,9.8443,9.8443,9.8443,9.8443,0,0
JWW_PE,D,20220902,000000,9.74684,9.8443,9.74684,9.8443,0,0
JWW_PE,D,20220906,000000,9.94177,9.94177,9.8443,9.8443,0,0
JWW_PE,D,20220907,000000,9.25949,9.8443,9.25949,9.8443,0,0
JWW_PE,D,20220908,000000,9.8443,9.8443,9.8443,9.8443,0,0
JWW_PE,D,20220909,000000,9.8443,9.8443,9.8443,9.8443,0,0
JWW_PE,D,20220912,000000,9.74684,9.74684,9.74684,9.74684,0,0
JWW_PE,D,20220913,000000,9.74684,9.74684,9.74684,9.74684,0,0
JWW_PE,D,20220915,000000,9.74684,9.74684,9.74684,9.74684,0,0
JWW_PE,D,20220916,000000,9.35696,9.35696,9.25949,9.25949,0,0
JWW_PE,D,20220919,000000,9.5519,9.5519,9.5519,9.5519,0,0
JWW_PE,D,20220923,000000,9.8443,9.8443,9.8443,9.8443,0,0
JWW_PE,D,20220926,000000,9.8443,9.8443,9.8443,9.8443,0,0
JWW_PE,D,20220927,000000,9.64937,9.64937,9.64937,9.64937,0,0
JWW_PE,D,20220929,000000,9.8443,9.8443,9.8443,9.8443,0,0
JWW_PE,D,20220930,000000,9.64937,9.64937,9.25949,9.25949,0,0
JWW_PE,D,20221018,000000,7.40759,7.40759,7.40759,7.40759,0,0
JWW_PE,D,20221019,000000,6.92025,6.92025,5.75063,5.75063,0,0
JWW_PE,D,20221020,000000,5.75063,5.8481,5.75063,5.8481,0,0
JWW_PE,D,20221021,000000,5.8481,6.04304,5.8481,6.04304,0,0
JWW_PE,D,20221024,000000,6.04304,6.04304,6.04304,6.04304,0,0
JWW_PE,D,20221025,000000,6.14051,6.14051,6.14051,6.14051,0,0
JWW_PE,D,20221026,000000,6.14051,6.14051,6.14051,6.14051,0,0
JWW_PE,D,20221027,000000,6.14051,6.14051,6.14051,6.14051,0,0
JWW_PE,D,20221028,000000,6.14051,6.14051,6.14051,6.14051,0,0
JWW_PE,D,20221031,000000,6.14051,6.14051,6.14051,6.14051,0,0
JWW_PE,D,20221102,000000,6.14051,6.14051,6.14051,6.14051,0,0
JWW_PE,D,20221103,000000,6.14051,6.14051,6.14051,6.14051,0,0
JWW_PE,D,20221104,000000,6.14051,6.33544,6.14051,6.33544,0,0
JWW_PE,D,20221108,000000,6.43291,6.43291,6.43291,6.43291,0,0
JWW_PE,D,20221115,000000,6.43291,6.43291,6.43291,6.43291,0,0
JWW_PE,D,20221118,000000,6.43291,6.53038,6.43291,6.53038,0,0
JWW_PE,D,20221121,000000,7.01772,7.11519,7.01772,7.11519,0,0
JWW_PE,D,20221122,000000,7.11519,7.11519,7.11519,7.11519,0,0
JWW_PE,D,20221125,000000,6.92025,6.92025,6.92025,6.92025,0,0
JWW_PE,D,20221129,000000,7.01772,7.01772,6.92025,7.01772,0,0
JWW_PE,D,20221130,000000,6.82278,6.82278,6.82278,6.82278,0,0
JWW_PE,D,20221202,000000,6.82278,6.82278,6.82278,6.82278,0,0
JWW_PE,D,20221206,000000,6.62785,6.62785,6.04304,6.04304,0,0
JWW_PE,D,20221207,000000,6.62785,6.62785,6.62785,6.62785,0,0
JWW_PE,D,20221208,000000,6.62785,6.62785,6.62785,6.62785,0,0
JWW_PE,D,20221209,000000,6.62785,6.62785,6.62785,6.62785,0,0
JWW_PE,D,20221212,000000,6.62785,6.62785,6.62785,6.62785,0,0
JWW_PE,D,20221213,000000,6.62785,6.62785,6.62785,6.62785,0,0
JWW_PE,D,20221214,000000,6.62785,6.62785,6.62785,6.62785,0,0
JWW_PE,D,20221215,000000,6.62785,8.28481,6.62785,8.28481,0,0
JWW_PE,D,20221216,000000,8.28481,8.28481,8.28481,8.28481,0,0
JWW_PE,D,20221219,000000,8.28481,8.28481,8.28481,8.28481,0,0
JWW_PE,D,20221220,000000,8.28481,8.28481,8.28481,8.28481,0,0
JWW_PE,D,20221221,000000,8.28481,8.28481,8.28481,8.28481,0,0
JWW_PE,D,20221222,000000,8.28481,8.28481,8.28481,8.28481,0,0
JWW_PE,D,20221227,000000,8.47975,8.47975,8.47975,8.47975,0,0
JWW_PE,D,20221228,000000,8.67468,8.67468,8.67468,8.67468,0,0
JWW_PE,D,20221230,000000,8.67468,8.67468,8.67468,8.67468,0,0
JWW_PE,D,20230102,000000,8.67468,8.86962,8.67468,8.86962,0,0
JWW_PE,D,20230103,000000,8.77215,8.86962,8.77215,8.86962,0,0
JWW_PE,D,20230104,000000,8.96709,8.96709,8.57722,8.57722,0,0
JWW_PE,D,20230105,000000,8.57722,8.57722,8.57722,8.57722,0,0
JWW_PE,D,20230109,000000,8.67468,8.67468,8.67468,8.67468,0,0
JWW_PE,D,20230110,000000,8.67468,9.64937,8.67468,9.35696,0,0
JWW_PE,D,20230111,000000,9.5519,9.94177,9.5519,9.74684,0,0
JWW_PE,D,20230112,000000,9.64937,9.74684,9.06456,9.45443,0,0
JWW_PE,D,20230113,000000,9.45443,9.5519,9.45443,9.5519,0,0
JWW_PE,D,20230116,000000,9.5519,9.5519,9.5519,9.5519,0,0
JWW_PE,D,20230117,000000,9.5519,9.64937,9.5519,9.5519,0,0
JWW_PE,D,20230118,000000,9.5519,9.74684,9.5519,9.74684,0,0
JWW_PE,D,20230119,000000,9.64937,9.74684,9.64937,9.74684,0,0
JWW_PE,D,20230120,000000,9.74684,9.8443,9.74684,9.8443,0,0
JWW_PE,D,20230123,000000,9.8443,9.94177,9.8443,9.94177,0,0
JWW_PE,D,20230124,000000,9.94177,9.94177,9.5519,9.64937,0,0
JWW_PE,D,20230125,000000,9.74684,10.0392,9.5519,9.5519,0,0
JWW_PE,D,20230127,000000,9.5519,9.94177,9.25949,9.25949,0,0
JWW_PE,D,20230130,000000,9.64937,9.94177,9.64937,9.94177,0,0
JWW_PE,D,20230201,000000,9.94177,9.94177,9.5519,9.74684,0,0
JWW_PE,D,20230206,000000,9.74684,9.74684,9.35696,9.74684,0,0
JWW_PE,D,20230207,000000,9.74684,9.74684,9.74684,9.74684,0,0
JWW_PE,D,20230208,000000,9.74684,9.74684,9.64937,9.64937,0,0
JWW_PE,D,20230209,000000,9.74684,9.74684,9.74684,9.74684,0,0
JWW_PE,D,20230210,000000,9.74684,10.0392,9.74684,10.0392,0,0
JWW_PE,D,20230213,000000,9.94177,9.94177,9.94177,9.94177,0,0
JWW_PE,D,20230214,000000,9.94177,12.4759,9.94177,12.4759,0,0
JWW_PE,D,20230215,000000,13.1582,14.5228,11.8911,12.1835,0,0
JWW_PE,D,20230216,000000,11.2089,13.1582,11.2089,12.9633,0,0
JWW_PE,D,20230217,000000,12.6709,12.6709,12.5734,12.6709,0,0
JWW_PE,D,20230220,000000,12.6709,12.6709,11.6962,12.3785,0,0
JWW_PE,D,20230221,000000,12.3785,12.6709,12.3785,12.6709,0,0
JWW_PE,D,20230222,000000,12.6709,12.6709,12.1835,12.5734,0,0
JWW_PE,D,20230223,000000,12.1835,12.1835,12.1835,12.1835,0,0
JWW_PE,D,20230224,000000,12.3785,12.3785,12.3785,12.3785,0,0
JWW_PE,D,20230227,000000,12.0861,12.0861,12.0861,12.0861,0,0
JWW_PE,D,20230228,000000,11.9886,12.1835,11.5013,12.0861,0,0
JWW_PE,D,20230301,000000,11.6962,11.6962,10.6241,10.7215,0,0
JWW_PE,D,20230302,000000,10.7215,11.0139,10.0392,10.9165,0,0
JWW_PE,D,20230303,000000,10.9165,11.1114,10.9165,11.1114,0,0
JWW_PE,D,20230306,000000,11.1114,11.1114,10.6241,10.819,0,0
JWW_PE,D,20230307,000000,10.819,10.819,9.74684,10.1367,0,0
JWW_PE,D,20230308,000000,10.0392,10.3316,9.94177,10.3316,0,0
JWW_PE,D,20230309,000000,10.0392,10.3316,10.0392,10.3316,0,0
JWW_PE,D,20230310,000000,10.3316,10.3316,9.94177,10.2342,0,0
JWW_PE,D,20230313,000000,10.2342,10.2342,9.74684,10.2342,0,0
JWW_PE,D,20230314,000000,10.2342,10.2342,9.8443,10.1367,0,0
JWW_PE,D,20230315,000000,10.2342,10.3316,9.64937,10.1367,0,0
JWW_PE,D,20230317,000000,10.0392,10.1367,10.0392,10.1367,0,0
JWW_PE,D,20230320,000000,10.2342,10.2342,10.2342,10.2342,0,0
JWW_PE,D,20230321,000000,10.1367,10.1367,10.1367,10.1367,0,0
JWW_PE,D,20230322,000000,10.1367,10.1367,9.8443,9.8443,0,0
JWW_PE,D,20230323,000000,9.8443,10.1367,9.35696,10.1367,0,0
JWW_PE,D,20230324,000000,10.1367,10.3316,9.74684,9.94177,0,0
JWW_PE,D,20230327,000000,9.64937,9.74684,9.35696,9.74684,0,0
JWW_PE,D,20230329,000000,9.94177,10.1367,9.94177,10.1367,0,0
JWW_PE,D,20230330,000000,10.5266,10.819,10.4291,10.819,0,0
JWW_PE,D,20230331,000000,10.7215,10.7215,9.8443,10.6241,0,0
JWW_PE,D,20230403,000000,10.6241,10.7215,10.3316,10.7215,0,0
JWW_PE,D,20230404,000000,10.3316,10.7215,10.2342,10.7215,0,0
JWW_PE,D,20230405,000000,10.3316,10.5266,10.2342,10.5266,0,0
JWW_PE,D,20230406,000000,10.2342,10.7215,10.2342,10.5266,0,0
JWW_PE,D,20230411,000000,10.7215,10.7215,10.7215,10.7215,0,0
JWW_PE,D,20230412,000000,10.6241,10.6241,9.74684,10.2342,0,0
JWW_PE,D,20230414,000000,10.4291,10.6241,10.1367,10.4291,0,0
JWW_PE,D,20230417,000000,10.5266,10.5266,10.3316,10.4291,0,0
JWW_PE,D,20230418,000000,10.5266,10.5266,10.3316,10.3316,0,0
JWW_PE,D,20230419,000000,10.4291,10.4291,10.4291,10.4291,0,0
JWW_PE,D,20230420,000000,10.0392,10.5266,10.0392,10.5266,0,0
JWW_PE,D,20230421,000000,10.5266,10.5266,10.5266,10.5266,0,0
JWW_PE,D,20230424,000000,10.2342,10.5266,9.94177,10.5266,0,0
JWW_PE,D,20230425,000000,10.1367,10.5266,10.1367,10.1367,0,0
JWW_PE,D,20230426,000000,10.1367,10.1367,9.5519,9.94177,0,0
JWW_PE,D,20230427,000000,9.64937,10.2342,9.5519,10.2342,0,0
JWW_PE,D,20230428,000000,9.74684,10.2342,6.14051,6.14051,0,0
JWW_PE,D,20230504,000000,6.14051,6.14051,6.14051,6.14051,0,0
JWW_PE,D,20230505,000000,6.14051,8.18734,6.14051,8.18734,0,0
JWW_PE,D,20230508,000000,8.47975,8.47975,7.31013,7.31013,0,0
JWW_PE,D,20230509,000000,7.21266,7.50506,7.11519,7.31013,0,0
JWW_PE,D,20230510,000000,7.31013,8.38228,6.72532,7.79747,0,0
JWW_PE,D,20230511,000000,7.79747,7.89494,7.40759,7.40759,0,0
JWW_PE,D,20230512,000000,7.60253,7.60253,6.82278,6.92025,0,0
JWW_PE,D,20230515,000000,7.11519,7.21266,6.72532,7.11519,0,0
JWW_PE,D,20230516,000000,6.92025,7.50506,6.43291,7.01772,0,0
JWW_PE,D,20230517,000000,7.01772,8.18734,7.01772,8.08987,0,0
JWW_PE,D,20230518,000000,7.50506,7.89494,7.50506,7.7,0,0
JWW_PE,D,20230519,000000,7.79747,8.18734,7.60253,8.18734,0,0
JWW_PE,D,20230522,000000,7.79747,9.5519,7.79747,8.67468,0,0
JWW_PE,D,20230523,000000,8.77215,9.74684,8.77215,9.06456,0,0
JWW_PE,D,20230524,000000,9.16203,9.35696,8.28481,8.67468,0,0
JWW_PE,D,20230525,000000,8.86962,8.86962,8.67468,8.67468,0,0
JWW_PE,D,20230526,000000,8.67468,9.25949,8.28481,9.06456,0,0
JWW_PE,D,20230529,000000,8.57722,8.86962,8.47975,8.77215,0,0
JWW_PE,D,20230530,000000,9.16203,9.35696,8.96709,9.16203,0,0
JWW_PE,D,20230531,000000,9.25949,9.25949,7.89494,7.89494,0,0
JWW_PE,D,20230601,000000,8.08987,9.16203,8.08987,8.96709,0,0
JWW_PE,D,20230602,000000,9.06456,9.16203,8.67468,8.77215,0,0
JWW_PE,D,20230605,000000,8.67468,8.96709,8.38228,8.96709,0,0
JWW_PE,D,20230606,000000,8.86962,9.06456,8.77215,8.96709,0,0
JWW_PE,D,20230607,000000,9.06456,9.16203,8.67468,9.06456,0,0
JWW_PE,D,20230609,000000,9.16203,9.5519,8.96709,9.25949,0,0
JWW_PE,D,20230612,000000,9.35696,9.45443,8.57722,9.16203,0,0
JWW_PE,D,20230613,000000,9.06456,9.25949,8.67468,8.96709,0,0
JWW_PE,D,20230614,000000,8.86962,8.86962,8.67468,8.86962,0,0
JWW_PE,D,20230615,000000,8.86962,8.86962,8.67468,8.67468,0,0
JWW_PE,D,20230616,000000,8.57722,8.67468,8.47975,8.67468,0,0
JWW_PE,D,20230619,000000,8.67468,8.67468,8.47975,8.47975,0,0
JWW_PE,D,20230620,000000,8.57722,8.57722,8.38228,8.57722,0,0
JWW_PE,D,20230621,000000,8.57722,8.67468,8.28481,8.67468,0,0
JWW_PE,D,20230622,000000,8.67468,8.67468,8.18734,8.67468,0,0
JWW_PE,D,20230623,000000,8.67468,9.45443,8.67468,9.25949,0,0
JWW_PE,D,20230626,000000,9.25949,9.35696,8.86962,9.25949,0,0
JWW_PE,D,20230627,000000,9.25949,9.25949,8.86962,9.16203,0,0
JWW_PE,D,20230628,000000,9.25949,9.25949,8.67468,9.16203,0,0
JWW_PE,D,20230629,000000,9.6,9.6,9.2,9.2,0,0
JWW_PE,D,20230630,000000,8.9,9.3,8.8,9.3,0,0
JWW_PE,D,20230703,000000,9.2,9.4,9.2,9.3,0,0
JWW_PE,D,20230704,000000,9.4,10.7,9.1,10.7,0,0
JWW_PE,D,20230705,000000,11,11.8,11,11.5,0,0
JWW_PE,D,20230706,000000,11.5,11.6,10.4,10.4,0,0
JWW_PE,D,20230707,000000,10.4,11,10.4,11,0,0
JWW_PE,D,20230710,000000,10.5,11,10.5,10.6,0,0
JWW_PE,D,20230711,000000,10.8,11.2,10.7,11.2,0,0
JWW_PE,D,20230712,000000,11.3,11.3,10.4,10.7,0,0
JWW_PE,D,20230713,000000,10.7,10.7,10.3,10.6,0,0
JWW_PE,D,20230714,000000,10.7,10.7,9.9,10.3,0,0
JWW_PE,D,20230717,000000,10.3,10.4,9.8,10.2,0,0
JWW_PE,D,20230718,000000,9.8,10.1,9.6,9.8,0,0
JWW_PE,D,20230719,000000,9.6,10.3,9.6,10.2,0,0
JWW_PE,D,20230720,000000,10.2,10.3,9.9,10.2,0,0
JWW_PE,D,20230721,000000,9.9,10.1,9.7,10.1,0,0
JWW_PE,D,20230724,000000,10,10.1,9.8,9.8,0,0
JWW_PE,D,20230725,000000,9.6,10.1,9.6,10.1,0,0
JWW_PE,D,20230726,000000,10.1,10.2,10,10.1,0,0
JWW_PE,D,20230727,000000,9.9,10,9.7,9.9,0,0
JWW_PE,D,20230728,000000,9.7,9.8,9.3,9.6,0,0
JWW_PE,D,20230731,000000,9.7,9.9,9.5,9.6,0,0
JWW_PE,D,20230801,000000,9.6,9.7,9.5,9.5,0,0
JWW_PE,D,20230802,000000,9.6,9.8,9.6,9.6,0,0
JWW_PE,D,20230803,000000,9.6,9.6,9.6,9.6,0,0
JWW_PE,D,20230804,000000,9.5,9.6,9.2,9.5,0,0
JWW_PE,D,20230807,000000,9.264,9.5,9.204,9.5,0,0
JWW_PE,D,20230808,000000,9.262,9.441,9.023,9.3,0,0
JWW_PE,D,20230809,000000,9.301,9.301,9,9,0,0
JWW_PE,D,20230810,000000,9.118,9.236,8.94,9,0,0
JWW_PE,D,20230811,000000,8.999,8.999,8.582,8.6,0,0
JWW_PE,D,20230814,000000,8.6,9.134,8.6,8.8,0,0
JWW_PE,D,20230816,000000,8.918,8.918,8.68,8.7,0,0
JWW_PE,D,20230817,000000,8.701,8.701,8.4,8.4,0,0
JWW_PE,D,20230818,000000,8.52,8.698,8.341,8.5,0,0
JWW_PE,D,20230821,000000,8.499,8.6,8.262,8.6,0,0
JWW_PE,D,20230822,000000,8.6,8.6,8.6,8.6,0,0
JWW_PE,D,20230823,000000,8.304,8.6,8.244,8.6,0,0
JWW_PE,D,20230824,000000,8.6,8.838,8.6,8.7,0,0
JWW_PE,D,20230825,000000,8.286,8.6,8.286,8.6,0,0
JWW_PE,D,20230828,000000,8.541,8.9,8.541,8.9,0,0
JWW_PE,D,20230829,000000,8.901,9.2,8.6,8.6,0,0
JWW_PE,D,20230830,000000,8.6,8.6,8.6,8.6,0,0
JWW_PE,D,20230831,000000,8.541,8.541,8.3,8.3,0,0
JWW_PE,D,20230901,000000,8.301,8.42,8.301,8.4,0,0
JWW_PE,D,20230904,000000,8.4,8.698,8.162,8.6,0,0
JWW_PE,D,20230905,000000,8.363,8.6,8.185,8.6,0,0
JWW_PE,D,20230906,000000,8.301,8.42,8.122,8.4,0,0
JWW_PE,D,20230907,000000,8.46,8.52,8.222,8.5,0,0
JWW_PE,D,20230908,000000,8.44,8.5,8.44,8.5,0,0
JWW_PE,D,20230911,000000,8.202,8.4,7.786,8.4,0,0
JWW_PE,D,20230912,000000,8.222,8.222,8.2,8.2,0,0
JWW_PE,D,20230913,000000,8.259,8.4,8.259,8.4,0,0
JWW_PE,D,20230914,000000,8.281,8.6,8.222,8.6,0,0
JWW_PE,D,20230915,000000,8.6,8.6,8.241,8.4,0,0
JWW_PE,D,20230918,000000,8.4,8.4,8.4,8.4,0,0
JWW_PE,D,20230919,000000,8.282,8.459,8.282,8.3,0,0
JWW_PE,D,20230920,000000,8.301,8.301,8.3,8.3,0,0
JWW_PE,D,20230921,000000,8.301,8.42,8.301,8.4,0,0
JWW_PE,D,20230925,000000,8.4,8.4,7.986,8.3,0,0
JWW_PE,D,20230927,000000,8.361,8.361,8.242,8.3,0,0
JWW_PE,D,20230928,000000,8.361,8.361,6.987,7.4,0,0
JWW_PE,D,20230929,000000,7.164,12.3,7.164,12.3,0,0
JWW_PE,D,20231002,000000,11.63,12.3,11.63,11.8,0,0
JWW_PE,D,20231003,000000,11.608,11.8,11.3,11.3,0,0
JWW_PE,D,20231004,000000,11.301,11.301,11.2,11.2,0,0
