<TICKER>,<PER>,<DATE>,<TIME>,<OPEN>,<HIGH>,<LOW>,<CLOSE>,<VOL>,<OPENINT>
LKD_PE,D,20151215,000000,11.0378,11.0378,11.0378,11.0378,0,0
LKD_PE,D,20151217,000000,10.7877,10.7877,10.7877,10.7877,0,0
LKD_PE,D,20151218,000000,10.9132,10.9755,10.9132,10.9755,0,0
LKD_PE,D,20151221,000000,9.78951,10.3518,9.78951,10.3518,0,0
LKD_PE,D,20151222,000000,9.78951,10.4755,9.72797,10.4755,0,0
LKD_PE,D,20151223,000000,10.664,10.664,10.6009,10.6009,0,0
LKD_PE,D,20151228,000000,10.6009,10.6009,10.6009,10.6009,0,0
LKD_PE,D,20151229,000000,10.6009,10.6009,10.6009,10.6009,0,0
LKD_PE,D,20151230,000000,10.6009,11.0378,9.72797,11.0378,0,0
LKD_PE,D,20160113,000000,10.7877,10.7877,10.7877,10.7877,0,0
LKD_PE,D,20160120,000000,8.85512,8.91741,8.85512,8.91741,0,0
LKD_PE,D,20160121,000000,8.85512,9.72797,8.85512,9.66569,0,0
LKD_PE,D,20160127,000000,9.72797,9.72797,8.85512,9.72797,0,0
LKD_PE,D,20160129,000000,10.664,10.664,10.664,10.664,0,0
LKD_PE,D,20160203,000000,10.6009,10.6009,10.6009,10.6009,0,0
LKD_PE,D,20160212,000000,9.72797,10.4755,9.72797,10.4755,0,0
LKD_PE,D,20160216,000000,10.4755,10.4755,10.4755,10.4755,0,0
LKD_PE,D,20160224,000000,9.78951,9.78951,8.85512,8.85512,0,0
LKD_PE,D,20160225,000000,9.72797,9.72797,9.72797,9.72797,0,0
LKD_PE,D,20160229,000000,9.72797,9.72797,9.72797,9.72797,0,0
LKD_PE,D,20160304,000000,9.54113,9.54113,9.54113,9.54113,0,0
LKD_PE,D,20160309,000000,9.54113,9.54113,9.54113,9.54113,0,0
LKD_PE,D,20160310,000000,9.54113,9.54113,9.54113,9.54113,0,0
LKD_PE,D,20160311,000000,9.54113,9.54113,9.54113,9.54113,0,0
LKD_PE,D,20160316,000000,9.54113,10.1648,3.74154,3.74154,0,0
LKD_PE,D,20160317,000000,3.92857,3.92857,3.92857,3.92857,0,0
LKD_PE,D,20160318,000000,3.86628,3.92857,3.86628,3.92857,0,0
LKD_PE,D,20160321,000000,3.92857,4.17807,3.92857,4.17807,0,0
LKD_PE,D,20160322,000000,4.1157,4.1157,4.1157,4.1157,0,0
LKD_PE,D,20160323,000000,4.05333,4.05333,4.05333,4.05333,0,0
LKD_PE,D,20160329,000000,4.05333,4.05333,4.05333,4.05333,0,0
LKD_PE,D,20160330,000000,4.05333,4.05333,4.05333,4.05333,0,0
LKD_PE,D,20160331,000000,4.05333,4.05333,4.05333,4.05333,0,0
LKD_PE,D,20160401,000000,4.1157,4.1157,4.1157,4.1157,0,0
LKD_PE,D,20160405,000000,4.1157,4.1157,4.1157,4.1157,0,0
LKD_PE,D,20160406,000000,4.1157,4.1157,4.1157,4.1157,0,0
LKD_PE,D,20160407,000000,4.1157,4.1157,4.1157,4.1157,0,0
LKD_PE,D,20160411,000000,4.1157,4.1157,4.1157,4.1157,0,0
LKD_PE,D,20160412,000000,4.1157,4.1157,4.1157,4.1157,0,0
LKD_PE,D,20160413,000000,4.1157,4.17807,4.1157,4.17807,0,0
LKD_PE,D,20160414,000000,4.1157,4.17807,4.1157,4.17807,0,0
LKD_PE,D,20160415,000000,4.17807,4.24052,4.17807,4.17807,0,0
LKD_PE,D,20160418,000000,4.19332,4.2588,4.19332,4.2588,0,0
LKD_PE,D,20160419,000000,4.2588,4.32429,4.12775,4.32429,0,0
LKD_PE,D,20160422,000000,4.2588,4.2588,4.2588,4.2588,0,0
LKD_PE,D,20160425,000000,4.19332,4.19332,4.19332,4.19332,0,0
LKD_PE,D,20160426,000000,4.19332,4.19332,4.19332,4.19332,0,0
LKD_PE,D,20160427,000000,4.2588,4.32429,4.2588,4.32429,0,0
LKD_PE,D,20160428,000000,4.32429,4.32429,4.32429,4.32429,0,0
LKD_PE,D,20160429,000000,4.32429,4.38977,4.32429,4.38977,0,0
LKD_PE,D,20160502,000000,4.38977,4.38977,4.38977,4.38977,0,0
LKD_PE,D,20160504,000000,4.38977,4.38977,4.38977,4.38977,0,0
LKD_PE,D,20160505,000000,4.38977,4.38977,4.38977,4.38977,0,0
LKD_PE,D,20160506,000000,4.38977,4.38977,4.32429,4.38977,0,0
LKD_PE,D,20160509,000000,4.38977,4.38977,4.38977,4.38977,0,0
LKD_PE,D,20160510,000000,4.38977,4.38977,4.38977,4.38977,0,0
LKD_PE,D,20160511,000000,4.38977,4.38977,4.2588,4.32429,0,0
LKD_PE,D,20160512,000000,4.38977,4.38977,4.38977,4.38977,0,0
LKD_PE,D,20160513,000000,4.38977,4.38977,4.38977,4.38977,0,0
LKD_PE,D,20160516,000000,4.38977,4.38977,4.32429,4.38977,0,0
LKD_PE,D,20160518,000000,4.32429,4.32429,4.32429,4.32429,0,0
LKD_PE,D,20160519,000000,4.19332,4.32429,4.19332,4.32429,0,0
LKD_PE,D,20160520,000000,4.19332,4.32429,4.19332,4.32429,0,0
LKD_PE,D,20160525,000000,3.66917,3.86571,3.66917,3.86571,0,0
LKD_PE,D,20160527,000000,3.86571,3.86571,3.86571,3.86571,0,0
LKD_PE,D,20160530,000000,3.86571,3.93128,3.86571,3.93128,0,0
LKD_PE,D,20160531,000000,3.93128,3.93128,3.86571,3.93128,0,0
LKD_PE,D,20160603,000000,3.93128,3.93128,3.93128,3.93128,0,0
LKD_PE,D,20160606,000000,3.93128,3.93128,3.93128,3.93128,0,0
LKD_PE,D,20160607,000000,3.93128,3.93128,3.93128,3.93128,0,0
LKD_PE,D,20160608,000000,3.80023,3.93128,3.80023,3.93128,0,0
LKD_PE,D,20160613,000000,3.73474,3.93128,3.73474,3.93128,0,0
LKD_PE,D,20160614,000000,3.93128,3.93128,3.73474,3.93128,0,0
LKD_PE,D,20160616,000000,3.73474,3.86571,3.66917,3.66917,0,0
LKD_PE,D,20160617,000000,3.93128,3.93128,3.93128,3.93128,0,0
LKD_PE,D,20160624,000000,3.53811,3.80023,3.47254,3.80023,0,0
LKD_PE,D,20160627,000000,3.80023,3.80023,3.80023,3.80023,0,0
LKD_PE,D,20160628,000000,3.66917,3.93128,3.66917,3.93128,0,0
LKD_PE,D,20160705,000000,3.93128,3.93128,3.86571,3.93128,0,0
LKD_PE,D,20160711,000000,3.80023,3.93128,3.80023,3.86571,0,0
LKD_PE,D,20160712,000000,3.66917,3.86571,3.66917,3.86571,0,0
LKD_PE,D,20160714,000000,3.80023,3.86571,3.73474,3.80023,0,0
LKD_PE,D,20160715,000000,3.80023,3.99668,3.73474,3.99668,0,0
LKD_PE,D,20160718,000000,4.06225,4.2588,4.06225,4.2588,0,0
LKD_PE,D,20160719,000000,4.2588,4.2588,4.12775,4.12775,0,0
LKD_PE,D,20160720,000000,4.19332,4.2588,4.19332,4.2588,0,0
LKD_PE,D,20160721,000000,4.2588,4.2588,4.2588,4.2588,0,0
LKD_PE,D,20160725,000000,4.2588,4.32429,4.2588,4.2588,0,0
LKD_PE,D,20160726,000000,4.38977,4.38977,4.19332,4.38977,0,0
LKD_PE,D,20160727,000000,4.52083,4.52083,4.52083,4.52083,0,0
LKD_PE,D,20160728,000000,4.45543,4.52083,4.45543,4.52083,0,0
LKD_PE,D,20160729,000000,4.52083,4.52083,4.52083,4.52083,0,0
LKD_PE,D,20160801,000000,4.32429,4.52083,4.32429,4.45543,0,0
LKD_PE,D,20160804,000000,4.32429,4.45543,4.32429,4.45543,0,0
LKD_PE,D,20160808,000000,4.32429,4.45543,4.32429,4.45543,0,0
LKD_PE,D,20160810,000000,4.45543,4.45543,4.45543,4.45543,0,0
LKD_PE,D,20160811,000000,4.32429,4.45543,4.32429,4.38977,0,0
LKD_PE,D,20160812,000000,4.38977,4.38977,4.38977,4.38977,0,0
LKD_PE,D,20160816,000000,4.38977,4.38977,4.2588,4.38977,0,0
LKD_PE,D,20160817,000000,4.38977,4.38977,4.38977,4.38977,0,0
LKD_PE,D,20160823,000000,4.38977,4.38977,4.2588,4.38977,0,0
LKD_PE,D,20160824,000000,4.2588,4.38977,4.2588,4.38977,0,0
LKD_PE,D,20160825,000000,4.38977,4.38977,4.38977,4.38977,0,0
LKD_PE,D,20160829,000000,4.2588,4.38977,4.2588,4.38977,0,0
LKD_PE,D,20160830,000000,4.2588,4.38977,4.2588,4.32429,0,0
LKD_PE,D,20160901,000000,4.2588,4.32429,4.2588,4.32429,0,0
LKD_PE,D,20160905,000000,4.32429,4.32429,4.12775,4.32429,0,0
LKD_PE,D,20160906,000000,4.12775,4.32429,4.12775,4.32429,0,0
LKD_PE,D,20160907,000000,4.32429,4.32429,4.32429,4.32429,0,0
LKD_PE,D,20160908,000000,4.32429,4.32429,4.32429,4.32429,0,0
LKD_PE,D,20160909,000000,4.32429,4.32429,4.32429,4.32429,0,0
LKD_PE,D,20160912,000000,4.32429,4.32429,4.32429,4.32429,0,0
LKD_PE,D,20160913,000000,4.32429,4.32429,4.19332,4.19332,0,0
LKD_PE,D,20160914,000000,4.32429,4.32429,4.32429,4.32429,0,0
LKD_PE,D,20160919,000000,4.19332,4.19332,4.19332,4.19332,0,0
LKD_PE,D,20160921,000000,4.06225,4.19332,4.06225,4.19332,0,0
LKD_PE,D,20160922,000000,4.06225,4.19332,4.06225,4.06225,0,0
LKD_PE,D,20160923,000000,4.19332,4.19332,4.06225,4.06225,0,0
LKD_PE,D,20160926,000000,4.06225,4.06225,4.06225,4.06225,0,0
LKD_PE,D,20160927,000000,4.06225,4.06225,3.99668,4.06225,0,0
LKD_PE,D,20160929,000000,3.86571,4.19332,3.86571,3.99668,0,0
LKD_PE,D,20160930,000000,3.86571,4.06225,3.73474,3.73474,0,0
LKD_PE,D,20161003,000000,3.86571,3.93128,3.86571,3.93128,0,0
LKD_PE,D,20161004,000000,4.2588,4.2588,3.99668,4.12775,0,0
LKD_PE,D,20161005,000000,4.12775,4.12775,4.06225,4.12775,0,0
LKD_PE,D,20161011,000000,3.93128,4.06225,3.93128,4.06225,0,0
LKD_PE,D,20161013,000000,3.93128,4.06225,3.93128,3.99668,0,0
LKD_PE,D,20161014,000000,3.86571,4.06225,3.86571,4.06225,0,0
LKD_PE,D,20161017,000000,3.99668,4.06225,3.99668,4.06225,0,0
LKD_PE,D,20161018,000000,4.06225,4.06225,3.99668,4.06225,0,0
LKD_PE,D,20161019,000000,3.93128,4.06225,3.93128,4.06225,0,0
LKD_PE,D,20161025,000000,3.93128,4.06225,3.93128,4.06225,0,0
LKD_PE,D,20161026,000000,3.99668,4.06225,3.99668,4.06225,0,0
LKD_PE,D,20161027,000000,3.99668,4.06225,3.99668,4.06225,0,0
LKD_PE,D,20161102,000000,4.06225,4.06225,4.06225,4.06225,0,0
LKD_PE,D,20161108,000000,4.12775,4.12775,4.06225,4.06225,0,0
LKD_PE,D,20161109,000000,4.06225,4.32429,4.06225,4.2588,0,0
LKD_PE,D,20161110,000000,4.2588,4.2588,4.19332,4.2588,0,0
LKD_PE,D,20161114,000000,4.2588,4.2588,4.19332,4.19332,0,0
LKD_PE,D,20161115,000000,4.12775,4.2588,4.12775,4.2588,0,0
LKD_PE,D,20161117,000000,4.2588,4.2588,4.19332,4.19332,0,0
LKD_PE,D,20161118,000000,4.06225,4.19332,4.06225,4.19332,0,0
LKD_PE,D,20161122,000000,4.06225,4.19332,4.06225,4.19332,0,0
LKD_PE,D,20161123,000000,4.06225,4.12775,4.06225,4.12775,0,0
LKD_PE,D,20161124,000000,4.12775,4.12775,4.06225,4.06225,0,0
LKD_PE,D,20161125,000000,4.12775,4.12775,3.99668,3.99668,0,0
LKD_PE,D,20161128,000000,3.86571,4.06225,3.86571,4.06225,0,0
LKD_PE,D,20161129,000000,4.06225,4.06225,4.06225,4.06225,0,0
LKD_PE,D,20161130,000000,3.93128,3.93128,3.86571,3.86571,0,0
LKD_PE,D,20161201,000000,3.86571,4.06225,3.86571,4.06225,0,0
LKD_PE,D,20161205,000000,3.80023,3.86571,3.80023,3.86571,0,0
LKD_PE,D,20161206,000000,4.06225,4.06225,3.99668,3.99668,0,0
LKD_PE,D,20161207,000000,3.86571,3.99668,3.86571,3.99668,0,0
LKD_PE,D,20161212,000000,3.99668,3.99668,3.93128,3.93128,0,0
LKD_PE,D,20161213,000000,3.93128,3.93128,3.93128,3.93128,0,0
LKD_PE,D,20161214,000000,3.86571,3.86571,3.80023,3.86571,0,0
LKD_PE,D,20161215,000000,3.73474,3.86571,3.73474,3.86571,0,0
LKD_PE,D,20161219,000000,3.86571,3.86571,3.80023,3.80023,0,0
LKD_PE,D,20161220,000000,3.86571,3.86571,3.53811,3.6036,0,0
LKD_PE,D,20161221,000000,3.80023,3.80023,3.73474,3.73474,0,0
LKD_PE,D,20161222,000000,3.53811,3.66917,3.53811,3.66917,0,0
LKD_PE,D,20161223,000000,3.66917,3.66917,3.66917,3.66917,0,0
LKD_PE,D,20161227,000000,3.6036,3.6036,3.6036,3.6036,0,0
LKD_PE,D,20161228,000000,3.6036,3.6036,3.40706,3.53811,0,0
LKD_PE,D,20161229,000000,3.6036,3.6036,3.40706,3.53811,0,0
LKD_PE,D,20161230,000000,3.40706,3.53811,3.40706,3.53811,0,0
LKD_PE,D,20170103,000000,3.66917,3.66917,3.66917,3.66917,0,0
LKD_PE,D,20170104,000000,3.66917,3.73474,3.66917,3.73474,0,0
LKD_PE,D,20170105,000000,3.80023,3.80023,3.80023,3.80023,0,0
LKD_PE,D,20170109,000000,3.80023,3.80023,3.80023,3.80023,0,0
LKD_PE,D,20170110,000000,3.66917,3.86571,3.66917,3.86571,0,0
LKD_PE,D,20170111,000000,3.86571,3.86571,3.86571,3.86571,0,0
LKD_PE,D,20170113,000000,3.53811,3.93128,3.53811,3.86571,0,0
LKD_PE,D,20170116,000000,3.86571,3.93128,3.86571,3.93128,0,0
LKD_PE,D,20170117,000000,3.93128,3.93128,3.86571,3.86571,0,0
LKD_PE,D,20170118,000000,3.86571,3.86571,3.86571,3.86571,0,0
LKD_PE,D,20170119,000000,3.93128,3.93128,3.80023,3.86571,0,0
LKD_PE,D,20170120,000000,3.86571,3.93128,3.86571,3.86571,0,0
LKD_PE,D,20170123,000000,3.80023,3.93128,3.80023,3.93128,0,0
LKD_PE,D,20170124,000000,3.93128,3.93128,3.86571,3.93128,0,0
LKD_PE,D,20170125,000000,3.93128,4.06225,3.80023,4.06225,0,0
LKD_PE,D,20170126,000000,4.06225,4.12775,3.99668,4.12775,0,0
LKD_PE,D,20170127,000000,4.12775,4.12775,3.86571,4.06225,0,0
LKD_PE,D,20170130,000000,4.06225,4.06225,3.86571,3.99668,0,0
LKD_PE,D,20170131,000000,3.99668,4.06225,3.99668,4.06225,0,0
LKD_PE,D,20170201,000000,4.06225,4.06225,4.06225,4.06225,0,0
LKD_PE,D,20170202,000000,3.99668,4.06225,3.99668,3.99668,0,0
LKD_PE,D,20170203,000000,3.99668,3.99668,3.93128,3.99668,0,0
LKD_PE,D,20170207,000000,3.99668,3.99668,3.99668,3.99668,0,0
LKD_PE,D,20170209,000000,3.99668,3.99668,3.93128,3.99668,0,0
LKD_PE,D,20170210,000000,3.99668,3.99668,3.93128,3.93128,0,0
LKD_PE,D,20170213,000000,3.93128,3.93128,3.93128,3.93128,0,0
LKD_PE,D,20170214,000000,3.86571,3.93128,3.86571,3.93128,0,0
LKD_PE,D,20170215,000000,3.86571,3.86571,3.80023,3.86571,0,0
LKD_PE,D,20170216,000000,3.99668,3.99668,3.86571,3.86571,0,0
LKD_PE,D,20170217,000000,3.80023,3.99668,3.80023,3.99668,0,0
LKD_PE,D,20170220,000000,3.99668,3.99668,3.99668,3.99668,0,0
LKD_PE,D,20170221,000000,3.86571,3.93128,3.86571,3.93128,0,0
LKD_PE,D,20170222,000000,3.99668,3.99668,3.86571,3.93128,0,0
LKD_PE,D,20170223,000000,3.93128,3.99668,3.80023,3.99668,0,0
LKD_PE,D,20170224,000000,3.99668,3.99668,3.99668,3.99668,0,0
LKD_PE,D,20170227,000000,3.99668,4.12775,3.99668,4.12775,0,0
LKD_PE,D,20170228,000000,4.06225,4.12775,4.06225,4.06225,0,0
LKD_PE,D,20170301,000000,4.06225,4.06225,4.06225,4.06225,0,0
LKD_PE,D,20170302,000000,4.06225,4.06225,3.99668,4.06225,0,0
LKD_PE,D,20170307,000000,4.06225,4.06225,4.06225,4.06225,0,0
LKD_PE,D,20170308,000000,4.06225,4.06225,3.93128,4.06225,0,0
LKD_PE,D,20170309,000000,3.86571,4.06225,3.86571,3.99668,0,0
LKD_PE,D,20170313,000000,3.73474,3.99668,3.73474,3.99668,0,0
LKD_PE,D,20170314,000000,3.99668,3.99668,3.86571,3.86571,0,0
LKD_PE,D,20170315,000000,3.86571,3.99668,3.86571,3.99668,0,0
LKD_PE,D,20170316,000000,3.99668,4.06225,3.99668,3.99668,0,0
LKD_PE,D,20170317,000000,3.99668,3.99668,3.93128,3.99668,0,0
LKD_PE,D,20170320,000000,3.99668,3.99668,3.99668,3.99668,0,0
LKD_PE,D,20170321,000000,3.99668,4.06225,3.99668,4.06225,0,0
LKD_PE,D,20170322,000000,4.06225,4.06225,3.80023,3.80023,0,0
LKD_PE,D,20170323,000000,3.80023,3.80023,3.73474,3.73474,0,0
LKD_PE,D,20170324,000000,3.73474,3.73474,3.73474,3.73474,0,0
LKD_PE,D,20170327,000000,3.73474,3.73474,3.73474,3.73474,0,0
LKD_PE,D,20170328,000000,3.73474,3.73474,3.73474,3.73474,0,0
LKD_PE,D,20170329,000000,3.73474,3.80023,3.73474,3.80023,0,0
LKD_PE,D,20170330,000000,3.80023,3.86571,3.66917,3.80023,0,0
LKD_PE,D,20170331,000000,3.80023,3.99668,3.73474,3.99668,0,0
LKD_PE,D,20170403,000000,3.99668,4.12775,3.99668,3.99668,0,0
LKD_PE,D,20170404,000000,4.06225,4.06225,4.06225,4.06225,0,0
LKD_PE,D,20170406,000000,3.99668,4.06225,3.99668,4.06225,0,0
LKD_PE,D,20170407,000000,4.06225,4.06225,4.06225,4.06225,0,0
LKD_PE,D,20170410,000000,4.06225,4.06225,3.93128,3.99668,0,0
LKD_PE,D,20170411,000000,3.99668,4.06225,3.99668,4.06225,0,0
LKD_PE,D,20170412,000000,4.06225,4.06225,3.93128,3.93128,0,0
LKD_PE,D,20170413,000000,4.06225,4.06225,4.06225,4.06225,0,0
LKD_PE,D,20170418,000000,4.12775,4.12775,3.73474,3.99668,0,0
LKD_PE,D,20170419,000000,3.86571,4.12775,3.86571,3.99668,0,0
LKD_PE,D,20170420,000000,4.12775,4.12775,3.99668,4.06225,0,0
LKD_PE,D,20170421,000000,4.06225,4.2588,3.86571,4.2588,0,0
LKD_PE,D,20170424,000000,4.19332,4.2588,4.19332,4.2588,0,0
LKD_PE,D,20170425,000000,4.19332,4.2588,4.19332,4.2588,0,0
LKD_PE,D,20170426,000000,4.32429,4.32429,4.19332,4.32429,0,0
LKD_PE,D,20170427,000000,4.32429,4.38977,4.32429,4.38977,0,0
LKD_PE,D,20170428,000000,4.45543,4.45543,4.12775,4.38977,0,0
LKD_PE,D,20170502,000000,4.38977,4.38977,4.38977,4.38977,0,0
LKD_PE,D,20170504,000000,4.38977,4.38977,4.38977,4.38977,0,0
LKD_PE,D,20170505,000000,4.38977,4.38977,4.38977,4.38977,0,0
LKD_PE,D,20170508,000000,4.38977,4.38977,4.19332,4.38977,0,0
LKD_PE,D,20170509,000000,4.38977,4.38977,4.12775,4.38977,0,0
LKD_PE,D,20170510,000000,4.2588,4.32429,4.2588,4.32429,0,0
LKD_PE,D,20170511,000000,4.32429,4.32429,4.32429,4.32429,0,0
LKD_PE,D,20170512,000000,4.32429,4.32429,4.06225,4.32429,0,0
LKD_PE,D,20170516,000000,4.32429,4.32429,4.32429,4.32429,0,0
LKD_PE,D,20170517,000000,4.12775,5.50363,4.06225,5.50363,0,0
LKD_PE,D,20170518,000000,5.37258,5.56912,5.30709,5.30709,0,0
LKD_PE,D,20170519,000000,5.30709,5.50363,5.30709,5.50363,0,0
LKD_PE,D,20170524,000000,5.50363,5.50363,5.43814,5.50363,0,0
LKD_PE,D,20170525,000000,5.30709,5.50363,5.2416,5.2416,0,0
LKD_PE,D,20170526,000000,5.37258,5.50363,5.37258,5.50363,0,0
LKD_PE,D,20170529,000000,5.50363,5.50363,5.50363,5.50363,0,0
LKD_PE,D,20170530,000000,5.43814,5.63477,5.43814,5.63477,0,0
LKD_PE,D,20170531,000000,5.63477,5.63477,5.43814,5.63477,0,0
LKD_PE,D,20170601,000000,5.50363,5.50363,5.50363,5.50363,0,0
LKD_PE,D,20170602,000000,5.56912,5.63477,5.50363,5.63477,0,0
LKD_PE,D,20170605,000000,5.63477,5.63477,5.63477,5.63477,0,0
LKD_PE,D,20170606,000000,5.63477,5.63477,5.56912,5.56912,0,0
LKD_PE,D,20170607,000000,5.56912,5.63477,5.37258,5.63477,0,0
LKD_PE,D,20170608,000000,5.63477,5.63477,5.63477,5.63477,0,0
LKD_PE,D,20170612,000000,5.63477,5.63477,5.11054,5.43814,0,0
LKD_PE,D,20170613,000000,5.63477,5.63477,5.63477,5.63477,0,0
LKD_PE,D,20170614,000000,5.63477,5.63477,5.63477,5.63477,0,0
LKD_PE,D,20170616,000000,5.63477,5.70017,5.63477,5.63477,0,0
LKD_PE,D,20170619,000000,5.78386,6.05933,5.78386,6.05933,0,0
LKD_PE,D,20170621,000000,5.78386,5.92163,5.71501,5.92163,0,0
LKD_PE,D,20170622,000000,5.92163,5.92163,5.92163,5.92163,0,0
LKD_PE,D,20170626,000000,5.8527,5.8527,5.8527,5.8527,0,0
LKD_PE,D,20170628,000000,5.78386,5.92163,5.57732,5.78386,0,0
LKD_PE,D,20170629,000000,5.92163,5.92163,5.8527,5.92163,0,0
LKD_PE,D,20170630,000000,5.8527,6.12818,5.8527,6.05933,0,0
LKD_PE,D,20170703,000000,5.50847,6.05933,5.50847,6.05933,0,0
LKD_PE,D,20170704,000000,6.19703,6.40365,6.19703,6.33472,0,0
LKD_PE,D,20170705,000000,6.33472,6.33472,5.8527,6.26587,0,0
LKD_PE,D,20170706,000000,6.26587,6.33472,5.8527,6.26587,0,0
LKD_PE,D,20170707,000000,5.8527,6.26587,5.8527,6.05933,0,0
LKD_PE,D,20170711,000000,6.33472,6.33472,6.33472,6.33472,0,0
LKD_PE,D,20170712,000000,6.33472,6.54126,6.12818,6.33472,0,0
LKD_PE,D,20170713,000000,6.40365,6.40365,6.40365,6.40365,0,0
LKD_PE,D,20170717,000000,6.40365,6.40365,6.12818,6.26587,0,0
LKD_PE,D,20170718,000000,6.40365,6.40365,6.05933,6.05933,0,0
LKD_PE,D,20170719,000000,6.19703,6.19703,6.19703,6.19703,0,0
LKD_PE,D,20170720,000000,6.19703,6.19703,6.19703,6.19703,0,0
LKD_PE,D,20170721,000000,6.19703,6.33472,6.19703,6.33472,0,0
LKD_PE,D,20170724,000000,6.33472,6.33472,5.71501,6.05933,0,0
LKD_PE,D,20170725,000000,6.26587,6.26587,5.92163,6.19703,0,0
LKD_PE,D,20170726,000000,6.26587,6.26587,6.26587,6.26587,0,0
LKD_PE,D,20170731,000000,6.26587,6.47242,6.26587,6.47242,0,0
LKD_PE,D,20170801,000000,6.33472,6.47242,6.33472,6.47242,0,0
LKD_PE,D,20170802,000000,6.05933,6.40365,6.05933,6.33472,0,0
LKD_PE,D,20170807,000000,6.05933,6.12818,6.05933,6.12818,0,0
LKD_PE,D,20170809,000000,6.12818,9.36406,6.12818,9.36406,0,0
LKD_PE,D,20170810,000000,9.63952,9.63952,9.36406,9.36406,0,0
LKD_PE,D,20170811,000000,9.36406,9.36406,9.36406,9.36406,0,0
LKD_PE,D,20170814,000000,9.36406,9.36406,9.36406,9.36406,0,0
LKD_PE,D,20170816,000000,9.36406,9.43297,9.01986,9.01986,0,0
LKD_PE,D,20170817,000000,9.43297,9.43297,9.08871,9.08871,0,0
LKD_PE,D,20170818,000000,9.01986,9.01986,8.95101,8.95101,0,0
LKD_PE,D,20170821,000000,8.53793,9.08871,8.53793,9.08871,0,0
LKD_PE,D,20170822,000000,8.88298,9.08871,8.88298,9.08871,0,0
LKD_PE,D,20170823,000000,9.08871,9.08871,8.81331,9.01986,0,0
LKD_PE,D,20170824,000000,8.67645,8.95101,8.67645,8.95101,0,0
LKD_PE,D,20170825,000000,8.95101,8.95101,8.95101,8.95101,0,0
LKD_PE,D,20170828,000000,9.01986,9.01986,9.01986,9.01986,0,0
LKD_PE,D,20170829,000000,9.01986,9.01986,9.01986,9.01986,0,0
LKD_PE,D,20170830,000000,9.01986,9.01986,8.67645,8.67645,0,0
LKD_PE,D,20170831,000000,8.95101,9.01986,8.95101,9.01986,0,0
LKD_PE,D,20170901,000000,9.01986,9.01986,9.01986,9.01986,0,0
LKD_PE,D,20170904,000000,9.01986,9.01986,9.01986,9.01986,0,0
LKD_PE,D,20170905,000000,8.74447,9.01986,8.74447,8.95101,0,0
LKD_PE,D,20170906,000000,8.95101,9.43297,8.95101,9.15756,0,0
LKD_PE,D,20170907,000000,9.22641,9.29606,9.22641,9.29606,0,0
LKD_PE,D,20170908,000000,9.22641,9.22641,9.22641,9.22641,0,0
LKD_PE,D,20170911,000000,9.08871,9.08871,9.01986,9.01986,0,0
LKD_PE,D,20170912,000000,9.15756,9.22641,9.15756,9.22641,0,0
LKD_PE,D,20170913,000000,9.22641,9.22641,9.22641,9.22641,0,0
LKD_PE,D,20170914,000000,9.22641,9.22641,9.22641,9.22641,0,0
LKD_PE,D,20170915,000000,9.22641,9.22641,9.22641,9.22641,0,0
LKD_PE,D,20170918,000000,8.81331,9.22641,8.81331,9.22641,0,0
LKD_PE,D,20170920,000000,9.22641,9.22641,9.01986,9.22641,0,0
LKD_PE,D,20170921,000000,9.22641,9.22641,9.22641,9.22641,0,0
LKD_PE,D,20170922,000000,9.22641,9.22641,9.22641,9.22641,0,0
LKD_PE,D,20170926,000000,9.22641,9.22641,9.22641,9.22641,0,0
LKD_PE,D,20170927,000000,9.22641,9.29606,9.22641,9.29606,0,0
LKD_PE,D,20170928,000000,9.29606,9.29606,9.29606,9.29606,0,0
LKD_PE,D,20171003,000000,9.15756,9.29606,8.95101,9.29606,0,0
LKD_PE,D,20171005,000000,9.15756,9.29606,9.15756,9.29606,0,0
LKD_PE,D,20171006,000000,9.29606,9.29606,9.08871,9.08871,0,0
LKD_PE,D,20171009,000000,9.08871,9.50179,9.08871,9.50179,0,0
LKD_PE,D,20171010,000000,9.29606,9.29606,9.08871,9.29606,0,0
LKD_PE,D,20171011,000000,9.29606,9.29606,9.29606,9.29606,0,0
LKD_PE,D,20171012,000000,9.29606,9.29606,9.29606,9.29606,0,0
LKD_PE,D,20171013,000000,9.29606,9.29606,9.15756,9.29606,0,0
LKD_PE,D,20171016,000000,9.29606,9.29606,9.29606,9.29606,0,0
LKD_PE,D,20171017,000000,9.29606,9.29606,9.29606,9.29606,0,0
LKD_PE,D,20171018,000000,9.29606,9.29606,9.15756,9.15756,0,0
LKD_PE,D,20171019,000000,9.15756,9.29606,9.15756,9.15756,0,0
LKD_PE,D,20171023,000000,9.15756,9.15756,9.15756,9.15756,0,0
LKD_PE,D,20171024,000000,9.08871,9.29606,9.01986,9.29606,0,0
LKD_PE,D,20171025,000000,9.29606,10.0525,9.29606,9.98455,0,0
LKD_PE,D,20171026,000000,9.36406,9.63952,9.01986,9.36406,0,0
LKD_PE,D,20171027,000000,9.36406,9.36406,9.29606,9.29606,0,0
LKD_PE,D,20171030,000000,9.29606,9.29606,9.29606,9.29606,0,0
LKD_PE,D,20171031,000000,9.15756,9.36406,9.15756,9.36406,0,0
LKD_PE,D,20171103,000000,9.01986,9.50179,9.01986,9.50179,0,0
LKD_PE,D,20171106,000000,10.0525,10.0525,9.77799,9.77799,0,0
LKD_PE,D,20171107,000000,9.77799,9.77799,9.77799,9.77799,0,0
LKD_PE,D,20171108,000000,9.77799,9.77799,7.36736,7.36736,0,0
LKD_PE,D,20171109,000000,7.0918,7.71176,7.0918,7.36736,0,0
LKD_PE,D,20171110,000000,7.29883,7.36736,7.16105,7.36736,0,0
LKD_PE,D,20171113,000000,7.36736,7.36736,7.36736,7.36736,0,0
LKD_PE,D,20171114,000000,7.22958,7.36736,7.16105,7.36736,0,0
LKD_PE,D,20171115,000000,7.36736,7.36736,7.22958,7.22958,0,0
LKD_PE,D,20171116,000000,7.36736,7.36736,7.36736,7.36736,0,0
LKD_PE,D,20171120,000000,7.29883,7.36736,7.16105,7.16105,0,0
LKD_PE,D,20171121,000000,7.0918,7.16105,7.0918,7.16105,0,0
LKD_PE,D,20171122,000000,7.16105,7.16105,7.0918,7.16105,0,0
LKD_PE,D,20171123,000000,7.16105,7.16105,7.0918,7.0918,0,0
LKD_PE,D,20171124,000000,7.0918,7.0918,7.0918,7.0918,0,0
LKD_PE,D,20171127,000000,6.95476,6.95476,6.95476,6.95476,0,0
LKD_PE,D,20171128,000000,6.95476,6.95476,6.95476,6.95476,0,0
LKD_PE,D,20171129,000000,7.16105,7.16105,7.16105,7.16105,0,0
LKD_PE,D,20171130,000000,7.16105,7.16105,7.16105,7.16105,0,0
LKD_PE,D,20171201,000000,7.16105,7.16105,6.95476,7.16105,0,0
LKD_PE,D,20171204,000000,7.16105,7.22958,7.16105,7.16105,0,0
LKD_PE,D,20171205,000000,7.0918,7.16105,6.95476,7.16105,0,0
LKD_PE,D,20171206,000000,7.22958,7.22958,7.22958,7.22958,0,0
LKD_PE,D,20171207,000000,6.95476,7.22958,6.95476,7.22958,0,0
LKD_PE,D,20171208,000000,7.02328,7.22958,7.02328,7.02328,0,0
LKD_PE,D,20171211,000000,7.0918,7.16105,7.02328,7.0918,0,0
LKD_PE,D,20171213,000000,7.22958,7.22958,7.0918,7.0918,0,0
LKD_PE,D,20171214,000000,7.0918,7.16105,7.0918,7.16105,0,0
LKD_PE,D,20171215,000000,7.22958,7.22958,7.22958,7.22958,0,0
LKD_PE,D,20171218,000000,7.22958,7.57431,7.22958,7.50505,0,0
LKD_PE,D,20171219,000000,7.50505,7.50505,7.50505,7.50505,0,0
LKD_PE,D,20171220,000000,7.36736,7.50505,7.36736,7.50505,0,0
LKD_PE,D,20171222,000000,7.36736,7.50505,7.29883,7.29883,0,0
LKD_PE,D,20171227,000000,7.22958,7.57431,7.22958,7.57431,0,0
LKD_PE,D,20171228,000000,7.57431,7.57431,7.50505,7.50505,0,0
LKD_PE,D,20180103,000000,7.71176,7.84945,7.71176,7.71176,0,0
LKD_PE,D,20180104,000000,7.84945,7.9183,7.57431,7.71176,0,0
LKD_PE,D,20180105,000000,7.71176,7.71176,7.50505,7.64283,0,0
LKD_PE,D,20180108,000000,7.64283,7.64283,7.64283,7.64283,0,0
LKD_PE,D,20180109,000000,7.57431,7.71176,7.36736,7.71176,0,0
LKD_PE,D,20180110,000000,7.64283,7.71176,7.64283,7.71176,0,0
LKD_PE,D,20180111,000000,7.71176,7.71176,7.71176,7.71176,0,0
LKD_PE,D,20180112,000000,7.57431,7.84945,7.57431,7.84945,0,0
LKD_PE,D,20180115,000000,7.84945,7.84945,7.71176,7.71176,0,0
LKD_PE,D,20180117,000000,7.71176,7.71176,7.71176,7.71176,0,0
LKD_PE,D,20180119,000000,7.64283,7.64283,7.64283,7.64283,0,0
LKD_PE,D,20180122,000000,7.71176,7.71176,7.71176,7.71176,0,0
LKD_PE,D,20180123,000000,7.71176,7.71176,7.71176,7.71176,0,0
LKD_PE,D,20180124,000000,7.71176,7.71176,7.71176,7.71176,0,0
LKD_PE,D,20180125,000000,7.78036,7.78036,7.78036,7.78036,0,0
LKD_PE,D,20180126,000000,7.71176,7.71176,7.71176,7.71176,0,0
LKD_PE,D,20180129,000000,7.71176,7.71176,7.71176,7.71176,0,0
LKD_PE,D,20180131,000000,7.71176,7.84945,7.71176,7.71176,0,0
LKD_PE,D,20180201,000000,7.84945,7.84945,7.71176,7.71176,0,0
LKD_PE,D,20180202,000000,7.78036,7.78036,7.71176,7.71176,0,0
LKD_PE,D,20180205,000000,7.71176,7.71176,7.64283,7.71176,0,0
LKD_PE,D,20180206,000000,7.64283,7.71176,7.64283,7.64283,0,0
LKD_PE,D,20180207,000000,7.50505,7.71176,7.50505,7.71176,0,0
LKD_PE,D,20180208,000000,7.71176,7.71176,7.71176,7.71176,0,0
LKD_PE,D,20180209,000000,7.71176,7.71176,7.57431,7.71176,0,0
LKD_PE,D,20180212,000000,7.71176,7.71176,7.71176,7.71176,0,0
LKD_PE,D,20180214,000000,7.71176,7.71176,7.71176,7.71176,0,0
LKD_PE,D,20180215,000000,7.64283,7.71176,7.64283,7.71176,0,0
LKD_PE,D,20180216,000000,7.64283,7.71176,7.64283,7.71176,0,0
LKD_PE,D,20180219,000000,7.71176,7.71176,7.71176,7.71176,0,0
LKD_PE,D,20180220,000000,7.71176,7.84945,7.71176,7.84945,0,0
LKD_PE,D,20180221,000000,7.71176,7.84945,7.64283,7.71176,0,0
LKD_PE,D,20180222,000000,7.71176,7.71176,7.71176,7.71176,0,0
LKD_PE,D,20180223,000000,7.71176,7.71176,7.71176,7.71176,0,0
LKD_PE,D,20180227,000000,7.71176,7.71176,7.64283,7.64283,0,0
LKD_PE,D,20180228,000000,7.64283,7.64283,7.36736,7.36736,0,0
LKD_PE,D,20180301,000000,7.64283,7.64283,7.50505,7.57431,0,0
LKD_PE,D,20180302,000000,7.64283,7.64283,7.57431,7.57431,0,0
LKD_PE,D,20180305,000000,7.57431,7.57431,7.57431,7.57431,0,0
LKD_PE,D,20180306,000000,7.64283,7.64283,7.29883,7.64283,0,0
LKD_PE,D,20180307,000000,7.64283,7.64283,7.64283,7.64283,0,0
LKD_PE,D,20180308,000000,7.64283,7.64283,7.64283,7.64283,0,0
LKD_PE,D,20180309,000000,7.64283,7.64283,7.36736,7.57431,0,0
LKD_PE,D,20180315,000000,7.50505,7.57431,7.50505,7.57431,0,0
LKD_PE,D,20180316,000000,7.50505,7.57431,7.29883,7.57431,0,0
LKD_PE,D,20180319,000000,7.57431,7.64283,7.57431,7.57431,0,0
LKD_PE,D,20180320,000000,7.57431,7.64283,7.57431,7.64283,0,0
LKD_PE,D,20180321,000000,7.64283,7.64283,7.64283,7.64283,0,0
LKD_PE,D,20180322,000000,7.64283,7.64283,7.64283,7.64283,0,0
LKD_PE,D,20180323,000000,7.64283,7.64283,7.64283,7.64283,0,0
LKD_PE,D,20180326,000000,7.64283,7.64283,7.64283,7.64283,0,0
LKD_PE,D,20180327,000000,7.64283,7.64283,7.50505,7.57431,0,0
LKD_PE,D,20180328,000000,7.57431,7.64283,3.09848,3.09848,0,0
LKD_PE,D,20180329,000000,2.96078,3.02963,2.96078,3.02963,0,0
LKD_PE,D,20180403,000000,3.02963,3.09848,3.02963,3.02963,0,0
LKD_PE,D,20180404,000000,3.02963,3.02963,2.96078,2.96078,0,0
LKD_PE,D,20180405,000000,2.96078,3.02963,2.96078,3.02963,0,0
LKD_PE,D,20180406,000000,3.02963,3.02963,3.02963,3.02963,0,0
LKD_PE,D,20180409,000000,3.02963,3.02963,3.02963,3.02963,0,0
LKD_PE,D,20180410,000000,3.02963,3.02963,3.02963,3.02963,0,0
LKD_PE,D,20180411,000000,3.02963,3.02963,3.02963,3.02963,0,0
LKD_PE,D,20180412,000000,3.02963,3.09848,3.02963,3.09848,0,0
LKD_PE,D,20180413,000000,3.09848,3.1674,3.09848,3.09848,0,0
LKD_PE,D,20180416,000000,3.02963,3.09848,3.02963,3.09848,0,0
LKD_PE,D,20180418,000000,3.09848,3.09848,3.02963,3.09848,0,0
LKD_PE,D,20180419,000000,3.02963,3.09848,3.02963,3.09848,0,0
LKD_PE,D,20180420,000000,3.09848,3.09848,3.02963,3.02963,0,0
LKD_PE,D,20180423,000000,3.09848,3.09848,3.09848,3.09848,0,0
LKD_PE,D,20180424,000000,3.09848,3.09848,3.02963,3.09848,0,0
LKD_PE,D,20180425,000000,3.09848,3.09848,3.02963,3.09848,0,0
LKD_PE,D,20180426,000000,3.09848,3.09848,3.09848,3.09848,0,0
LKD_PE,D,20180427,000000,3.09848,3.09848,3.02963,3.09848,0,0
LKD_PE,D,20180430,000000,3.24518,3.24518,2.95668,3.10101,0,0
LKD_PE,D,20180502,000000,3.10101,3.10101,3.10101,3.10101,0,0
LKD_PE,D,20180504,000000,3.02889,3.02889,2.95668,2.95668,0,0
LKD_PE,D,20180507,000000,2.95668,2.95668,2.95668,2.95668,0,0
LKD_PE,D,20180508,000000,2.95668,2.95668,2.95668,2.95668,0,0
LKD_PE,D,20180509,000000,2.95668,3.17305,2.88463,3.17305,0,0
LKD_PE,D,20180510,000000,3.10101,3.10101,3.10101,3.10101,0,0
LKD_PE,D,20180511,000000,3.10101,3.10101,3.10101,3.10101,0,0
LKD_PE,D,20180514,000000,3.10101,3.10101,3.10101,3.10101,0,0
LKD_PE,D,20180515,000000,3.10101,3.10101,3.02889,3.02889,0,0
LKD_PE,D,20180516,000000,2.95668,3.02889,2.95668,3.02889,0,0
LKD_PE,D,20180517,000000,3.02889,3.10101,3.02889,3.10101,0,0
LKD_PE,D,20180518,000000,3.10101,3.17305,3.10101,3.17305,0,0
LKD_PE,D,20180521,000000,3.17305,3.17305,3.10101,3.17305,0,0
LKD_PE,D,20180522,000000,3.17305,3.17305,3.17305,3.17305,0,0
LKD_PE,D,20180523,000000,3.10101,3.24518,3.10101,3.24518,0,0
LKD_PE,D,20180524,000000,3.24518,3.38943,3.24518,3.38943,0,0
LKD_PE,D,20180525,000000,3.46156,3.46156,3.38943,3.38943,0,0
LKD_PE,D,20180528,000000,3.46156,3.46156,3.38943,3.46156,0,0
LKD_PE,D,20180529,000000,3.46156,3.46156,3.38943,3.38943,0,0
LKD_PE,D,20180530,000000,3.24518,3.46156,3.24518,3.46156,0,0
LKD_PE,D,20180604,000000,3.38943,3.46156,3.31731,3.38943,0,0
LKD_PE,D,20180605,000000,3.38943,3.38943,3.31731,3.38943,0,0
LKD_PE,D,20180606,000000,3.38943,3.38943,3.24518,3.38943,0,0
LKD_PE,D,20180607,000000,3.31731,3.38943,3.31731,3.38943,0,0
LKD_PE,D,20180608,000000,3.31731,3.38943,3.31731,3.38943,0,0
LKD_PE,D,20180611,000000,3.38943,3.38943,3.38943,3.38943,0,0
LKD_PE,D,20180612,000000,3.38943,3.46156,3.38943,3.38943,0,0
LKD_PE,D,20180613,000000,3.38943,3.38943,3.38943,3.38943,0,0
LKD_PE,D,20180614,000000,3.38943,3.38943,3.38943,3.38943,0,0
LKD_PE,D,20180615,000000,3.38943,3.38943,3.38943,3.38943,0,0
LKD_PE,D,20180618,000000,3.38943,3.46156,3.38943,3.46156,0,0
LKD_PE,D,20180619,000000,3.46156,3.46156,3.17305,3.46156,0,0
LKD_PE,D,20180620,000000,3.31731,3.46156,3.31731,3.46156,0,0
LKD_PE,D,20180621,000000,3.46156,3.46156,3.46156,3.46156,0,0
LKD_PE,D,20180622,000000,3.31731,3.38943,3.24518,3.24518,0,0
LKD_PE,D,20180625,000000,3.31731,3.31731,3.31731,3.31731,0,0
LKD_PE,D,20180626,000000,3.38943,3.38943,3.38943,3.38943,0,0
LKD_PE,D,20180627,000000,3.38943,3.38943,3.17305,3.24518,0,0
LKD_PE,D,20180628,000000,3.31731,3.31731,3.24518,3.31731,0,0
LKD_PE,D,20180629,000000,3.31731,3.31731,3.24518,3.24518,0,0
LKD_PE,D,20180702,000000,3.31731,3.31731,3.24518,3.24518,0,0
LKD_PE,D,20180703,000000,3.24518,3.31731,3.24518,3.31731,0,0
LKD_PE,D,20180705,000000,3.17305,3.31731,3.17305,3.24518,0,0
LKD_PE,D,20180706,000000,3.24518,3.24518,3.24518,3.24518,0,0
LKD_PE,D,20180709,000000,3.24518,3.24518,3.24518,3.24518,0,0
LKD_PE,D,20180710,000000,3.24518,3.24518,3.24518,3.24518,0,0
LKD_PE,D,20180712,000000,3.24518,3.24518,3.24518,3.24518,0,0
LKD_PE,D,20180713,000000,3.10101,3.24518,3.10101,3.24518,0,0
LKD_PE,D,20180716,000000,3.24518,3.24518,3.24518,3.24518,0,0
LKD_PE,D,20180717,000000,3.10101,3.24518,3.10101,3.24518,0,0
LKD_PE,D,20180718,000000,3.17305,3.24518,3.10101,3.17305,0,0
LKD_PE,D,20180719,000000,3.17305,3.17305,3.17305,3.17305,0,0
LKD_PE,D,20180720,000000,3.17305,3.17305,3.17305,3.17305,0,0
LKD_PE,D,20180723,000000,3.17305,3.17305,3.10101,3.17305,0,0
LKD_PE,D,20180724,000000,3.17305,3.17305,3.17305,3.17305,0,0
LKD_PE,D,20180725,000000,3.17305,3.17305,3.17305,3.17305,0,0
LKD_PE,D,20180726,000000,3.17305,3.17305,3.10101,3.10101,0,0
LKD_PE,D,20180727,000000,3.10101,3.10101,3.10101,3.10101,0,0
LKD_PE,D,20180730,000000,3.10101,3.17305,3.02889,3.17305,0,0
LKD_PE,D,20180731,000000,3.17305,3.17305,3.10101,3.10101,0,0
LKD_PE,D,20180801,000000,3.17305,3.17305,3.17305,3.17305,0,0
LKD_PE,D,20180802,000000,3.02889,3.17305,3.02889,3.17305,0,0
LKD_PE,D,20180806,000000,3.17305,3.17305,3.17305,3.17305,0,0
LKD_PE,D,20180808,000000,3.17305,3.24518,3.17305,3.17305,0,0
LKD_PE,D,20180813,000000,3.10101,3.17305,3.02889,3.10101,0,0
LKD_PE,D,20180817,000000,3.10101,3.17305,3.02889,3.10101,0,0
LKD_PE,D,20180820,000000,3.10101,3.10101,3.02889,3.10101,0,0
LKD_PE,D,20180821,000000,3.10101,3.10101,3.10101,3.10101,0,0
LKD_PE,D,20180822,000000,3.10101,3.31731,3.02889,3.24518,0,0
LKD_PE,D,20180823,000000,3.24518,3.24518,3.24518,3.24518,0,0
LKD_PE,D,20180824,000000,3.24518,3.31731,3.24518,3.31731,0,0
LKD_PE,D,20180827,000000,3.38943,3.38943,3.31731,3.38943,0,0
LKD_PE,D,20180828,000000,3.38943,3.38943,3.38943,3.38943,0,0
LKD_PE,D,20180829,000000,3.38943,3.38943,3.38943,3.38943,0,0
LKD_PE,D,20180831,000000,3.24518,3.38943,3.24518,3.38943,0,0
LKD_PE,D,20180903,000000,3.38943,3.38943,3.31731,3.31731,0,0
LKD_PE,D,20180905,000000,3.31731,3.31731,3.31731,3.31731,0,0
LKD_PE,D,20180906,000000,3.31731,3.31731,3.10101,3.17305,0,0
LKD_PE,D,20180907,000000,3.17305,3.24518,3.10101,3.17305,0,0
LKD_PE,D,20180910,000000,3.17305,3.17305,3.10101,3.17305,0,0
LKD_PE,D,20180911,000000,3.17305,3.17305,3.17305,3.17305,0,0
LKD_PE,D,20180912,000000,3.10101,3.31731,3.02889,3.24518,0,0
LKD_PE,D,20180914,000000,3.17305,3.24518,3.17305,3.24518,0,0
LKD_PE,D,20180925,000000,3.10101,3.24518,3.10101,3.24518,0,0
LKD_PE,D,20180926,000000,3.24518,3.24518,3.24518,3.24518,0,0
LKD_PE,D,20180927,000000,3.24518,3.24518,3.24518,3.24518,0,0
LKD_PE,D,20180928,000000,3.24518,3.24518,3.02889,3.24518,0,0
LKD_PE,D,20181001,000000,3.24518,3.24518,3.24518,3.24518,0,0
LKD_PE,D,20181002,000000,3.24518,3.24518,3.24518,3.24518,0,0
LKD_PE,D,20181008,000000,3.17305,3.24518,3.17305,3.24518,0,0
LKD_PE,D,20181009,000000,3.24518,3.24518,3.24518,3.24518,0,0
LKD_PE,D,20181010,000000,3.17305,3.24518,3.17305,3.17305,0,0
LKD_PE,D,20181011,000000,3.17305,3.17305,3.17305,3.17305,0,0
LKD_PE,D,20181012,000000,3.17305,3.17305,3.17305,3.17305,0,0
LKD_PE,D,20181017,000000,3.10101,3.17305,3.02889,3.10101,0,0
LKD_PE,D,20181018,000000,3.10101,3.10101,3.10101,3.10101,0,0
LKD_PE,D,20181019,000000,3.10101,3.10101,3.10101,3.10101,0,0
LKD_PE,D,20181022,000000,3.10101,3.10101,3.10101,3.10101,0,0
LKD_PE,D,20181023,000000,3.10101,3.10101,3.02889,3.10101,0,0
LKD_PE,D,20181024,000000,3.17305,3.17305,3.10101,3.10101,0,0
LKD_PE,D,20181025,000000,3.10101,3.10101,3.10101,3.10101,0,0
LKD_PE,D,20181026,000000,3.10101,3.10101,3.10101,3.10101,0,0
LKD_PE,D,20181029,000000,3.10101,3.10101,3.10101,3.10101,0,0
LKD_PE,D,20181030,000000,3.10101,3.10101,3.10101,3.10101,0,0
LKD_PE,D,20181031,000000,3.10101,3.10101,3.02889,3.10101,0,0
LKD_PE,D,20181105,000000,3.10101,3.17305,3.02889,3.17305,0,0
LKD_PE,D,20181106,000000,3.10101,3.17305,3.10101,3.17305,0,0
LKD_PE,D,20181107,000000,3.17305,3.17305,3.17305,3.17305,0,0
LKD_PE,D,20181108,000000,3.17305,3.17305,3.10101,3.17305,0,0
LKD_PE,D,20181109,000000,3.17305,3.17305,3.17305,3.17305,0,0
LKD_PE,D,20181113,000000,3.17305,3.17305,3.10101,3.10101,0,0
LKD_PE,D,20181114,000000,3.17305,3.17305,2.01921,2.01921,0,0
LKD_PE,D,20181115,000000,2.01921,2.01921,2.01921,2.01921,0,0
LKD_PE,D,20181116,000000,2.01921,2.01921,1.94716,2.01921,0,0
LKD_PE,D,20181119,000000,2.01921,2.01921,2.01921,2.01921,0,0
LKD_PE,D,20181120,000000,2.01921,2.01921,2.01921,2.01921,0,0
LKD_PE,D,20181121,000000,2.01921,2.01921,2.01921,2.01921,0,0
LKD_PE,D,20181122,000000,2.01921,2.01921,2.01921,2.01921,0,0
LKD_PE,D,20181123,000000,2.01921,2.01921,2.01921,2.01921,0,0
LKD_PE,D,20181126,000000,2.01921,2.01921,1.94716,2.01921,0,0
LKD_PE,D,20181127,000000,2.01921,2.01921,2.01921,2.01921,0,0
LKD_PE,D,20181128,000000,1.94716,2.01921,1.94716,2.01921,0,0
LKD_PE,D,20181129,000000,2.01921,2.01921,2.01921,2.01921,0,0
LKD_PE,D,20181130,000000,2.01921,2.01921,2.01921,2.01921,0,0
LKD_PE,D,20181203,000000,2.01921,2.01921,2.01921,2.01921,0,0
LKD_PE,D,20181204,000000,2.01921,2.01921,1.94716,2.01921,0,0
LKD_PE,D,20181205,000000,1.94716,2.01921,1.94716,1.94716,0,0
LKD_PE,D,20181206,000000,1.94716,2.01921,1.94716,2.01921,0,0
LKD_PE,D,20181207,000000,2.01921,2.01921,2.01921,2.01921,0,0
LKD_PE,D,20181210,000000,2.01921,2.01921,2.01921,2.01921,0,0
LKD_PE,D,20181211,000000,2.01921,2.01921,2.01921,2.01921,0,0
LKD_PE,D,20181212,000000,1.94716,2.01921,1.87503,1.87503,0,0
LKD_PE,D,20181213,000000,1.80282,1.87503,1.80282,1.87503,0,0
LKD_PE,D,20181214,000000,1.87503,1.87503,1.87503,1.87503,0,0
LKD_PE,D,20181217,000000,1.87503,1.87503,1.87503,1.87503,0,0
LKD_PE,D,20181218,000000,1.87503,1.87503,1.87503,1.87503,0,0
LKD_PE,D,20181219,000000,1.87503,1.87503,1.87503,1.87503,0,0
LKD_PE,D,20181221,000000,1.80282,1.87503,1.80282,1.87503,0,0
LKD_PE,D,20181227,000000,1.87503,1.87503,1.73078,1.80282,0,0
LKD_PE,D,20181228,000000,1.80282,1.80282,1.73078,1.80282,0,0
LKD_PE,D,20190102,000000,1.80282,1.80282,1.73078,1.73078,0,0
LKD_PE,D,20190103,000000,1.73078,1.73078,1.73078,1.73078,0,0
LKD_PE,D,20190104,000000,1.73078,1.73078,1.73078,1.73078,0,0
LKD_PE,D,20190107,000000,1.73078,1.73078,1.73078,1.73078,0,0
LKD_PE,D,20190108,000000,1.73078,1.73078,1.73078,1.73078,0,0
LKD_PE,D,20190109,000000,1.73078,1.73078,1.73078,1.73078,0,0
LKD_PE,D,20190110,000000,1.73078,1.73078,1.73078,1.73078,0,0
LKD_PE,D,20190111,000000,1.73078,1.80282,1.73078,1.80282,0,0
LKD_PE,D,20190114,000000,1.80282,1.80282,1.73078,1.73078,0,0
LKD_PE,D,20190115,000000,1.73078,1.87503,1.73078,1.87503,0,0
LKD_PE,D,20190116,000000,1.87503,1.87503,1.87503,1.87503,0,0
LKD_PE,D,20190117,000000,1.87503,1.87503,1.87503,1.87503,0,0
LKD_PE,D,20190121,000000,1.80282,1.87503,1.80282,1.80282,0,0
LKD_PE,D,20190122,000000,1.80282,1.80282,1.73078,1.80282,0,0
LKD_PE,D,20190123,000000,1.80282,1.80282,1.80282,1.80282,0,0
LKD_PE,D,20190124,000000,1.80282,1.87503,1.80282,1.87503,0,0
LKD_PE,D,20190125,000000,1.87503,1.87503,1.87503,1.87503,0,0
LKD_PE,D,20190128,000000,1.94716,1.94716,1.94716,1.94716,0,0
LKD_PE,D,20190129,000000,1.94716,1.94716,1.94716,1.94716,0,0
LKD_PE,D,20190130,000000,1.94716,1.94716,1.87503,1.94716,0,0
LKD_PE,D,20190131,000000,1.94716,1.94716,1.94716,1.94716,0,0
LKD_PE,D,20190201,000000,1.94716,1.94716,1.94716,1.94716,0,0
LKD_PE,D,20190204,000000,1.94716,1.94716,1.87503,1.94716,0,0
LKD_PE,D,20190205,000000,1.94716,1.94716,1.94716,1.94716,0,0
LKD_PE,D,20190206,000000,1.94716,1.94716,1.94716,1.94716,0,0
LKD_PE,D,20190207,000000,1.94716,1.94716,1.94716,1.94716,0,0
LKD_PE,D,20190208,000000,1.94716,1.94716,1.94716,1.94716,0,0
LKD_PE,D,20190211,000000,1.94716,2.16354,1.94716,2.09133,0,0
LKD_PE,D,20190212,000000,2.09133,2.23558,2.09133,2.16354,0,0
LKD_PE,D,20190213,000000,2.16354,2.16354,2.16354,2.16354,0,0
LKD_PE,D,20190214,000000,2.16354,2.16354,2.16354,2.16354,0,0
LKD_PE,D,20190215,000000,2.16354,2.16354,2.16354,2.16354,0,0
LKD_PE,D,20190218,000000,2.16354,2.16354,2.09133,2.16354,0,0
LKD_PE,D,20190219,000000,2.16354,2.16354,2.16354,2.16354,0,0
LKD_PE,D,20190220,000000,2.16354,2.16354,2.16354,2.16354,0,0
LKD_PE,D,20190221,000000,2.16354,2.16354,2.16354,2.16354,0,0
LKD_PE,D,20190222,000000,2.16354,2.16354,2.16354,2.16354,0,0
LKD_PE,D,20190225,000000,2.16354,2.16354,2.16354,2.16354,0,0
LKD_PE,D,20190226,000000,2.16354,2.16354,2.16354,2.16354,0,0
LKD_PE,D,20190227,000000,2.16354,2.16354,2.16354,2.16354,0,0
LKD_PE,D,20190228,000000,2.09133,2.09133,2.09133,2.09133,0,0
LKD_PE,D,20190301,000000,2.16354,2.16354,2.09133,2.16354,0,0
LKD_PE,D,20190304,000000,2.16354,2.16354,2.09133,2.16354,0,0
LKD_PE,D,20190305,000000,2.09133,2.09133,2.09133,2.09133,0,0
LKD_PE,D,20190306,000000,2.09133,2.16354,2.09133,2.09133,0,0
LKD_PE,D,20190307,000000,2.09133,2.09133,2.09133,2.09133,0,0
LKD_PE,D,20190308,000000,2.09133,2.09133,2.09133,2.09133,0,0
LKD_PE,D,20190311,000000,2.09133,2.09133,2.09133,2.09133,0,0
LKD_PE,D,20190313,000000,2.09133,2.09133,2.09133,2.09133,0,0
LKD_PE,D,20190315,000000,2.01921,2.09133,2.01921,2.09133,0,0
LKD_PE,D,20190319,000000,1.94716,2.01921,1.94716,1.94716,0,0
LKD_PE,D,20190320,000000,1.94716,1.94716,1.94716,1.94716,0,0
LKD_PE,D,20190321,000000,1.94716,1.94716,1.94716,1.94716,0,0
LKD_PE,D,20190322,000000,1.94716,1.94716,1.94716,1.94716,0,0
LKD_PE,D,20190325,000000,1.94716,1.94716,1.94716,1.94716,0,0
LKD_PE,D,20190326,000000,1.94716,1.94716,1.94716,1.94716,0,0
LKD_PE,D,20190327,000000,2.01921,3.31731,1.87503,3.31731,0,0
LKD_PE,D,20190328,000000,3.46156,3.46156,3.24518,3.31731,0,0
LKD_PE,D,20190329,000000,3.31731,3.38943,3.31731,3.31731,0,0
LKD_PE,D,20190401,000000,3.31731,3.38943,3.31731,3.38943,0,0
LKD_PE,D,20190402,000000,3.38943,3.46156,3.31731,3.38943,0,0
LKD_PE,D,20190403,000000,3.46156,3.46156,3.38943,3.38943,0,0
LKD_PE,D,20190404,000000,3.38943,3.38943,3.38943,3.38943,0,0
LKD_PE,D,20190405,000000,3.38943,3.46156,3.31731,3.46156,0,0
LKD_PE,D,20190408,000000,3.46156,3.5336,3.46156,3.5336,0,0
LKD_PE,D,20190409,000000,3.60582,3.67786,3.60582,3.67786,0,0
LKD_PE,D,20190410,000000,3.67786,3.74998,3.67786,3.67786,0,0
LKD_PE,D,20190411,000000,3.67786,3.82211,3.67786,3.74998,0,0
LKD_PE,D,20190412,000000,3.82211,3.82211,3.67786,3.74998,0,0
LKD_PE,D,20190415,000000,3.96636,3.96636,3.74998,3.82211,0,0
LKD_PE,D,20190416,000000,3.82211,3.82211,3.74998,3.82211,0,0
LKD_PE,D,20190417,000000,3.82211,3.82211,3.74998,3.82211,0,0
LKD_PE,D,20190418,000000,3.82211,3.82211,3.74998,3.82211,0,0
LKD_PE,D,20190423,000000,3.82211,3.82211,3.74998,3.74998,0,0
LKD_PE,D,20190424,000000,3.82211,3.82211,3.67786,3.74998,0,0
LKD_PE,D,20190425,000000,3.82211,3.82211,3.67786,3.74998,0,0
LKD_PE,D,20190426,000000,3.74998,3.74998,3.74998,3.74998,0,0
LKD_PE,D,20190429,000000,3.74998,3.74998,3.67786,3.74998,0,0
LKD_PE,D,20190430,000000,3.74998,3.74998,3.74998,3.74998,0,0
LKD_PE,D,20190502,000000,3.74998,3.82211,3.67786,3.82211,0,0
LKD_PE,D,20190506,000000,3.87366,3.87366,3.79293,3.79293,0,0
LKD_PE,D,20190507,000000,3.79293,3.79293,3.63155,3.63155,0,0
LKD_PE,D,20190508,000000,3.55081,3.63155,3.55081,3.55081,0,0
LKD_PE,D,20190509,000000,3.55081,3.55081,3.47008,3.55081,0,0
LKD_PE,D,20190510,000000,3.47008,3.63155,3.47008,3.55081,0,0
LKD_PE,D,20190513,000000,3.47008,3.63155,3.47008,3.55081,0,0
LKD_PE,D,20190514,000000,3.55081,3.55081,3.55081,3.55081,0,0
LKD_PE,D,20190515,000000,3.55081,3.63155,3.55081,3.63155,0,0
LKD_PE,D,20190516,000000,3.63155,3.63155,2.66309,2.66309,0,0
LKD_PE,D,20190517,000000,2.66309,2.66309,2.66309,2.66309,0,0
LKD_PE,D,20190520,000000,2.66309,2.74382,2.66309,2.74382,0,0
LKD_PE,D,20190521,000000,2.66309,2.74382,2.66309,2.66309,0,0
LKD_PE,D,20190522,000000,2.66309,2.66309,2.58244,2.58244,0,0
LKD_PE,D,20190523,000000,2.58244,2.58244,2.58244,2.58244,0,0
LKD_PE,D,20190524,000000,2.58244,2.74382,2.58244,2.74382,0,0
LKD_PE,D,20190527,000000,2.74382,2.74382,2.74382,2.74382,0,0
LKD_PE,D,20190528,000000,2.74382,2.74382,2.74382,2.74382,0,0
LKD_PE,D,20190529,000000,2.74382,2.74382,2.66309,2.66309,0,0
LKD_PE,D,20190530,000000,2.66309,2.66309,2.66309,2.66309,0,0
LKD_PE,D,20190531,000000,2.66309,2.74382,2.66309,2.74382,0,0
LKD_PE,D,20190603,000000,2.74382,2.74382,2.74382,2.74382,0,0
LKD_PE,D,20190604,000000,2.74382,2.74382,2.74382,2.74382,0,0
LKD_PE,D,20190605,000000,2.74382,2.74382,2.66309,2.66309,0,0
LKD_PE,D,20190606,000000,2.66309,2.74382,2.66309,2.74382,0,0
LKD_PE,D,20190607,000000,2.74382,2.74382,2.74382,2.74382,0,0
LKD_PE,D,20190610,000000,2.74382,2.74382,2.74382,2.74382,0,0
LKD_PE,D,20190611,000000,2.74382,2.74382,2.74382,2.74382,0,0
LKD_PE,D,20190612,000000,2.74382,2.74382,2.66309,2.74382,0,0
LKD_PE,D,20190613,000000,2.74382,2.74382,2.66309,2.74382,0,0
LKD_PE,D,20190614,000000,2.74382,2.74382,2.74382,2.74382,0,0
LKD_PE,D,20190617,000000,2.66309,2.74382,2.66309,2.66309,0,0
LKD_PE,D,20190618,000000,2.66309,2.66309,2.66309,2.66309,0,0
LKD_PE,D,20190619,000000,2.66309,2.66309,2.66309,2.66309,0,0
LKD_PE,D,20190621,000000,2.58244,2.66309,2.58244,2.66309,0,0
LKD_PE,D,20190624,000000,2.66309,2.66309,2.66309,2.66309,0,0
LKD_PE,D,20190625,000000,2.66309,2.66309,2.66309,2.66309,0,0
LKD_PE,D,20190626,000000,2.66309,2.66309,2.58244,2.58244,0,0
LKD_PE,D,20190627,000000,2.58244,2.66309,2.58244,2.58244,0,0
LKD_PE,D,20190628,000000,2.58244,2.66309,2.58244,2.66309,0,0
LKD_PE,D,20190701,000000,2.66309,2.66309,2.66309,2.66309,0,0
LKD_PE,D,20190702,000000,2.66309,2.66309,2.42098,2.42098,0,0
LKD_PE,D,20190703,000000,2.42098,2.58244,2.42098,2.58244,0,0
LKD_PE,D,20190704,000000,2.58244,2.58244,2.42098,2.50171,0,0
LKD_PE,D,20190705,000000,2.50171,2.58244,2.50171,2.58244,0,0
LKD_PE,D,20190708,000000,2.58244,2.58244,2.58244,2.58244,0,0
LKD_PE,D,20190709,000000,2.58244,2.58244,2.34033,2.42098,0,0
LKD_PE,D,20190710,000000,2.42098,2.42098,2.42098,2.42098,0,0
LKD_PE,D,20190711,000000,2.42098,2.42098,2.34033,2.34033,0,0
LKD_PE,D,20190712,000000,2.2596,2.2596,2.2596,2.2596,0,0
LKD_PE,D,20190715,000000,2.2596,2.34033,2.17895,2.2596,0,0
LKD_PE,D,20190716,000000,2.2596,2.2596,2.2596,2.2596,0,0
LKD_PE,D,20190717,000000,2.2596,2.2596,2.2596,2.2596,0,0
LKD_PE,D,20190718,000000,2.2596,2.2596,2.2596,2.2596,0,0
LKD_PE,D,20190719,000000,2.2596,2.2596,2.2596,2.2596,0,0
LKD_PE,D,20190722,000000,2.2596,2.2596,2.17895,2.17895,0,0
LKD_PE,D,20190723,000000,2.17895,2.42098,2.09822,2.42098,0,0
LKD_PE,D,20190724,000000,2.42098,2.42098,2.34033,2.34033,0,0
LKD_PE,D,20190725,000000,2.34033,2.42098,2.34033,2.42098,0,0
LKD_PE,D,20190726,000000,2.42098,2.42098,2.34033,2.42098,0,0
LKD_PE,D,20190729,000000,2.42098,2.42098,2.42098,2.42098,0,0
LKD_PE,D,20190730,000000,2.42098,2.42098,2.42098,2.42098,0,0
LKD_PE,D,20190731,000000,2.42098,2.42098,2.42098,2.42098,0,0
LKD_PE,D,20190801,000000,2.50171,2.50171,2.42098,2.42098,0,0
LKD_PE,D,20190802,000000,2.42098,2.42098,2.42098,2.42098,0,0
LKD_PE,D,20190807,000000,2.34033,2.42098,2.34033,2.42098,0,0
LKD_PE,D,20190808,000000,2.34033,2.42098,2.17895,2.42098,0,0
LKD_PE,D,20190809,000000,2.42098,2.42098,2.42098,2.42098,0,0
LKD_PE,D,20190812,000000,2.42098,2.42098,2.42098,2.42098,0,0
LKD_PE,D,20190813,000000,2.42098,2.50171,2.42098,2.50171,0,0
LKD_PE,D,20190814,000000,2.50171,2.50171,2.42098,2.42098,0,0
LKD_PE,D,20190816,000000,2.50171,2.50171,2.42098,2.42098,0,0
LKD_PE,D,20190819,000000,2.34033,2.42098,2.34033,2.42098,0,0
LKD_PE,D,20190820,000000,2.42098,2.42098,2.42098,2.42098,0,0
LKD_PE,D,20190821,000000,2.42098,2.42098,2.34033,2.42098,0,0
LKD_PE,D,20190822,000000,2.42098,2.42098,2.42098,2.42098,0,0
LKD_PE,D,20190823,000000,2.42098,2.42098,2.42098,2.42098,0,0
LKD_PE,D,20190826,000000,2.34033,2.42098,2.34033,2.42098,0,0
LKD_PE,D,20190827,000000,2.42098,2.42098,2.34033,2.42098,0,0
LKD_PE,D,20190828,000000,2.42098,2.42098,1.77545,1.77545,0,0
LKD_PE,D,20190829,000000,1.77545,1.77545,1.77545,1.77545,0,0
LKD_PE,D,20190902,000000,1.77545,1.77545,1.69472,1.69472,0,0
LKD_PE,D,20190903,000000,1.69472,1.69472,1.69472,1.69472,0,0
LKD_PE,D,20190904,000000,1.69472,1.69472,1.69472,1.69472,0,0
LKD_PE,D,20190905,000000,1.69472,1.69472,1.69472,1.69472,0,0
LKD_PE,D,20190906,000000,1.69472,1.69472,1.69472,1.69472,0,0
LKD_PE,D,20190909,000000,1.69472,1.69472,1.69472,1.69472,0,0
LKD_PE,D,20190910,000000,1.69472,1.69472,1.69472,1.69472,0,0
LKD_PE,D,20190911,000000,1.69472,1.69472,1.69472,1.69472,0,0
LKD_PE,D,20190912,000000,1.69472,1.69472,1.69472,1.69472,0,0
LKD_PE,D,20190913,000000,1.69472,1.69472,1.61398,1.61398,0,0
LKD_PE,D,20190916,000000,1.61398,1.61398,1.61398,1.61398,0,0
LKD_PE,D,20190917,000000,1.61398,1.61398,1.61398,1.61398,0,0
LKD_PE,D,20190918,000000,1.69472,1.69472,1.69472,1.69472,0,0
LKD_PE,D,20190919,000000,1.69472,1.69472,1.61398,1.69472,0,0
LKD_PE,D,20190920,000000,1.69472,1.69472,1.69472,1.69472,0,0
LKD_PE,D,20190923,000000,1.69472,1.69472,1.61398,1.69472,0,0
LKD_PE,D,20190924,000000,1.69472,1.69472,1.61398,1.61398,0,0
LKD_PE,D,20190925,000000,1.61398,1.69472,1.61398,1.69472,0,0
LKD_PE,D,20190926,000000,1.69472,1.69472,1.69472,1.69472,0,0
LKD_PE,D,20190927,000000,1.69472,1.77545,1.69472,1.77545,0,0
LKD_PE,D,20190930,000000,1.77545,1.77545,1.77545,1.77545,0,0
LKD_PE,D,20191001,000000,1.77545,1.77545,1.77545,1.77545,0,0
LKD_PE,D,20191002,000000,1.8561,1.8561,1.77545,1.77545,0,0
LKD_PE,D,20191003,000000,1.77545,1.77545,1.69472,1.77545,0,0
LKD_PE,D,20191004,000000,1.77545,1.77545,1.77545,1.77545,0,0
LKD_PE,D,20191007,000000,1.77545,1.77545,1.77545,1.77545,0,0
LKD_PE,D,20191008,000000,1.77545,1.77545,1.77545,1.77545,0,0
LKD_PE,D,20191009,000000,1.77545,1.77545,1.69472,1.77545,0,0
LKD_PE,D,20191010,000000,1.77545,1.8561,1.77545,1.8561,0,0
LKD_PE,D,20191011,000000,1.77545,1.8561,1.77545,1.77545,0,0
LKD_PE,D,20191014,000000,1.77545,1.77545,1.77545,1.77545,0,0
LKD_PE,D,20191015,000000,1.77545,1.77545,1.77545,1.77545,0,0
LKD_PE,D,20191016,000000,1.77545,1.77545,1.77545,1.77545,0,0
LKD_PE,D,20191017,000000,1.77545,1.77545,1.77545,1.77545,0,0
LKD_PE,D,20191018,000000,1.77545,1.77545,1.69472,1.77545,0,0
LKD_PE,D,20191021,000000,1.77545,1.77545,1.77545,1.77545,0,0
LKD_PE,D,20191022,000000,1.77545,1.8561,1.77545,1.8561,0,0
LKD_PE,D,20191023,000000,1.8561,1.8561,1.77545,1.8561,0,0
LKD_PE,D,20191024,000000,1.77545,1.8561,1.77545,1.8561,0,0
LKD_PE,D,20191025,000000,1.8561,1.8561,1.8561,1.8561,0,0
LKD_PE,D,20191028,000000,1.8561,1.8561,1.8561,1.8561,0,0
LKD_PE,D,20191029,000000,1.8561,1.8561,1.8561,1.8561,0,0
LKD_PE,D,20191030,000000,1.8561,1.8561,1.8561,1.8561,0,0
LKD_PE,D,20191031,000000,1.8561,1.8561,1.77545,1.77545,0,0
LKD_PE,D,20191104,000000,1.77545,1.77545,1.77545,1.77545,0,0
LKD_PE,D,20191105,000000,1.77545,1.77545,1.69472,1.77545,0,0
LKD_PE,D,20191106,000000,1.77545,1.77545,1.77545,1.77545,0,0
LKD_PE,D,20191107,000000,1.77545,1.77545,1.77545,1.77545,0,0
LKD_PE,D,20191108,000000,1.77545,1.77545,1.77545,1.77545,0,0
LKD_PE,D,20191112,000000,1.77545,1.77545,1.77545,1.77545,0,0
LKD_PE,D,20191113,000000,1.77545,1.77545,1.77545,1.77545,0,0
LKD_PE,D,20191114,000000,1.77545,1.77545,1.77545,1.77545,0,0
LKD_PE,D,20191115,000000,1.77545,1.77545,1.77545,1.77545,0,0
LKD_PE,D,20191118,000000,1.77545,1.77545,1.77545,1.77545,0,0
LKD_PE,D,20191119,000000,1.77545,1.8561,1.69472,1.8561,0,0
LKD_PE,D,20191120,000000,1.8561,3.47008,1.8561,3.47008,0,0
LKD_PE,D,20191121,000000,3.38943,3.38943,3.38943,3.38943,0,0
LKD_PE,D,20191122,000000,3.38943,3.38943,3.30871,3.38943,0,0
LKD_PE,D,20191125,000000,3.38943,3.38943,3.22806,3.38943,0,0
LKD_PE,D,20191127,000000,3.38943,3.38943,3.38943,3.38943,0,0
LKD_PE,D,20191128,000000,3.38943,3.38943,3.38943,3.38943,0,0
LKD_PE,D,20191129,000000,3.38943,3.55081,3.38943,3.55081,0,0
LKD_PE,D,20191202,000000,3.55081,3.55081,3.38943,3.55081,0,0
LKD_PE,D,20191203,000000,3.55081,3.55081,3.38943,3.47008,0,0
LKD_PE,D,20191204,000000,3.47008,3.47008,3.47008,3.47008,0,0
LKD_PE,D,20191205,000000,3.47008,3.47008,3.47008,3.47008,0,0
LKD_PE,D,20191206,000000,3.47008,3.47008,3.14732,3.22806,0,0
LKD_PE,D,20191209,000000,3.30871,3.38943,3.22806,3.30871,0,0
LKD_PE,D,20191210,000000,3.30871,3.38943,3.22806,3.38943,0,0
LKD_PE,D,20191211,000000,3.47008,3.55081,3.47008,3.55081,0,0
LKD_PE,D,20191212,000000,3.63155,3.63155,3.55081,3.55081,0,0
LKD_PE,D,20191213,000000,3.47008,3.55081,3.47008,3.55081,0,0
LKD_PE,D,20191216,000000,3.38943,3.55081,3.38943,3.47008,0,0
LKD_PE,D,20191217,000000,3.63155,3.63155,3.38943,3.38943,0,0
LKD_PE,D,20191218,000000,3.38943,3.47008,3.38943,3.47008,0,0
LKD_PE,D,20191219,000000,3.47008,3.47008,3.38943,3.38943,0,0
LKD_PE,D,20191220,000000,3.38943,3.47008,3.38943,3.47008,0,0
LKD_PE,D,20191223,000000,3.38943,3.38943,3.38943,3.38943,0,0
LKD_PE,D,20191227,000000,3.38943,3.38943,3.38943,3.38943,0,0
LKD_PE,D,20191230,000000,3.38943,3.38943,3.38943,3.38943,0,0
LKD_PE,D,20200102,000000,3.38943,3.38943,3.38943,3.38943,0,0
LKD_PE,D,20200103,000000,3.38943,3.38943,3.38943,3.38943,0,0
LKD_PE,D,20200107,000000,3.38943,3.55081,3.38943,3.47008,0,0
LKD_PE,D,20200108,000000,3.7122,3.7122,3.55081,3.63155,0,0
LKD_PE,D,20200109,000000,3.63155,3.7122,3.55081,3.63155,0,0
LKD_PE,D,20200110,000000,3.63155,3.63155,3.55081,3.63155,0,0
LKD_PE,D,20200113,000000,3.63155,3.7122,3.63155,3.63155,0,0
LKD_PE,D,20200114,000000,3.63155,3.63155,3.63155,3.63155,0,0
LKD_PE,D,20200115,000000,3.63155,3.63155,3.63155,3.63155,0,0
LKD_PE,D,20200116,000000,3.63155,3.63155,3.63155,3.63155,0,0
LKD_PE,D,20200117,000000,3.55081,3.63155,3.47008,3.63155,0,0
LKD_PE,D,20200120,000000,3.63155,3.63155,3.63155,3.63155,0,0
LKD_PE,D,20200121,000000,3.63155,3.63155,3.47008,3.63155,0,0
LKD_PE,D,20200122,000000,3.63155,3.63155,3.55081,3.63155,0,0
LKD_PE,D,20200123,000000,3.63155,3.63155,3.47008,3.55081,0,0
LKD_PE,D,20200124,000000,3.55081,3.55081,3.30871,3.55081,0,0
LKD_PE,D,20200127,000000,3.55081,3.55081,3.55081,3.55081,0,0
LKD_PE,D,20200128,000000,3.55081,3.63155,3.55081,3.55081,0,0
LKD_PE,D,20200129,000000,3.55081,3.63155,3.47008,3.63155,0,0
LKD_PE,D,20200130,000000,3.55081,3.55081,3.47008,3.55081,0,0
LKD_PE,D,20200131,000000,3.55081,3.55081,3.55081,3.55081,0,0
LKD_PE,D,20200203,000000,3.55081,3.63155,3.47008,3.47008,0,0
LKD_PE,D,20200204,000000,3.55081,3.55081,3.55081,3.55081,0,0
LKD_PE,D,20200205,000000,3.55081,3.55081,3.38943,3.55081,0,0
LKD_PE,D,20200206,000000,3.55081,3.55081,3.55081,3.55081,0,0
LKD_PE,D,20200207,000000,3.55081,3.55081,3.47008,3.55081,0,0
LKD_PE,D,20200210,000000,3.55081,3.55081,3.55081,3.55081,0,0
LKD_PE,D,20200211,000000,3.55081,3.55081,3.55081,3.55081,0,0
LKD_PE,D,20200212,000000,3.55081,3.55081,3.55081,3.55081,0,0
LKD_PE,D,20200213,000000,3.55081,3.55081,3.38943,3.55081,0,0
LKD_PE,D,20200214,000000,3.47008,3.47008,3.47008,3.47008,0,0
LKD_PE,D,20200217,000000,3.30871,3.55081,3.30871,3.55081,0,0
LKD_PE,D,20200218,000000,3.55081,3.55081,3.55081,3.55081,0,0
LKD_PE,D,20200219,000000,3.55081,3.55081,3.55081,3.55081,0,0
LKD_PE,D,20200220,000000,3.55081,3.55081,3.47008,3.55081,0,0
LKD_PE,D,20200221,000000,3.55081,3.55081,3.55081,3.55081,0,0
LKD_PE,D,20200224,000000,3.55081,3.55081,3.47008,3.47008,0,0
LKD_PE,D,20200225,000000,3.47008,3.47008,3.30871,3.38943,0,0
LKD_PE,D,20200226,000000,3.38943,3.55081,3.38943,3.38943,0,0
LKD_PE,D,20200227,000000,3.47008,3.47008,3.22806,3.30871,0,0
LKD_PE,D,20200228,000000,3.22806,3.22806,2.90521,3.22806,0,0
LKD_PE,D,20200302,000000,3.22806,3.30871,3.22806,3.30871,0,0
LKD_PE,D,20200303,000000,3.47008,3.47008,3.30871,3.30871,0,0
LKD_PE,D,20200304,000000,3.30871,3.30871,3.22806,3.22806,0,0
LKD_PE,D,20200305,000000,3.30871,3.30871,3.30871,3.30871,0,0
LKD_PE,D,20200306,000000,3.30871,3.30871,3.22806,3.30871,0,0
LKD_PE,D,20200309,000000,3.30871,3.30871,3.06659,3.22806,0,0
LKD_PE,D,20200310,000000,3.06659,3.22806,3.06659,3.14732,0,0
LKD_PE,D,20200311,000000,3.14732,3.14732,2.90521,2.98594,0,0
LKD_PE,D,20200312,000000,2.98594,2.98594,2.66309,2.90521,0,0
LKD_PE,D,20200313,000000,2.90521,3.06659,2.90521,2.90521,0,0
LKD_PE,D,20200316,000000,2.82456,2.82456,2.66309,2.82456,0,0
LKD_PE,D,20200317,000000,2.66309,2.90521,2.66309,2.90521,0,0
LKD_PE,D,20200318,000000,2.90521,2.98594,2.74382,2.98594,0,0
LKD_PE,D,20200319,000000,2.82456,2.98594,2.82456,2.90521,0,0
LKD_PE,D,20200320,000000,2.90521,3.06659,2.66309,2.74382,0,0
LKD_PE,D,20200323,000000,2.66309,2.66309,2.66309,2.66309,0,0
LKD_PE,D,20200324,000000,2.66309,2.66309,2.50171,2.50171,0,0
LKD_PE,D,20200325,000000,2.50171,2.82456,2.34033,2.82456,0,0
LKD_PE,D,20200326,000000,2.98594,3.22806,2.98594,3.14732,0,0
LKD_PE,D,20200327,000000,3.14732,3.14732,3.06659,3.14732,0,0
LKD_PE,D,20200330,000000,3.22806,3.22806,3.14732,3.14732,0,0
LKD_PE,D,20200331,000000,3.14732,3.14732,3.14732,3.14732,0,0
LKD_PE,D,20200401,000000,3.22806,3.22806,3.06659,3.22806,0,0
LKD_PE,D,20200402,000000,3.22806,3.22806,2.90521,3.14732,0,0
LKD_PE,D,20200403,000000,3.14732,3.14732,2.90521,2.98594,0,0
LKD_PE,D,20200406,000000,2.98594,2.98594,2.82456,2.90521,0,0
LKD_PE,D,20200407,000000,2.98594,3.06659,2.74382,2.82456,0,0
LKD_PE,D,20200408,000000,3.06659,3.06659,2.90521,2.98594,0,0
LKD_PE,D,20200409,000000,2.90521,2.98594,2.90521,2.90521,0,0
LKD_PE,D,20200414,000000,2.90521,2.98594,2.90521,2.98594,0,0
LKD_PE,D,20200415,000000,2.98594,2.98594,2.98594,2.98594,0,0
LKD_PE,D,20200416,000000,2.98594,2.98594,2.90521,2.90521,0,0
LKD_PE,D,20200417,000000,2.90521,3.06659,2.90521,2.98594,0,0
LKD_PE,D,20200420,000000,2.90521,2.98594,2.74382,2.98594,0,0
LKD_PE,D,20200421,000000,2.90521,2.90521,2.74382,2.74382,0,0
LKD_PE,D,20200422,000000,2.82456,2.90521,2.82456,2.90521,0,0
LKD_PE,D,20200423,000000,2.98594,2.98594,2.98594,2.98594,0,0
LKD_PE,D,20200427,000000,2.90521,2.90521,2.90521,2.90521,0,0
LKD_PE,D,20200428,000000,2.74382,2.90521,2.74382,2.90521,0,0
LKD_PE,D,20200429,000000,2.82456,2.90521,2.82456,2.82456,0,0
LKD_PE,D,20200430,000000,2.82456,2.98594,2.74382,2.74382,0,0
LKD_PE,D,20200504,000000,2.98594,2.98594,2.74382,2.74382,0,0
LKD_PE,D,20200505,000000,2.74382,2.90521,2.66309,2.90521,0,0
LKD_PE,D,20200506,000000,2.66309,2.66309,2.50171,2.66309,0,0
LKD_PE,D,20200507,000000,2.66309,2.66309,2.66309,2.66309,0,0
LKD_PE,D,20200508,000000,2.66309,2.66309,2.58244,2.58244,0,0
LKD_PE,D,20200511,000000,2.58244,2.66309,2.58244,2.66309,0,0
LKD_PE,D,20200512,000000,2.66309,2.66309,2.58244,2.66309,0,0
LKD_PE,D,20200513,000000,2.66309,2.90521,2.66309,2.66309,0,0
LKD_PE,D,20200514,000000,2.58244,2.66309,2.58244,2.58244,0,0
LKD_PE,D,20200515,000000,2.58244,2.58244,2.58244,2.58244,0,0
LKD_PE,D,20200518,000000,2.58244,2.58244,2.50171,2.50171,0,0
LKD_PE,D,20200519,000000,2.50171,2.58244,2.42098,2.50171,0,0
LKD_PE,D,20200520,000000,2.50171,2.50171,2.50171,2.50171,0,0
LKD_PE,D,20200521,000000,2.50171,2.74382,2.50171,2.74382,0,0
LKD_PE,D,20200522,000000,2.74382,2.74382,2.66309,2.66309,0,0
LKD_PE,D,20200525,000000,2.66309,2.74382,2.66309,2.74382,0,0
LKD_PE,D,20200526,000000,2.74382,2.98594,2.74382,2.90521,0,0
LKD_PE,D,20200527,000000,2.90521,2.90521,2.82456,2.90521,0,0
LKD_PE,D,20200528,000000,2.82456,2.82456,2.74382,2.82456,0,0
LKD_PE,D,20200529,000000,2.74382,2.90521,2.66309,2.90521,0,0
LKD_PE,D,20200601,000000,2.90521,2.90521,2.90521,2.90521,0,0
LKD_PE,D,20200602,000000,2.90521,2.98594,2.90521,2.98594,0,0
LKD_PE,D,20200603,000000,3.06659,3.06659,2.98594,3.06659,0,0
LKD_PE,D,20200604,000000,3.06659,3.06659,3.06659,3.06659,0,0
LKD_PE,D,20200605,000000,3.06659,3.06659,2.98594,3.06659,0,0
LKD_PE,D,20200608,000000,3.06659,3.06659,2.98594,2.98594,0,0
LKD_PE,D,20200609,000000,2.98594,2.98594,2.82456,2.98594,0,0
LKD_PE,D,20200610,000000,2.98594,2.98594,2.98594,2.98594,0,0
LKD_PE,D,20200612,000000,2.90521,2.90521,2.82456,2.82456,0,0
LKD_PE,D,20200615,000000,2.82456,2.82456,2.74382,2.82456,0,0
LKD_PE,D,20200616,000000,2.82456,2.90521,2.82456,2.82456,0,0
LKD_PE,D,20200617,000000,2.90521,2.90521,2.90521,2.90521,0,0
LKD_PE,D,20200618,000000,2.82456,2.90521,2.82456,2.90521,0,0
LKD_PE,D,20200619,000000,2.90521,2.90521,2.90521,2.90521,0,0
LKD_PE,D,20200622,000000,2.90521,2.90521,2.90521,2.90521,0,0
LKD_PE,D,20200623,000000,2.90521,2.90521,2.90521,2.90521,0,0
LKD_PE,D,20200624,000000,2.98594,2.98594,2.90521,2.90521,0,0
LKD_PE,D,20200625,000000,2.90521,2.90521,2.82456,2.82456,0,0
LKD_PE,D,20200629,000000,2.82456,2.82456,2.74382,2.82456,0,0
LKD_PE,D,20200630,000000,2.82456,2.90521,2.74382,2.90521,0,0
LKD_PE,D,20200701,000000,2.82456,2.90521,2.82456,2.90521,0,0
LKD_PE,D,20200702,000000,2.90521,2.90521,2.90521,2.90521,0,0
LKD_PE,D,20200703,000000,2.98594,2.98594,2.98594,2.98594,0,0
LKD_PE,D,20200706,000000,2.98594,2.98594,2.90521,2.90521,0,0
LKD_PE,D,20200707,000000,2.90521,2.90521,2.90521,2.90521,0,0
LKD_PE,D,20200708,000000,2.90521,2.90521,2.90521,2.90521,0,0
LKD_PE,D,20200709,000000,2.82456,2.82456,2.82456,2.82456,0,0
LKD_PE,D,20200710,000000,2.82456,2.82456,2.82456,2.82456,0,0
LKD_PE,D,20200713,000000,2.82456,2.90521,2.82456,2.90521,0,0
LKD_PE,D,20200714,000000,2.90521,2.90521,2.82456,2.90521,0,0
LKD_PE,D,20200715,000000,2.90521,2.90521,2.90521,2.90521,0,0
LKD_PE,D,20200716,000000,2.90521,2.90521,2.90521,2.90521,0,0
LKD_PE,D,20200717,000000,2.90521,2.90521,2.90521,2.90521,0,0
LKD_PE,D,20200720,000000,2.82456,2.98594,2.82456,2.90521,0,0
LKD_PE,D,20200721,000000,2.90521,2.98594,2.90521,2.98594,0,0
LKD_PE,D,20200722,000000,2.98594,2.98594,2.90521,2.98594,0,0
LKD_PE,D,20200723,000000,2.98594,2.98594,2.90521,2.98594,0,0
LKD_PE,D,20200724,000000,2.98594,2.98594,2.98594,2.98594,0,0
LKD_PE,D,20200727,000000,2.98594,3.30871,2.90521,3.30871,0,0
LKD_PE,D,20200728,000000,3.30871,3.30871,3.30871,3.30871,0,0
LKD_PE,D,20200729,000000,3.30871,3.30871,3.14732,3.30871,0,0
LKD_PE,D,20200730,000000,3.30871,3.30871,3.06659,3.06659,0,0
LKD_PE,D,20200731,000000,3.06659,3.22806,3.06659,3.14732,0,0
LKD_PE,D,20200803,000000,3.14732,3.14732,3.14732,3.14732,0,0
LKD_PE,D,20200805,000000,3.14732,3.22806,3.14732,3.22806,0,0
LKD_PE,D,20200806,000000,3.22806,3.30871,3.06659,3.06659,0,0
LKD_PE,D,20200807,000000,3.06659,3.06659,3.06659,3.06659,0,0
LKD_PE,D,20200810,000000,3.06659,3.14732,3.06659,3.06659,0,0
LKD_PE,D,20200811,000000,3.06659,3.06659,2.98594,3.06659,0,0
LKD_PE,D,20200812,000000,3.06659,3.06659,2.98594,2.98594,0,0
LKD_PE,D,20200813,000000,2.98594,2.98594,2.90521,2.90521,0,0
LKD_PE,D,20200814,000000,2.98594,2.98594,2.90521,2.90521,0,0
LKD_PE,D,20200817,000000,2.98594,2.98594,2.98594,2.98594,0,0
LKD_PE,D,20200818,000000,2.98594,2.98594,2.98594,2.98594,0,0
LKD_PE,D,20200819,000000,2.98594,2.98594,2.90521,2.98594,0,0
LKD_PE,D,20200820,000000,2.90521,2.98594,2.90521,2.98594,0,0
LKD_PE,D,20200821,000000,2.98594,2.98594,2.90521,2.90521,0,0
LKD_PE,D,20200824,000000,2.90521,2.98594,2.90521,2.98594,0,0
LKD_PE,D,20200825,000000,2.98594,2.98594,2.98594,2.98594,0,0
LKD_PE,D,20200826,000000,2.98594,2.98594,2.98594,2.98594,0,0
LKD_PE,D,20200827,000000,2.90521,2.98594,2.90521,2.98594,0,0
LKD_PE,D,20200828,000000,2.98594,2.98594,2.98594,2.98594,0,0
LKD_PE,D,20200831,000000,2.98594,2.98594,2.98594,2.98594,0,0
LKD_PE,D,20200901,000000,2.98594,2.98594,2.98594,2.98594,0,0
LKD_PE,D,20200902,000000,2.98594,5.89115,2.98594,5.89115,0,0
LKD_PE,D,20200903,000000,5.89115,6.13326,5.89115,6.13326,0,0
LKD_PE,D,20200904,000000,6.13326,6.13326,5.97188,6.13326,0,0
LKD_PE,D,20200907,000000,6.13326,6.13326,6.13326,6.13326,0,0
LKD_PE,D,20200908,000000,6.13326,6.13326,5.64903,5.72976,0,0
LKD_PE,D,20200909,000000,5.32626,5.81041,5.32626,5.81041,0,0
LKD_PE,D,20200910,000000,5.89115,6.13326,5.64903,6.13326,0,0
LKD_PE,D,20200911,000000,6.05253,6.05253,5.89115,6.05253,0,0
LKD_PE,D,20200914,000000,6.05253,6.05253,5.64903,5.97188,0,0
LKD_PE,D,20200915,000000,5.89115,5.89115,5.64903,5.89115,0,0
LKD_PE,D,20200917,000000,5.64903,5.81041,5.64903,5.81041,0,0
LKD_PE,D,20200918,000000,5.81041,5.81041,5.64903,5.81041,0,0
LKD_PE,D,20200921,000000,5.72976,5.72976,5.64903,5.64903,0,0
LKD_PE,D,20200922,000000,5.5683,5.72976,5.5683,5.72976,0,0
LKD_PE,D,20200923,000000,5.72976,5.72976,5.72976,5.72976,0,0
LKD_PE,D,20200924,000000,5.72976,5.72976,5.72976,5.72976,0,0
LKD_PE,D,20200925,000000,5.5683,5.64903,5.40691,5.64903,0,0
LKD_PE,D,20200928,000000,5.64903,5.81041,5.64903,5.81041,0,0
LKD_PE,D,20200929,000000,5.5683,5.81041,5.5683,5.81041,0,0
LKD_PE,D,20200930,000000,5.81041,5.81041,5.72976,5.72976,0,0
LKD_PE,D,20201001,000000,5.72976,5.72976,5.72976,5.72976,0,0
LKD_PE,D,20201002,000000,5.81041,5.81041,5.5683,5.81041,0,0
LKD_PE,D,20201005,000000,5.81041,5.81041,5.81041,5.81041,0,0
LKD_PE,D,20201006,000000,5.81041,5.89115,5.81041,5.89115,0,0
LKD_PE,D,20201007,000000,5.89115,5.89115,5.81041,5.89115,0,0
LKD_PE,D,20201008,000000,5.89115,5.89115,5.72976,5.72976,0,0
LKD_PE,D,20201009,000000,5.89115,5.89115,5.81041,5.89115,0,0
LKD_PE,D,20201012,000000,5.89115,5.89115,5.89115,5.89115,0,0
LKD_PE,D,20201013,000000,5.81041,6.05253,5.81041,6.05253,0,0
LKD_PE,D,20201014,000000,6.05253,6.13326,6.05253,6.05253,0,0
LKD_PE,D,20201015,000000,5.72976,5.97188,5.5683,5.89115,0,0
LKD_PE,D,20201016,000000,5.48765,5.89115,5.48765,5.89115,0,0
LKD_PE,D,20201019,000000,5.89115,5.89115,5.89115,5.89115,0,0
LKD_PE,D,20201020,000000,5.89115,5.89115,5.89115,5.89115,0,0
LKD_PE,D,20201021,000000,5.89115,5.89115,5.89115,5.89115,0,0
LKD_PE,D,20201023,000000,5.89115,5.89115,5.72976,5.89115,0,0
LKD_PE,D,20201026,000000,5.89115,5.89115,5.89115,5.89115,0,0
LKD_PE,D,20201028,000000,5.64903,5.81041,5.48765,5.81041,0,0
LKD_PE,D,20201029,000000,5.48765,5.64903,5.48765,5.64903,0,0
LKD_PE,D,20201030,000000,5.48765,5.81041,5.48765,5.81041,0,0
LKD_PE,D,20201102,000000,5.81041,5.81041,5.64903,5.72976,0,0
LKD_PE,D,20201103,000000,5.72976,5.72976,5.72976,5.72976,0,0
LKD_PE,D,20201104,000000,5.89115,5.89115,5.72976,5.72976,0,0
LKD_PE,D,20201105,000000,5.81041,5.89115,5.5683,5.72976,0,0
LKD_PE,D,20201106,000000,5.72976,5.72976,5.40691,5.72976,0,0
LKD_PE,D,20201109,000000,5.72976,5.81041,5.72976,5.81041,0,0
LKD_PE,D,20201110,000000,5.72976,5.89115,5.64903,5.89115,0,0
LKD_PE,D,20201112,000000,5.81041,5.89115,5.81041,5.89115,0,0
LKD_PE,D,20201113,000000,5.89115,5.89115,5.89115,5.89115,0,0
LKD_PE,D,20201116,000000,5.81041,5.89115,5.81041,5.89115,0,0
LKD_PE,D,20201117,000000,5.89115,5.89115,5.64903,5.89115,0,0
LKD_PE,D,20201118,000000,5.89115,5.89115,5.89115,5.89115,0,0
LKD_PE,D,20201119,000000,5.89115,5.89115,5.89115,5.89115,0,0
LKD_PE,D,20201120,000000,5.89115,5.89115,5.89115,5.89115,0,0
LKD_PE,D,20201123,000000,5.89115,5.89115,5.5683,5.89115,0,0
LKD_PE,D,20201124,000000,5.81041,5.89115,5.5683,5.81041,0,0
LKD_PE,D,20201125,000000,5.81041,5.89115,5.81041,5.89115,0,0
LKD_PE,D,20201126,000000,5.89115,5.89115,5.72976,5.81041,0,0
LKD_PE,D,20201127,000000,5.81041,5.89115,5.81041,5.89115,0,0
LKD_PE,D,20201130,000000,5.64903,5.89115,5.32626,5.32626,0,0
LKD_PE,D,20201201,000000,5.24554,5.5683,5.24554,5.40691,0,0
LKD_PE,D,20201202,000000,5.5683,5.5683,5.40691,5.5683,0,0
LKD_PE,D,20201203,000000,5.5683,5.5683,5.40691,5.40691,0,0
LKD_PE,D,20201204,000000,5.5683,5.5683,5.40691,5.5683,0,0
LKD_PE,D,20201207,000000,5.64903,5.64903,5.5683,5.64903,0,0
LKD_PE,D,20201208,000000,5.64903,5.64903,5.48765,5.5683,0,0
LKD_PE,D,20201209,000000,5.48765,5.64903,5.48765,5.5683,0,0
LKD_PE,D,20201210,000000,5.64903,5.81041,5.40691,5.5683,0,0
LKD_PE,D,20201211,000000,5.5683,5.64903,5.40691,5.64903,0,0
LKD_PE,D,20201214,000000,5.64903,5.64903,5.48765,5.5683,0,0
LKD_PE,D,20201215,000000,5.64903,5.64903,5.40691,5.40691,0,0
LKD_PE,D,20201216,000000,5.48765,5.64903,5.40691,5.64903,0,0
LKD_PE,D,20201217,000000,5.5683,5.89115,5.5683,5.5683,0,0
LKD_PE,D,20201218,000000,5.48765,5.5683,5.40691,5.5683,0,0
LKD_PE,D,20201221,000000,5.32626,5.32626,5.32626,5.32626,0,0
LKD_PE,D,20201222,000000,5.40691,5.5683,5.40691,5.5683,0,0
LKD_PE,D,20201223,000000,5.40691,5.5683,5.40691,5.48765,0,0
LKD_PE,D,20201228,000000,5.40691,5.64903,5.40691,5.64903,0,0
LKD_PE,D,20201229,000000,5.64903,5.89115,5.64903,5.81041,0,0
LKD_PE,D,20201230,000000,5.81041,6.05253,5.81041,5.97188,0,0
LKD_PE,D,20210104,000000,6.13326,6.45602,6.13326,6.29464,0,0
LKD_PE,D,20210105,000000,6.37537,6.45602,6.29464,6.45602,0,0
LKD_PE,D,20210107,000000,6.37537,6.6174,6.37537,6.6174,0,0
LKD_PE,D,20210108,000000,6.6174,6.6174,6.45602,6.6174,0,0
LKD_PE,D,20210111,000000,6.6174,6.69814,6.6174,6.69814,0,0
LKD_PE,D,20210112,000000,6.69814,7.18237,6.69814,6.85952,0,0
LKD_PE,D,20210113,000000,6.77887,6.77887,6.69814,6.77887,0,0
LKD_PE,D,20210114,000000,6.77887,6.77887,6.53675,6.77887,0,0
LKD_PE,D,20210115,000000,6.77887,6.77887,6.6174,6.69814,0,0
LKD_PE,D,20210118,000000,6.6174,6.77887,6.29464,6.69814,0,0
LKD_PE,D,20210119,000000,6.85952,6.85952,6.69814,6.69814,0,0
LKD_PE,D,20210120,000000,6.69814,6.77887,6.69814,6.77887,0,0
LKD_PE,D,20210121,000000,6.85952,6.85952,6.69814,6.69814,0,0
LKD_PE,D,20210122,000000,6.77887,6.77887,6.69814,6.77887,0,0
LKD_PE,D,20210125,000000,6.85952,7.18237,6.85952,7.10164,0,0
LKD_PE,D,20210126,000000,7.10164,7.10164,6.77887,7.10164,0,0
LKD_PE,D,20210127,000000,6.77887,6.77887,6.77887,6.77887,0,0
LKD_PE,D,20210128,000000,6.77887,6.85952,6.77887,6.85952,0,0
LKD_PE,D,20210129,000000,6.85952,7.02099,6.85952,7.02099,0,0
LKD_PE,D,20210201,000000,7.02099,7.02099,7.02099,7.02099,0,0
LKD_PE,D,20210202,000000,6.85952,7.10164,6.85952,7.10164,0,0
LKD_PE,D,20210203,000000,6.85952,7.02099,6.85952,6.94025,0,0
LKD_PE,D,20210204,000000,6.94025,6.94025,6.85952,6.85952,0,0
LKD_PE,D,20210205,000000,6.85952,6.85952,6.85952,6.85952,0,0
LKD_PE,D,20210208,000000,6.85952,7.02099,6.77887,6.94025,0,0
LKD_PE,D,20210209,000000,7.02099,7.02099,6.85952,7.02099,0,0
LKD_PE,D,20210210,000000,7.02099,7.18237,7.02099,7.18237,0,0
LKD_PE,D,20210211,000000,7.26301,7.42448,7.26301,7.34374,0,0
LKD_PE,D,20210212,000000,7.34374,7.34374,7.26301,7.34374,0,0
LKD_PE,D,20210215,000000,7.34374,7.66651,7.34374,7.66651,0,0
LKD_PE,D,20210216,000000,7.66651,7.90846,7.58586,7.90846,0,0
LKD_PE,D,20210217,000000,7.74725,7.82814,7.02099,7.42448,0,0
LKD_PE,D,20210218,000000,7.42448,7.82814,7.42448,7.82814,0,0
LKD_PE,D,20210219,000000,7.42448,7.82814,7.42448,7.74725,0,0
LKD_PE,D,20210222,000000,7.66651,7.66651,7.34374,7.66651,0,0
LKD_PE,D,20210223,000000,7.74725,7.74725,7.74725,7.74725,0,0
LKD_PE,D,20210224,000000,7.34374,7.66651,7.34374,7.66651,0,0
LKD_PE,D,20210225,000000,7.50513,7.50513,7.50513,7.50513,0,0
LKD_PE,D,20210226,000000,7.66651,7.66651,7.66651,7.66651,0,0
LKD_PE,D,20210301,000000,7.66651,7.74725,7.50513,7.66651,0,0
LKD_PE,D,20210303,000000,7.74725,7.74725,7.58586,7.74725,0,0
LKD_PE,D,20210304,000000,7.74725,7.74725,7.50513,7.74725,0,0
LKD_PE,D,20210305,000000,7.74725,7.74725,7.74725,7.74725,0,0
LKD_PE,D,20210309,000000,7.58586,7.58586,7.50513,7.50513,0,0
LKD_PE,D,20210310,000000,7.66651,7.66651,7.50513,7.50513,0,0
LKD_PE,D,20210311,000000,7.66651,7.66651,7.26301,7.26301,0,0
LKD_PE,D,20210312,000000,6.94025,14.0417,6.94025,14.0417,0,0
LKD_PE,D,20210315,000000,14.2031,15.5752,14.2031,15.2522,0,0
LKD_PE,D,20210316,000000,15.6563,15.8169,14.9292,15.4948,0,0
LKD_PE,D,20210317,000000,15.4948,15.4948,14.9292,14.9292,0,0
LKD_PE,D,20210318,000000,15.4137,15.4948,15.4137,15.4948,0,0
LKD_PE,D,20210319,000000,15.2522,15.2522,15.2522,15.2522,0,0
LKD_PE,D,20210322,000000,15.2522,15.2522,15.0907,15.0907,0,0
LKD_PE,D,20210323,000000,15.0907,15.0907,14.6875,15.0104,0,0
LKD_PE,D,20210324,000000,14.849,15.2522,14.849,15.2522,0,0
LKD_PE,D,20210325,000000,15.2522,15.4137,14.6072,14.6072,0,0
LKD_PE,D,20210326,000000,14.6072,15.1719,14.6072,14.6072,0,0
LKD_PE,D,20210329,000000,15.1719,15.1719,15.1719,15.1719,0,0
LKD_PE,D,20210330,000000,15.0907,15.1719,15.0907,15.1719,0,0
LKD_PE,D,20210331,000000,15.1719,15.1719,14.7678,15.1719,0,0
LKD_PE,D,20210406,000000,14.7678,15.1719,14.7678,15.1719,0,0
LKD_PE,D,20210407,000000,14.7678,15.1719,14.7678,15.1719,0,0
LKD_PE,D,20210408,000000,15.1719,16.1398,15.1719,16.1398,0,0
LKD_PE,D,20210409,000000,16.1398,16.1398,15.3333,15.6563,0,0
LKD_PE,D,20210412,000000,15.6563,15.6563,15.4948,15.5752,0,0
LKD_PE,D,20210413,000000,15.8981,16.3013,15.6563,16.3013,0,0
LKD_PE,D,20210414,000000,16.6242,16.9472,16.3013,16.866,0,0
LKD_PE,D,20210415,000000,16.866,17.2701,16.4628,17.2701,0,0
LKD_PE,D,20210416,000000,17.1087,17.4316,17.1087,17.4316,0,0
LKD_PE,D,20210419,000000,17.7545,18.0766,17.7545,18.0766,0,0
LKD_PE,D,20210420,000000,17.7545,18.561,17.5931,18.2381,0,0
LKD_PE,D,20210421,000000,18.2381,18.2381,17.9152,17.9152,0,0
LKD_PE,D,20210422,000000,17.7545,17.7545,17.4316,17.4316,0,0
LKD_PE,D,20210423,000000,17.2701,17.4316,17.2701,17.2701,0,0
LKD_PE,D,20210426,000000,17.1087,17.2701,16.6242,17.2701,0,0
LKD_PE,D,20210427,000000,17.4316,17.4316,16.6242,16.6242,0,0
LKD_PE,D,20210428,000000,16.7054,17.5931,16.6242,17.5931,0,0
LKD_PE,D,20210429,000000,17.4316,17.4316,16.866,17.2701,0,0
LKD_PE,D,20210430,000000,16.9472,18.0766,16.9472,18.0766,0,0
LKD_PE,D,20210504,000000,17.7545,18.2381,17.2701,18.2381,0,0
LKD_PE,D,20210505,000000,18.2381,18.2381,17.0275,17.4316,0,0
LKD_PE,D,20210506,000000,17.9152,18.2381,17.7545,17.7545,0,0
LKD_PE,D,20210507,000000,18.2381,18.2381,17.9152,17.9152,0,0
LKD_PE,D,20210510,000000,17.9152,18.2381,17.5931,18.2381,0,0
LKD_PE,D,20210511,000000,17.7545,18.2381,17.5931,18.0766,0,0
LKD_PE,D,20210512,000000,16.866,18.0766,16.866,18.0766,0,0
LKD_PE,D,20210908,000000,12.1861,12.1861,12.1861,12.1861,0,0
LKD_PE,D,20210909,000000,13.5581,13.5581,12.509,12.509,0,0
LKD_PE,D,20210910,000000,12.1049,12.509,12.0246,12.3475,0,0
LKD_PE,D,20210913,000000,12.3475,12.509,11.9434,12.509,0,0
LKD_PE,D,20210914,000000,12.4278,12.4278,12.0246,12.1861,0,0
LKD_PE,D,20210915,000000,12.509,12.509,12.509,12.509,0,0
LKD_PE,D,20210916,000000,12.0246,12.0246,12.0246,12.0246,0,0
LKD_PE,D,20210917,000000,12.4278,12.509,12.0246,12.509,0,0
LKD_PE,D,20210920,000000,12.509,12.509,12.0246,12.0246,0,0
LKD_PE,D,20210921,000000,12.0246,12.509,12.0246,12.509,0,0
LKD_PE,D,20210923,000000,12.509,12.509,12.3475,12.509,0,0
LKD_PE,D,20210924,000000,12.0246,12.509,12.0246,12.509,0,0
LKD_PE,D,20210927,000000,12.786,12.786,12.5401,12.5401,0,0
LKD_PE,D,20210928,000000,12.622,12.704,12.1303,12.704,0,0
LKD_PE,D,20210929,000000,12.3761,12.3761,12.3761,12.3761,0,0
LKD_PE,D,20210930,000000,12.704,12.704,12.704,12.704,0,0
LKD_PE,D,20211001,000000,12.2122,12.5401,12.2122,12.4581,0,0
LKD_PE,D,20211004,000000,12.4581,12.4581,12.1303,12.4581,0,0
LKD_PE,D,20211005,000000,12.4581,12.4581,12.1303,12.2122,0,0
LKD_PE,D,20211006,000000,12.2942,12.3761,12.1303,12.2122,0,0
LKD_PE,D,20211007,000000,12.2122,12.2122,12.2122,12.2122,0,0
LKD_PE,D,20211008,000000,11.8025,12.2122,11.7205,12.2122,0,0
LKD_PE,D,20211011,000000,12.2122,12.2942,12.2122,12.2122,0,0
LKD_PE,D,20211012,000000,12.1303,12.1303,12.0483,12.0483,0,0
LKD_PE,D,20211013,000000,12.1303,12.2122,12.1303,12.2122,0,0
LKD_PE,D,20211014,000000,12.2942,12.2942,12.2122,12.2942,0,0
LKD_PE,D,20211018,000000,12.2942,12.2942,12.2942,12.2942,0,0
LKD_PE,D,20211019,000000,12.622,12.622,11.7205,11.7205,0,0
LKD_PE,D,20211020,000000,11.7205,12.2122,11.6386,12.2122,0,0
LKD_PE,D,20211021,000000,12.2942,12.622,12.2122,12.3761,0,0
LKD_PE,D,20211022,000000,11.9663,12.3761,11.8844,11.8844,0,0
LKD_PE,D,20211025,000000,11.8844,12.4581,11.7205,11.7205,0,0
LKD_PE,D,20211026,000000,12.0483,12.1303,11.7205,12.0483,0,0
LKD_PE,D,20211027,000000,12.0483,12.0483,12.0483,12.0483,0,0
LKD_PE,D,20211028,000000,12.1303,12.2122,12.1303,12.2122,0,0
LKD_PE,D,20211029,000000,11.6386,12.1303,11.6386,12.0483,0,0
LKD_PE,D,20211103,000000,11.9663,11.9663,10.4911,10.4911,0,0
LKD_PE,D,20211104,000000,10.1632,10.4091,10.1632,10.2452,0,0
LKD_PE,D,20211105,000000,10.0813,10.2452,9.4256,9.7534,0,0
LKD_PE,D,20211108,000000,9.67149,9.7534,9.5895,9.67149,0,0
LKD_PE,D,20211109,000000,9.5075,9.5075,9.17969,9.26161,0,0
LKD_PE,D,20211110,000000,9.09773,9.26161,8.9338,9.09773,0,0
LKD_PE,D,20211112,000000,9.26161,9.26161,9.26161,9.26161,0,0
LKD_PE,D,20211115,000000,9.26161,9.26161,9.26161,9.26161,0,0
LKD_PE,D,20211116,000000,9.67149,9.7534,9.67149,9.7534,0,0
LKD_PE,D,20211117,000000,9.7534,9.7534,9.3436,9.67149,0,0
LKD_PE,D,20211118,000000,9.5075,9.67149,9.5075,9.67149,0,0
LKD_PE,D,20211119,000000,9.67149,9.67149,9.67149,9.67149,0,0
LKD_PE,D,20211122,000000,9.3436,9.67149,9.3436,9.67149,0,0
LKD_PE,D,20211123,000000,9.7534,9.91729,9.7534,9.7534,0,0
LKD_PE,D,20211124,000000,9.91729,9.91729,9.7534,9.7534,0,0
LKD_PE,D,20211126,000000,9.91729,9.91729,9.91729,9.91729,0,0
LKD_PE,D,20211129,000000,9.17969,9.91729,9.01576,9.91729,0,0
LKD_PE,D,20211203,000000,9.4256,9.67149,9.4256,9.67149,0,0
LKD_PE,D,20211206,000000,9.67149,9.67149,9.3436,9.67149,0,0
LKD_PE,D,20211208,000000,9.17969,9.4256,9.17969,9.3436,0,0
LKD_PE,D,20211209,000000,9.67149,9.7534,9.67149,9.7534,0,0
LKD_PE,D,20211210,000000,9.7534,9.7534,9.7534,9.7534,0,0
LKD_PE,D,20211213,000000,9.26161,9.26161,9.17969,9.17969,0,0
LKD_PE,D,20211214,000000,9.01576,9.17969,9.01576,9.17969,0,0
LKD_PE,D,20211215,000000,9.17969,9.4256,9.17969,9.4256,0,0
LKD_PE,D,20211221,000000,9.26161,9.26161,9.26161,9.26161,0,0
LKD_PE,D,20211227,000000,8.9338,9.17969,8.85184,9.17969,0,0
LKD_PE,D,20211228,000000,9.3436,9.3436,9.26161,9.26161,0,0
LKD_PE,D,20211229,000000,9.26161,9.26161,9.26161,9.26161,0,0
LKD_PE,D,20211230,000000,9.26161,9.26161,9.26161,9.26161,0,0
LKD_PE,D,20220103,000000,9.09773,9.26161,9.01576,9.26161,0,0
LKD_PE,D,20220111,000000,9.26161,9.26161,9.01576,9.01576,0,0
LKD_PE,D,20220112,000000,9.26161,9.26161,9.26161,9.26161,0,0
LKD_PE,D,20220113,000000,9.26161,9.26161,9.26161,9.26161,0,0
LKD_PE,D,20220114,000000,9.26161,9.26161,8.85184,8.9338,0,0
LKD_PE,D,20220117,000000,8.85184,8.85184,8.85184,8.85184,0,0
LKD_PE,D,20220118,000000,8.85184,8.85184,8.60596,8.60596,0,0
LKD_PE,D,20220119,000000,8.52399,8.60596,8.52399,8.60596,0,0
LKD_PE,D,20220120,000000,8.60596,8.60596,8.60596,8.60596,0,0
LKD_PE,D,20220121,000000,8.36007,8.44203,8.36007,8.36007,0,0
LKD_PE,D,20220124,000000,8.44203,8.44203,8.11419,8.11419,0,0
LKD_PE,D,20220125,000000,8.36007,8.36007,7.62242,7.62242,0,0
LKD_PE,D,20220126,000000,7.78634,7.95026,7.78634,7.95026,0,0
LKD_PE,D,20220127,000000,8.03222,8.27811,7.95026,8.19615,0,0
LKD_PE,D,20220131,000000,8.44203,8.44203,8.19615,8.44203,0,0
LKD_PE,D,20220201,000000,8.60596,8.60596,8.52399,8.60596,0,0
LKD_PE,D,20220202,000000,9.26161,9.26161,9.26161,9.26161,0,0
LKD_PE,D,20220203,000000,9.3436,9.3436,9.26161,9.3436,0,0
LKD_PE,D,20220204,000000,8.9338,9.3436,8.44203,9.3436,0,0
LKD_PE,D,20220207,000000,8.9338,9.26161,8.9338,9.26161,0,0
LKD_PE,D,20220208,000000,9.3436,9.3436,9.3436,9.3436,0,0
LKD_PE,D,20220209,000000,9.3436,9.3436,9.3436,9.3436,0,0
LKD_PE,D,20220210,000000,9.3436,9.3436,9.01576,9.01576,0,0
LKD_PE,D,20220211,000000,8.68792,8.68792,8.68792,8.68792,0,0
LKD_PE,D,20220214,000000,7.95026,7.95026,7.95026,7.95026,0,0
LKD_PE,D,20220215,000000,8.44203,8.44203,7.54046,7.54046,0,0
LKD_PE,D,20220216,000000,7.62242,8.36007,7.62242,8.36007,0,0
LKD_PE,D,20220218,000000,8.36007,8.36007,8.36007,8.36007,0,0
LKD_PE,D,20220221,000000,8.27811,8.52399,8.19615,8.19615,0,0
LKD_PE,D,20220222,000000,8.36007,8.36007,8.03222,8.03222,0,0
LKD_PE,D,20220223,000000,7.78634,8.03222,7.78634,8.03222,0,0
LKD_PE,D,20220224,000000,7.78634,8.11419,7.54046,8.11419,0,0
LKD_PE,D,20220225,000000,7.29458,8.03222,7.29458,7.62242,0,0
LKD_PE,D,20220228,000000,7.78634,7.78634,7.70438,7.70438,0,0
LKD_PE,D,20220301,000000,7.95026,7.95026,7.70438,7.95026,0,0
LKD_PE,D,20220302,000000,7.8683,8.11419,7.54046,8.03222,0,0
LKD_PE,D,20220303,000000,7.95026,8.11419,7.45849,7.95026,0,0
LKD_PE,D,20220304,000000,7.54046,7.62242,7.13065,7.54046,0,0
LKD_PE,D,20220307,000000,7.45849,7.54046,7.45849,7.54046,0,0
LKD_PE,D,20220308,000000,7.54046,7.54046,7.45849,7.54046,0,0
LKD_PE,D,20220309,000000,7.62242,7.70438,7.62242,7.70438,0,0
LKD_PE,D,20220310,000000,7.78634,7.95026,7.62242,7.95026,0,0
LKD_PE,D,20220311,000000,7.8683,7.95026,7.8683,7.95026,0,0
LKD_PE,D,20220314,000000,8.03222,8.03222,7.95026,7.95026,0,0
LKD_PE,D,20220315,000000,7.95026,8.19615,7.62242,8.19615,0,0
LKD_PE,D,20220316,000000,7.95026,8.19615,7.95026,8.19615,0,0
LKD_PE,D,20220318,000000,8.19615,8.19615,7.29458,7.29458,0,0
LKD_PE,D,20220321,000000,7.70438,8.03222,7.70438,8.03222,0,0
LKD_PE,D,20220322,000000,8.36007,8.36007,8.27811,8.27811,0,0
LKD_PE,D,20220323,000000,8.36007,8.76987,8.36007,8.76987,0,0
LKD_PE,D,20220324,000000,8.44203,8.76987,5.24554,5.24554,0,0
LKD_PE,D,20220329,000000,5.08161,5.08161,5.08161,5.08161,0,0
LKD_PE,D,20220330,000000,5.16357,5.16357,4.99965,5.08161,0,0
LKD_PE,D,20220331,000000,4.99965,5.16357,4.99965,5.16357,0,0
LKD_PE,D,20220401,000000,5.08161,5.08161,5.08161,5.08161,0,0
LKD_PE,D,20220404,000000,5.16357,5.16357,5.08161,5.08161,0,0
LKD_PE,D,20220405,000000,5.08161,5.16357,5.08161,5.16357,0,0
LKD_PE,D,20220407,000000,4.75377,4.99965,4.75377,4.99965,0,0
LKD_PE,D,20220408,000000,4.91769,5.08161,4.91769,4.99965,0,0
LKD_PE,D,20220411,000000,4.99965,4.99965,4.83573,4.83573,0,0
LKD_PE,D,20220412,000000,4.83573,4.91769,4.75377,4.91769,0,0
LKD_PE,D,20220413,000000,4.91769,4.91769,4.91769,4.91769,0,0
LKD_PE,D,20220414,000000,4.91769,4.91769,4.91769,4.91769,0,0
LKD_PE,D,20220422,000000,4.6718,4.6718,4.262,4.34396,0,0
LKD_PE,D,20220425,000000,4.58984,4.6718,4.58984,4.6718,0,0
LKD_PE,D,20220427,000000,4.6718,4.6718,4.6718,4.6718,0,0
LKD_PE,D,20220428,000000,4.6718,4.6718,4.6718,4.6718,0,0
LKD_PE,D,20220429,000000,4.6718,4.6718,4.6718,4.6718,0,0
LKD_PE,D,20220502,000000,4.6718,4.6718,4.42592,4.42592,0,0
LKD_PE,D,20220504,000000,4.50788,4.58984,4.262,4.58984,0,0
LKD_PE,D,20220505,000000,4.58984,4.58984,4.58984,4.58984,0,0
LKD_PE,D,20220506,000000,4.34396,4.34396,3.93415,4.09807,0,0
LKD_PE,D,20220510,000000,4.01611,4.01611,4.01611,4.01611,0,0
LKD_PE,D,20220511,000000,3.93415,4.01611,3.85219,4.01611,0,0
LKD_PE,D,20220513,000000,4.01611,4.34396,4.01611,4.34396,0,0
LKD_PE,D,20220516,000000,4.18003,4.18003,4.01611,4.01611,0,0
LKD_PE,D,20220517,000000,4.01611,4.18003,4.01611,4.18003,0,0
LKD_PE,D,20220518,000000,4.09807,4.18003,4.09807,4.09807,0,0
LKD_PE,D,20220519,000000,4.18003,4.18003,4.09807,4.09807,0,0
LKD_PE,D,20220520,000000,4.09807,4.09807,3.93415,4.09807,0,0
LKD_PE,D,20220523,000000,4.09807,4.18003,4.09807,4.09807,0,0
LKD_PE,D,20220524,000000,3.85219,4.09807,3.85219,4.09807,0,0
LKD_PE,D,20220525,000000,4.09807,4.09807,4.01611,4.01611,0,0
LKD_PE,D,20220526,000000,4.18003,4.91769,4.18003,4.91769,0,0
LKD_PE,D,20220527,000000,4.42592,4.58984,4.42592,4.42592,0,0
LKD_PE,D,20220530,000000,4.18003,4.42592,4.09807,4.42592,0,0
LKD_PE,D,20220601,000000,4.58984,4.58984,4.42592,4.58984,0,0
LKD_PE,D,20220603,000000,4.50788,4.58984,4.50788,4.58984,0,0
LKD_PE,D,20220606,000000,4.34396,4.58984,4.34396,4.58984,0,0
LKD_PE,D,20220607,000000,4.42592,4.58984,4.42592,4.42592,0,0
LKD_PE,D,20220608,000000,4.58984,4.58984,4.58984,4.58984,0,0
LKD_PE,D,20220609,000000,4.50788,4.58984,4.50788,4.58984,0,0
LKD_PE,D,20220610,000000,4.58984,4.58984,4.58984,4.58984,0,0
LKD_PE,D,20220613,000000,4.42592,4.42592,4.42592,4.42592,0,0
LKD_PE,D,20220614,000000,4.42592,4.58984,4.34396,4.34396,0,0
LKD_PE,D,20220615,000000,4.34396,4.34396,4.34396,4.34396,0,0
LKD_PE,D,20220617,000000,4.34396,4.34396,4.18003,4.34396,0,0
LKD_PE,D,20220620,000000,4.34396,4.34396,4.09807,4.262,0,0
LKD_PE,D,20220621,000000,4.09807,4.18003,4.09807,4.18003,0,0
LKD_PE,D,20220622,000000,4.18003,4.18003,4.18003,4.18003,0,0
LKD_PE,D,20220623,000000,4.09807,4.18003,4.01611,4.18003,0,0
LKD_PE,D,20220624,000000,4.18003,4.18003,4.18003,4.18003,0,0
LKD_PE,D,20220627,000000,4.262,4.262,4.262,4.262,0,0
LKD_PE,D,20220628,000000,4.34396,4.34396,4.262,4.262,0,0
LKD_PE,D,20220629,000000,4.34396,4.42592,4.34396,4.42592,0,0
LKD_PE,D,20220705,000000,4.09807,4.34396,4.01611,4.34396,0,0
LKD_PE,D,20220706,000000,4.09807,4.262,4.09807,4.18003,0,0
LKD_PE,D,20220708,000000,4.09807,4.18003,4.01611,4.18003,0,0
LKD_PE,D,20220712,000000,4.09807,4.09807,3.93415,3.93415,0,0
LKD_PE,D,20220713,000000,3.93415,4.01611,3.6063,3.93415,0,0
LKD_PE,D,20220714,000000,3.93415,4.01611,3.93415,4.01611,0,0
LKD_PE,D,20220715,000000,4.01611,4.01611,4.01611,4.01611,0,0
LKD_PE,D,20220718,000000,4.01611,4.01611,4.01611,4.01611,0,0
LKD_PE,D,20220719,000000,4.01611,4.18003,4.01611,4.09807,0,0
LKD_PE,D,20220720,000000,4.01611,4.09807,4.01611,4.01611,0,0
LKD_PE,D,20220721,000000,4.09807,4.09807,4.09807,4.09807,0,0
LKD_PE,D,20220722,000000,4.18003,4.18003,4.18003,4.18003,0,0
LKD_PE,D,20220725,000000,4.18003,4.18003,4.18003,4.18003,0,0
LKD_PE,D,20220726,000000,4.18003,4.18003,4.18003,4.18003,0,0
LKD_PE,D,20220727,000000,4.18003,4.34396,4.18003,4.34396,0,0
LKD_PE,D,20220729,000000,4.34396,4.34396,4.34396,4.34396,0,0
LKD_PE,D,20220801,000000,4.34396,4.34396,4.34396,4.34396,0,0
LKD_PE,D,20220802,000000,4.34396,4.34396,4.34396,4.34396,0,0
LKD_PE,D,20220803,000000,4.262,4.34396,4.18003,4.18003,0,0
LKD_PE,D,20220804,000000,4.262,4.262,4.18003,4.262,0,0
LKD_PE,D,20220805,000000,4.34396,4.34396,4.262,4.262,0,0
LKD_PE,D,20220808,000000,4.34396,4.34396,4.34396,4.34396,0,0
LKD_PE,D,20220809,000000,4.34396,4.34396,4.34396,4.34396,0,0
LKD_PE,D,20220810,000000,4.34396,4.34396,4.262,4.262,0,0
LKD_PE,D,20220811,000000,4.34396,4.34396,4.34396,4.34396,0,0
LKD_PE,D,20220812,000000,4.09807,4.34396,4.09807,4.34396,0,0
LKD_PE,D,20220816,000000,4.34396,4.42592,4.34396,4.42592,0,0
LKD_PE,D,20220817,000000,4.42592,4.42592,4.34396,4.42592,0,0
LKD_PE,D,20220819,000000,4.34396,4.42592,4.34396,4.42592,0,0
LKD_PE,D,20220822,000000,4.42592,4.42592,4.34396,4.34396,0,0
LKD_PE,D,20220823,000000,4.42592,4.42592,4.34396,4.42592,0,0
LKD_PE,D,20220824,000000,4.34396,4.42592,4.34396,4.42592,0,0
LKD_PE,D,20220825,000000,4.42592,4.42592,4.34396,4.34396,0,0
LKD_PE,D,20220826,000000,4.34396,4.34396,4.34396,4.34396,0,0
LKD_PE,D,20220829,000000,4.34396,4.34396,4.18003,4.262,0,0
LKD_PE,D,20220830,000000,4.34396,4.34396,4.34396,4.34396,0,0
LKD_PE,D,20220831,000000,4.34396,4.42592,4.34396,4.42592,0,0
LKD_PE,D,20220901,000000,4.42592,4.42592,4.262,4.34396,0,0
LKD_PE,D,20220902,000000,4.34396,4.34396,4.34396,4.34396,0,0
LKD_PE,D,20220905,000000,4.34396,4.34396,4.34396,4.34396,0,0
LKD_PE,D,20220906,000000,4.262,4.42592,4.262,4.42592,0,0
LKD_PE,D,20220907,000000,4.34396,23.6869,4.09807,23.6869,0,0
LKD_PE,D,20220908,000000,23.6869,24.9163,23.1951,24.2606,0,0
LKD_PE,D,20220909,000000,23.5229,24.5885,23.441,23.6869,0,0
LKD_PE,D,20220912,000000,24.2606,24.3426,23.6049,24.1786,0,0
LKD_PE,D,20220913,000000,23.6869,24.3426,23.6049,24.2606,0,0
LKD_PE,D,20220914,000000,24.2606,24.2606,24.2606,24.2606,0,0
LKD_PE,D,20220915,000000,24.2606,24.2606,24.2606,24.2606,0,0
LKD_PE,D,20220916,000000,24.2606,24.2606,23.1951,23.6869,0,0
LKD_PE,D,20220919,000000,23.6869,23.6869,22.7033,23.6049,0,0
LKD_PE,D,20220920,000000,28.7444,28.7444,24.0458,24.0458,0,0
LKD_PE,D,20220921,000000,23.9537,23.9537,23.6773,23.7694,0,0
LKD_PE,D,20220922,000000,23.5852,23.5852,21.7426,22.8481,0,0
LKD_PE,D,20220923,000000,22.019,22.2032,21.2819,22.2032,0,0
LKD_PE,D,20220927,000000,22.019,22.1111,22.019,22.1111,0,0
LKD_PE,D,20220928,000000,22.1111,22.9403,20.4528,22.9403,0,0
LKD_PE,D,20220929,000000,22.756,22.9403,22.2032,22.9403,0,0
LKD_PE,D,20221003,000000,20.7292,22.5718,20.7292,22.5718,0,0
LKD_PE,D,20221004,000000,22.2954,22.6639,21.5583,22.6639,0,0
LKD_PE,D,20221005,000000,22.5718,22.5718,22.5718,22.5718,0,0
LKD_PE,D,20221006,000000,22.5718,22.5718,22.4796,22.4796,0,0
LKD_PE,D,20221011,000000,22.1111,22.3875,22.1111,22.3875,0,0
LKD_PE,D,20221012,000000,21.3741,22.3875,21.3741,22.3875,0,0
LKD_PE,D,20221017,000000,22.2032,22.2954,21.4662,22.2954,0,0
LKD_PE,D,20221018,000000,22.2032,22.2954,22.2032,22.2954,0,0
LKD_PE,D,20221019,000000,22.3875,22.3875,22.1111,22.2954,0,0
LKD_PE,D,20221020,000000,22.2954,22.2954,22.2954,22.2954,0,0
LKD_PE,D,20221021,000000,21.2819,21.2819,20.637,21.2819,0,0
LKD_PE,D,20221024,000000,21.2819,21.2819,20.4528,21.0977,0,0
LKD_PE,D,20221025,000000,20.9134,21.2819,20.9134,21.2819,0,0
LKD_PE,D,20221026,000000,21.3741,22.4796,21.3741,22.4796,0,0
LKD_PE,D,20221027,000000,22.4796,23.4009,22.4796,22.4796,0,0
LKD_PE,D,20221028,000000,22.9403,22.9403,22.9403,22.9403,0,0
LKD_PE,D,20221031,000000,22.9403,22.9403,22.3875,22.9403,0,0
LKD_PE,D,20221102,000000,22.9403,23.0324,22.4796,23.0324,0,0
LKD_PE,D,20221103,000000,22.4796,22.8481,22.4796,22.8481,0,0
LKD_PE,D,20221104,000000,22.4796,25.9806,22.1111,25.9806,0,0
LKD_PE,D,20221107,000000,25.7042,25.9806,24.138,25.9806,0,0
LKD_PE,D,20221108,000000,25.3356,25.3356,24.2301,25.2435,0,0
LKD_PE,D,20221110,000000,24.2301,24.3222,24.2301,24.3222,0,0
LKD_PE,D,20221114,000000,23.3088,24.3222,9.30509,9.30509,0,0
LKD_PE,D,20221115,000000,9.30509,9.30509,8.84444,9.30509,0,0
LKD_PE,D,20221118,000000,8.56806,9.0287,8.56806,8.66019,0,0
LKD_PE,D,20221123,000000,8.66019,8.75231,8.56806,8.75231,0,0
LKD_PE,D,20221125,000000,8.75231,9.30509,8.47593,9.30509,0,0
LKD_PE,D,20221128,000000,8.84444,9.67361,8.75231,9.67361,0,0
LKD_PE,D,20221129,000000,9.0287,9.67361,9.0287,9.58148,0,0
LKD_PE,D,20221130,000000,9.67361,9.67361,9.67361,9.67361,0,0
LKD_PE,D,20221205,000000,9.67361,10.4106,9.67361,10.4106,0,0
LKD_PE,D,20221206,000000,10.4106,10.4106,10.4106,10.4106,0,0
LKD_PE,D,20221207,000000,10.0421,10.0421,9.48935,9.67361,0,0
LKD_PE,D,20221208,000000,9.48935,9.67361,9.48935,9.67361,0,0
LKD_PE,D,20221209,000000,9.95,9.95,9.67361,9.95,0,0
LKD_PE,D,20221212,000000,9.58148,9.85787,9.58148,9.58148,0,0
LKD_PE,D,20221213,000000,10.0421,10.0421,9.58148,10.0421,0,0
LKD_PE,D,20221214,000000,10.0421,10.0421,9.95,9.95,0,0
LKD_PE,D,20221215,000000,9.85787,9.85787,9.58148,9.85787,0,0
LKD_PE,D,20221216,000000,9.58148,10.3185,9.58148,10.3185,0,0
LKD_PE,D,20221219,000000,10.3185,10.3185,10.3185,10.3185,0,0
LKD_PE,D,20221220,000000,10.3185,10.3185,9.76574,9.76574,0,0
LKD_PE,D,20221222,000000,10.1343,10.2264,9.76574,10.2264,0,0
LKD_PE,D,20221223,000000,10.2264,10.2264,10.2264,10.2264,0,0
LKD_PE,D,20221227,000000,10.2264,10.2264,10.2264,10.2264,0,0
LKD_PE,D,20221228,000000,10.2264,10.2264,10.2264,10.2264,0,0
LKD_PE,D,20221229,000000,10.2264,10.2264,10.2264,10.2264,0,0
LKD_PE,D,20221230,000000,10.5028,10.5028,9.95,10.5028,0,0
LKD_PE,D,20230102,000000,10.5028,10.7792,10.4106,10.5949,0,0
LKD_PE,D,20230103,000000,10.1343,10.7792,10.1343,10.5949,0,0
LKD_PE,D,20230104,000000,10.9634,11.1477,10.9634,10.9634,0,0
LKD_PE,D,20230105,000000,10.9634,10.9634,10.9634,10.9634,0,0
LKD_PE,D,20230109,000000,10.9634,10.9634,10.4106,10.4106,0,0
LKD_PE,D,20230110,000000,10.7792,10.7792,10.4106,10.7792,0,0
LKD_PE,D,20230111,000000,10.7792,10.7792,10.1343,10.1343,0,0
LKD_PE,D,20230112,000000,10.1343,10.2264,9.76574,10.2264,0,0
LKD_PE,D,20230117,000000,10.2264,10.2264,10.2264,10.2264,0,0
LKD_PE,D,20230118,000000,10.2264,10.2264,10.2264,10.2264,0,0
LKD_PE,D,20230120,000000,10.4106,10.4106,10.3185,10.4106,0,0
LKD_PE,D,20230124,000000,10.3185,10.4106,10.3185,10.4106,0,0
LKD_PE,D,20230126,000000,10.1343,10.3185,9.95,10.3185,0,0
LKD_PE,D,20230127,000000,9.95,10.3185,9.95,10.3185,0,0
LKD_PE,D,20230130,000000,10.2264,10.2264,9.95,10.1343,0,0
LKD_PE,D,20230131,000000,10.1343,10.3185,10.1343,10.3185,0,0
LKD_PE,D,20230201,000000,9.95,9.95,9.21296,9.76574,0,0
LKD_PE,D,20230202,000000,9.76574,9.76574,9.76574,9.76574,0,0
LKD_PE,D,20230203,000000,9.48935,9.76574,9.39722,9.76574,0,0
LKD_PE,D,20230206,000000,9.39722,9.76574,9.39722,9.76574,0,0
LKD_PE,D,20230207,000000,9.67361,9.67361,9.12083,9.39722,0,0
LKD_PE,D,20230208,000000,9.39722,9.39722,9.21296,9.39722,0,0
LKD_PE,D,20230209,000000,9.30509,9.39722,9.12083,9.39722,0,0
LKD_PE,D,20230210,000000,9.39722,9.39722,9.12083,9.12083,0,0
LKD_PE,D,20230213,000000,9.12083,9.12083,9.12083,9.12083,0,0
LKD_PE,D,20230214,000000,9.12083,9.12083,9.12083,9.12083,0,0
LKD_PE,D,20230215,000000,9.12083,9.39722,9.12083,9.39722,0,0
LKD_PE,D,20230217,000000,9.39722,9.67361,9.12083,9.67361,0,0
LKD_PE,D,20230220,000000,9.67361,9.76574,9.67361,9.67361,0,0
LKD_PE,D,20230221,000000,9.67361,10.0421,9.67361,10.0421,0,0
LKD_PE,D,20230223,000000,9.95,9.95,9.95,9.95,0,0
LKD_PE,D,20230224,000000,9.85787,9.85787,9.76574,9.76574,0,0
LKD_PE,D,20230227,000000,9.76574,9.76574,9.76574,9.76574,0,0
LKD_PE,D,20230228,000000,9.76574,10.7792,9.76574,10.7792,0,0
LKD_PE,D,20230301,000000,10.7792,10.7792,10.1343,10.3185,0,0
LKD_PE,D,20230302,000000,10.3185,10.3185,10.2264,10.2264,0,0
LKD_PE,D,20230303,000000,9.85787,10.2264,9.85787,10.2264,0,0
LKD_PE,D,20230306,000000,10.3185,10.3185,9.95,10.3185,0,0
LKD_PE,D,20230307,000000,10.0421,10.2264,10.0421,10.1343,0,0
LKD_PE,D,20230308,000000,9.85787,10.1343,9.58148,9.85787,0,0
LKD_PE,D,20230309,000000,9.76574,9.76574,9.76574,9.76574,0,0
LKD_PE,D,20230310,000000,9.76574,9.76574,9.76574,9.76574,0,0
LKD_PE,D,20230313,000000,9.58148,9.76574,9.30509,9.39722,0,0
LKD_PE,D,20230314,000000,9.39722,9.67361,9.39722,9.48935,0,0
LKD_PE,D,20230315,000000,9.48935,9.76574,9.48935,9.76574,0,0
LKD_PE,D,20230316,000000,9.76574,9.85787,9.67361,9.85787,0,0
LKD_PE,D,20230317,000000,9.85787,9.85787,9.85787,9.85787,0,0
LKD_PE,D,20230320,000000,9.85787,9.85787,9.30509,9.85787,0,0
LKD_PE,D,20230321,000000,9.58148,9.58148,9.21296,9.48935,0,0
LKD_PE,D,20230322,000000,9.21296,10.1343,9.21296,9.95,0,0
LKD_PE,D,20230323,000000,9.48935,9.76574,9.48935,9.67361,0,0
LKD_PE,D,20230324,000000,9.58148,10.1343,9.30509,10.1343,0,0
LKD_PE,D,20230327,000000,9.67361,10.3185,9.67361,10.1343,0,0
LKD_PE,D,20230328,000000,10.1343,10.1343,9.85787,10.1343,0,0
LKD_PE,D,20230329,000000,10.1343,11.1477,4.79074,4.79074,0,0
LKD_PE,D,20230330,000000,4.79074,4.88287,4.79074,4.79074,0,0
LKD_PE,D,20230331,000000,4.60648,4.79074,4.42222,4.42222,0,0
LKD_PE,D,20230403,000000,4.42222,4.42222,4.33009,4.42222,0,0
LKD_PE,D,20230404,000000,4.33009,4.42222,4.33009,4.42222,0,0
LKD_PE,D,20230405,000000,4.33009,4.42222,4.33009,4.42222,0,0
LKD_PE,D,20230406,000000,4.42222,4.88287,4.42222,4.79074,0,0
LKD_PE,D,20230411,000000,4.79074,4.975,4.79074,4.975,0,0
LKD_PE,D,20230412,000000,4.79074,4.975,4.79074,4.975,0,0
LKD_PE,D,20230413,000000,4.975,5.06713,4.79074,5.06713,0,0
LKD_PE,D,20230414,000000,4.88287,5.06713,4.88287,5.06713,0,0
LKD_PE,D,20230417,000000,4.975,5.06713,4.975,5.06713,0,0
LKD_PE,D,20230419,000000,5.06713,5.06713,4.88287,5.06713,0,0
LKD_PE,D,20230420,000000,5.06713,5.06713,4.88287,4.975,0,0
LKD_PE,D,20230421,000000,4.975,5.06713,4.975,5.06713,0,0
LKD_PE,D,20230425,000000,4.88287,5.15926,4.88287,5.06713,0,0
LKD_PE,D,20230426,000000,4.79074,5.06713,4.79074,5.06713,0,0
LKD_PE,D,20230427,000000,4.88287,5.8963,4.88287,5.80417,0,0
LKD_PE,D,20230428,000000,5.52778,5.80417,5.52778,5.71204,0,0
LKD_PE,D,20230502,000000,5.71204,5.71204,5.52778,5.61991,0,0
LKD_PE,D,20230504,000000,5.71204,5.80417,5.71204,5.80417,0,0
LKD_PE,D,20230505,000000,5.80417,5.80417,5.43565,5.43565,0,0
LKD_PE,D,20230508,000000,5.61991,5.71204,5.52778,5.61991,0,0
LKD_PE,D,20230509,000000,5.61991,5.61991,5.61991,5.61991,0,0
LKD_PE,D,20230510,000000,5.61991,5.61991,5.52778,5.52778,0,0
LKD_PE,D,20230511,000000,5.52778,5.52778,5.52778,5.52778,0,0
LKD_PE,D,20230512,000000,5.43565,5.61991,5.43565,5.61991,0,0
LKD_PE,D,20230515,000000,5.61991,5.61991,5.61991,5.61991,0,0
LKD_PE,D,20230516,000000,5.61991,5.61991,5.61991,5.61991,0,0
LKD_PE,D,20230517,000000,5.61991,5.80417,5.52778,5.80417,0,0
LKD_PE,D,20230518,000000,5.80417,5.80417,4.51435,4.51435,0,0
LKD_PE,D,20230519,000000,4.51435,4.51435,4.42222,4.42222,0,0
LKD_PE,D,20230522,000000,4.42222,4.51435,4.42222,4.51435,0,0
LKD_PE,D,20230523,000000,4.42222,4.51435,4.42222,4.51435,0,0
LKD_PE,D,20230524,000000,4.42222,4.42222,4.42222,4.42222,0,0
LKD_PE,D,20230525,000000,4.42222,4.42222,4.42222,4.42222,0,0
LKD_PE,D,20230526,000000,4.42222,4.60648,4.42222,4.60648,0,0
LKD_PE,D,20230529,000000,4.60648,4.69861,4.51435,4.69861,0,0
LKD_PE,D,20230530,000000,4.60648,4.60648,4.51435,4.51435,0,0
LKD_PE,D,20230531,000000,4.51435,4.60648,4.42222,4.51435,0,0
LKD_PE,D,20230601,000000,4.42222,4.51435,4.42222,4.42222,0,0
LKD_PE,D,20230602,000000,4.42222,4.51435,4.42222,4.51435,0,0
LKD_PE,D,20230605,000000,4.51435,4.51435,4.51435,4.51435,0,0
LKD_PE,D,20230606,000000,4.51435,4.51435,4.51435,4.51435,0,0
LKD_PE,D,20230607,000000,4.51435,4.60648,4.51435,4.60648,0,0
LKD_PE,D,20230609,000000,4.60648,4.60648,4.60648,4.60648,0,0
LKD_PE,D,20230612,000000,4.60648,4.60648,4.60648,4.60648,0,0
LKD_PE,D,20230613,000000,4.60648,4.60648,4.60648,4.60648,0,0
LKD_PE,D,20230614,000000,4.60648,4.60648,4.60648,4.60648,0,0
LKD_PE,D,20230615,000000,4.60648,4.60648,4.60648,4.60648,0,0
LKD_PE,D,20230616,000000,4.60648,4.60648,4.60648,4.60648,0,0
LKD_PE,D,20230619,000000,4.60648,4.60648,4.60648,4.60648,0,0
LKD_PE,D,20230620,000000,4.60648,4.60648,4.60648,4.60648,0,0
LKD_PE,D,20230621,000000,4.60648,4.60648,4.60648,4.60648,0,0
LKD_PE,D,20230622,000000,4.60648,4.60648,4.60648,4.60648,0,0
LKD_PE,D,20230623,000000,4.60648,4.60648,4.60648,4.60648,0,0
LKD_PE,D,20230626,000000,4.60648,4.60648,4.60648,4.60648,0,0
LKD_PE,D,20230627,000000,4.60648,4.69861,4.60648,4.69861,0,0
LKD_PE,D,20230628,000000,4.69861,4.79074,4.69861,4.79074,0,0
LKD_PE,D,20230629,000000,4.79074,4.88287,4.79074,4.88287,0,0
LKD_PE,D,20230630,000000,5,5,4.5,5,0,0
LKD_PE,D,20230703,000000,5.4,5.5,4.9,4.9,0,0
LKD_PE,D,20230704,000000,4.9,4.9,4.8,4.8,0,0
LKD_PE,D,20230705,000000,4.9,5,4.9,5,0,0
LKD_PE,D,20230706,000000,5,5,5,5,0,0
LKD_PE,D,20230707,000000,5,5.1,5,5.1,0,0
LKD_PE,D,20230710,000000,5.1,5.3,5.1,5.3,0,0
LKD_PE,D,20230711,000000,5.3,5.3,5.1,5.2,0,0
LKD_PE,D,20230712,000000,5.2,5.2,5.2,5.2,0,0
LKD_PE,D,20230713,000000,5.2,5.3,5.2,5.2,0,0
LKD_PE,D,20230714,000000,5.2,5.8,5.2,5.6,0,0
LKD_PE,D,20230717,000000,5.6,5.8,5.5,5.7,0,0
LKD_PE,D,20230718,000000,5.7,6.2,5.7,6.1,0,0
LKD_PE,D,20230719,000000,6,6,5.8,5.9,0,0
LKD_PE,D,20230720,000000,5.8,5.9,5.8,5.9,0,0
LKD_PE,D,20230721,000000,5.9,6,5.9,5.9,0,0
LKD_PE,D,20230724,000000,5.9,5.9,5.8,5.8,0,0
LKD_PE,D,20230725,000000,5.8,5.8,5.7,5.8,0,0
LKD_PE,D,20230726,000000,5.8,5.8,5.3,5.4,0,0
LKD_PE,D,20230727,000000,5.4,5.6,5.4,5.5,0,0
LKD_PE,D,20230728,000000,5.6,5.7,5.6,5.7,0,0
LKD_PE,D,20230731,000000,5.7,5.9,5.7,5.9,0,0
LKD_PE,D,20230801,000000,5.9,5.9,5.7,5.8,0,0
LKD_PE,D,20230802,000000,5.8,5.8,5.7,5.8,0,0
LKD_PE,D,20230803,000000,5.7,5.8,5.6,5.7,0,0
LKD_PE,D,20230804,000000,5.7,5.8,5.7,5.8,0,0
LKD_PE,D,20230807,000000,5.701,5.8,5.503,5.8,0,0
LKD_PE,D,20230808,000000,5.85,5.85,5.552,5.8,0,0
LKD_PE,D,20230809,000000,5.8,5.8,5.8,5.8,0,0
LKD_PE,D,20230810,000000,5.8,5.8,5.8,5.8,0,0
LKD_PE,D,20230811,000000,5.8,5.8,5.8,5.8,0,0
LKD_PE,D,20230814,000000,5.751,5.751,5.505,5.7,0,0
LKD_PE,D,20230816,000000,5.7,5.7,5.6,5.6,0,0
LKD_PE,D,20230817,000000,5.6,5.65,5.253,5.6,0,0
LKD_PE,D,20230818,000000,5.551,5.6,5.551,5.6,0,0
LKD_PE,D,20230821,000000,5.451,5.6,5.451,5.6,0,0
LKD_PE,D,20230822,000000,5.451,5.451,5.4,5.4,0,0
LKD_PE,D,20230823,000000,5.351,5.549,5.351,5.5,0,0
LKD_PE,D,20230824,000000,5.549,5.549,5.5,5.5,0,0
LKD_PE,D,20230825,000000,5.598,5.6,5.598,5.6,0,0
LKD_PE,D,20230828,000000,5.649,5.7,5.649,5.7,0,0
LKD_PE,D,20230829,000000,5.65,5.7,5.601,5.7,0,0
LKD_PE,D,20230830,000000,5.7,5.799,5.7,5.7,0,0
LKD_PE,D,20230831,000000,5.7,5.7,5.651,5.7,0,0
LKD_PE,D,20230901,000000,5.7,5.7,5.651,5.7,0,0
LKD_PE,D,20230904,000000,5.7,5.997,5.7,5.7,0,0
LKD_PE,D,20230905,000000,5.749,5.897,5.749,5.8,0,0
LKD_PE,D,20230906,000000,5.949,5.949,5.8,5.8,0,0
LKD_PE,D,20230907,000000,5.702,6,5.702,6,0,0
LKD_PE,D,20230911,000000,6.05,6.05,6,6,0,0
LKD_PE,D,20230912,000000,6.05,6.149,6.05,6.1,0,0
LKD_PE,D,20230913,000000,6.395,6.887,4.9,4.9,0,0
LKD_PE,D,20230914,000000,4.862,4.862,4.787,4.8,0,0
LKD_PE,D,20230915,000000,4.8,4.9,4.763,4.9,0,0
LKD_PE,D,20230918,000000,4.9,4.9,4.787,4.9,0,0
LKD_PE,D,20230919,000000,4.9,4.938,4.787,4.9,0,0
LKD_PE,D,20230920,000000,4.9,4.975,4.862,4.9,0,0
LKD_PE,D,20230921,000000,4.9,4.9,4.9,4.9,0,0
LKD_PE,D,20230922,000000,4.9,4.9,4.9,4.9,0,0
LKD_PE,D,20230925,000000,4.9,4.9,4.862,4.9,0,0
LKD_PE,D,20230926,000000,4.862,4.9,4.825,4.9,0,0
LKD_PE,D,20230927,000000,4.825,4.9,4.825,4.9,0,0
LKD_PE,D,20230928,000000,4.9,4.9,4.825,4.9,0,0
LKD_PE,D,20230929,000000,4.9,4.9,4.9,4.9,0,0
LKD_PE,D,20231002,000000,4.9,4.9,4.825,4.9,0,0
LKD_PE,D,20231003,000000,4.862,4.9,4.7,4.7,0,0
LKD_PE,D,20231004,000000,4.7,4.888,4.625,4.8,0,0
