<TICKER>,<PER>,<DATE>,<TIME>,<OPEN>,<HIGH>,<LOW>,<CLOSE>,<VOL>,<OPENINT>
NNG_PB,D,20171221,000000,5.53,5.53,5.53,5.53,0,0
NNG_PB,D,20171222,000000,5.83,5.83,4.91,5.04,0,0
NNG_PB,D,20171227,000000,5.04,5.04,3.68,3.68,0,0
NNG_PB,D,20171228,000000,3.84,3.84,3.44,3.81,0,0
NNG_PB,D,20171229,000000,3.81,4.04,3.81,3.93,0,0
NNG_PB,D,20180103,000000,3.93,4.27,3.93,4.18,0,0
NNG_PB,D,20180104,000000,4.47,4.91,4.47,4.91,0,0
NNG_PB,D,20180105,000000,5.26,6.31,4.91,6.07,0,0
NNG_PB,D,20180108,000000,6.07,6.39,5.66,5.96,0,0
NNG_PB,D,20180109,000000,5.99,6.02,5.71,5.77,0,0
NNG_PB,D,20180110,000000,5.74,5.74,5.64,5.74,0,0
NNG_PB,D,20180111,000000,5.77,5.96,5.74,5.96,0,0
NNG_PB,D,20180112,000000,5.96,5.96,5.66,5.9,0,0
NNG_PB,D,20180115,000000,5.9,5.9,5.67,5.9,0,0
NNG_PB,D,20180116,000000,5.83,5.9,5.83,5.9,0,0
NNG_PB,D,20180117,000000,5.83,5.83,5.67,5.67,0,0
NNG_PB,D,20180118,000000,5.59,5.59,5.04,5.04,0,0
NNG_PB,D,20180119,000000,5.04,5.04,5,5.04,0,0
NNG_PB,D,20180122,000000,5.04,5.04,5.04,5.04,0,0
NNG_PB,D,20180123,000000,5.04,5.49,5.04,5.49,0,0
NNG_PB,D,20180124,000000,5.47,5.52,5.47,5.5,0,0
NNG_PB,D,20180125,000000,5.53,5.53,5.4,5.4,0,0
NNG_PB,D,20180126,000000,5.58,5.59,5.53,5.53,0,0
NNG_PB,D,20180129,000000,5.55,5.55,5.55,5.55,0,0
NNG_PB,D,20180130,000000,5.52,5.52,5.52,5.52,0,0
NNG_PB,D,20180201,000000,5.4,5.4,5.4,5.4,0,0
NNG_PB,D,20180205,000000,5.38,5.38,4.97,5.34,0,0
NNG_PB,D,20180206,000000,5.28,5.53,5.16,5.53,0,0
NNG_PB,D,20180207,000000,5.05,5.33,5.05,5.28,0,0
NNG_PB,D,20180209,000000,5.27,5.28,5.27,5.28,0,0
NNG_PB,D,20180212,000000,5.4,5.4,5.4,5.4,0,0
NNG_PB,D,20180213,000000,5.4,5.4,4.91,5.33,0,0
NNG_PB,D,20180214,000000,5.33,5.33,5.33,5.33,0,0
NNG_PB,D,20180215,000000,5.28,5.28,5.26,5.26,0,0
NNG_PB,D,20180216,000000,5.26,5.26,5.26,5.26,0,0
NNG_PB,D,20180219,000000,5.24,5.24,5.24,5.24,0,0
NNG_PB,D,20180220,000000,5.26,5.26,4.91,5.26,0,0
NNG_PB,D,20180221,000000,5.26,5.26,5.26,5.26,0,0
NNG_PB,D,20180226,000000,5.22,5.22,5.22,5.22,0,0
NNG_PB,D,20180227,000000,4.91,5.22,4.91,5.21,0,0
NNG_PB,D,20180228,000000,5.2,5.21,5.16,5.16,0,0
NNG_PB,D,20180302,000000,4.93,4.93,4.93,4.93,0,0
NNG_PB,D,20180305,000000,4.91,4.91,4.84,4.9,0,0
NNG_PB,D,20180306,000000,4.84,4.9,4.59,4.75,0,0
NNG_PB,D,20180307,000000,4.67,4.75,4.59,4.59,0,0
NNG_PB,D,20180308,000000,4.37,5.13,4.37,4.95,0,0
NNG_PB,D,20180309,000000,4.95,5.22,4.95,5.22,0,0
NNG_PB,D,20180312,000000,5.4,5.4,5.22,5.22,0,0
NNG_PB,D,20180313,000000,5.22,5.22,5.22,5.22,0,0
NNG_PB,D,20180314,000000,5.04,5.22,4.79,5.22,0,0
NNG_PB,D,20180315,000000,5.22,5.22,5.22,5.22,0,0
NNG_PB,D,20180316,000000,5.22,5.22,5.22,5.22,0,0
NNG_PB,D,20180320,000000,4.91,5.15,4.91,5.15,0,0
NNG_PB,D,20180326,000000,5.15,5.22,5.15,5.22,0,0
NNG_PB,D,20180328,000000,5.16,5.16,5.16,5.16,0,0
NNG_PB,D,20180329,000000,5.22,5.22,5.22,5.22,0,0
NNG_PB,D,20180403,000000,4.85,5.16,4.85,5.16,0,0
NNG_PB,D,20180404,000000,4.68,4.68,4.68,4.68,0,0
NNG_PB,D,20180405,000000,4.68,5.15,4.68,5.15,0,0
NNG_PB,D,20180409,000000,5.1,5.1,4.5,4.5,0,0
NNG_PB,D,20180410,000000,4.91,4.91,4.91,4.91,0,0
NNG_PB,D,20180411,000000,4.91,4.91,4.91,4.91,0,0
NNG_PB,D,20180412,000000,4.54,4.91,4.54,4.91,0,0
NNG_PB,D,20180413,000000,4.91,4.91,4.67,4.67,0,0
NNG_PB,D,20180416,000000,4.67,4.67,4.48,4.48,0,0
NNG_PB,D,20180417,000000,4.9,4.9,4.9,4.9,0,0
NNG_PB,D,20180418,000000,4.89,4.89,4.89,4.89,0,0
NNG_PB,D,20180419,000000,4.89,4.89,4.48,4.48,0,0
NNG_PB,D,20180420,000000,4.42,4.42,4.42,4.42,0,0
NNG_PB,D,20180424,000000,3.59,3.59,3.59,3.59,0,0
NNG_PB,D,20180425,000000,3.71,3.87,3.71,3.87,0,0
NNG_PB,D,20180426,000000,3.99,4.11,3.99,4.11,0,0
NNG_PB,D,20180427,000000,4.03,4.05,4.03,4.05,0,0
NNG_PB,D,20180430,000000,4.48,4.48,4.48,4.48,0,0
NNG_PB,D,20180502,000000,4.67,4.79,3.95,3.95,0,0
NNG_PB,D,20180507,000000,3.2,3.2,3.2,3.2,0,0
NNG_PB,D,20180509,000000,3.24,3.24,3.24,3.24,0,0
NNG_PB,D,20180511,000000,3.27,3.27,3.2,3.2,0,0
NNG_PB,D,20180514,000000,3.4,3.4,3.24,3.24,0,0
NNG_PB,D,20180515,000000,3.4,3.4,3.4,3.4,0,0
NNG_PB,D,20180516,000000,3.24,3.24,3.24,3.24,0,0
NNG_PB,D,20180517,000000,3.24,3.24,3.19,3.19,0,0
NNG_PB,D,20180518,000000,3.18,3.19,3.18,3.19,0,0
NNG_PB,D,20180521,000000,3.04,3.04,2.84,2.84,0,0
NNG_PB,D,20180522,000000,2.79,3.3,2.79,3.3,0,0
NNG_PB,D,20180523,000000,3.4,3.4,3.4,3.4,0,0
NNG_PB,D,20180524,000000,3.4,3.4,3.4,3.4,0,0
NNG_PB,D,20180528,000000,3.65,3.65,3.4,3.65,0,0
NNG_PB,D,20180529,000000,3.63,3.63,3.63,3.63,0,0
NNG_PB,D,20180605,000000,3.95,3.95,3.95,3.95,0,0
NNG_PB,D,20180606,000000,3.9,4.17,3.9,4.17,0,0
NNG_PB,D,20180608,000000,4.11,4.11,4.11,4.11,0,0
NNG_PB,D,20180612,000000,4.18,4.18,4.18,4.18,0,0
NNG_PB,D,20180613,000000,4.18,4.18,4.18,4.18,0,0
NNG_PB,D,20180619,000000,4.11,4.11,4.11,4.11,0,0
NNG_PB,D,20180621,000000,3.79,3.79,3.79,3.79,0,0
NNG_PB,D,20180627,000000,3.89,3.89,3.89,3.89,0,0
NNG_PB,D,20180628,000000,3.9,3.9,3.9,3.9,0,0
NNG_PB,D,20180629,000000,3.86,4.22,3.86,4.22,0,0
NNG_PB,D,20180703,000000,4.17,4.17,4.17,4.17,0,0
NNG_PB,D,20180807,000000,4.1,4.1,4.1,4.1,0,0
NNG_PB,D,20180814,000000,4.01,4.01,4.01,4.01,0,0
NNG_PB,D,20180817,000000,3.95,4.01,3.95,4.01,0,0
NNG_PB,D,20180820,000000,4.11,4.11,4.08,4.08,0,0
NNG_PB,D,20180821,000000,4.22,4.22,4.22,4.22,0,0
NNG_PB,D,20180822,000000,4.22,4.28,4.22,4.28,0,0
NNG_PB,D,20180823,000000,4.33,4.38,4.33,4.38,0,0
NNG_PB,D,20180824,000000,4.53,4.53,4.53,4.53,0,0
NNG_PB,D,20180827,000000,4.49,4.49,4.49,4.49,0,0
NNG_PB,D,20180828,000000,4.54,4.54,4.54,4.54,0,0
NNG_PB,D,20180830,000000,4.53,4.53,4.53,4.53,0,0
NNG_PB,D,20180903,000000,4.38,4.38,4.38,4.38,0,0
NNG_PB,D,20180904,000000,4.44,4.44,4.44,4.44,0,0
NNG_PB,D,20180910,000000,4.38,4.38,4.38,4.38,0,0
NNG_PB,D,20180911,000000,4.38,4.38,4.38,4.38,0,0
NNG_PB,D,20180921,000000,4.37,4.38,4.37,4.38,0,0
NNG_PB,D,20181001,000000,4.33,4.33,4.33,4.33,0,0
NNG_PB,D,20181019,000000,4.65,4.65,4.65,4.65,0,0
NNG_PB,D,20181022,000000,4.6,4.6,4.6,4.6,0,0
NNG_PB,D,20181023,000000,3.49,3.49,3.49,3.49,0,0
NNG_PB,D,20181024,000000,3.14,3.26,3.14,3.26,0,0
NNG_PB,D,20181029,000000,2.91,3.26,2.91,2.91,0,0
NNG_PB,D,20181030,000000,3.03,3.03,3.03,3.03,0,0
NNG_PB,D,20181031,000000,3.03,3.03,3.03,3.03,0,0
NNG_PB,D,20181102,000000,3.03,3.03,3.03,3.03,0,0
NNG_PB,D,20181108,000000,3.03,3.03,3.03,3.03,0,0
NNG_PB,D,20181120,000000,3.49,3.49,3.49,3.49,0,0
NNG_PB,D,20181121,000000,3.49,3.49,3.49,3.49,0,0
NNG_PB,D,20181126,000000,3.49,3.49,3.49,3.49,0,0
NNG_PB,D,20181129,000000,3.67,3.67,3.67,3.67,0,0
NNG_PB,D,20181204,000000,3.42,3.42,3.42,3.42,0,0
NNG_PB,D,20181211,000000,3.42,3.42,3.42,3.42,0,0
NNG_PB,D,20181217,000000,2.93,2.93,2.93,2.93,0,0
NNG_PB,D,20181218,000000,3.06,3.18,3.06,3.18,0,0
NNG_PB,D,20181219,000000,3.18,3.18,2.93,2.93,0,0
NNG_PB,D,20181220,000000,3.18,3.18,3.06,3.06,0,0
NNG_PB,D,20181221,000000,2.93,2.98,2.93,2.98,0,0
NNG_PB,D,20181227,000000,3.06,3.06,3.06,3.06,0,0
NNG_PB,D,20181228,000000,3.06,3.06,2.98,2.98,0,0
NNG_PB,D,20190102,000000,2.93,2.93,2.93,2.93,0,0
NNG_PB,D,20190103,000000,3.06,3.06,3.06,3.06,0,0
NNG_PB,D,20190110,000000,3.06,3.06,3.06,3.06,0,0
NNG_PB,D,20190111,000000,3.06,3.06,3.06,3.06,0,0
NNG_PB,D,20190114,000000,3.06,3.06,3.06,3.06,0,0
NNG_PB,D,20190115,000000,3.06,3.29,3.06,3.29,0,0
NNG_PB,D,20190117,000000,3.42,3.42,3.42,3.42,0,0
NNG_PB,D,20190121,000000,3.76,3.76,3.76,3.76,0,0
NNG_PB,D,20190123,000000,3.76,3.76,3.76,3.76,0,0
NNG_PB,D,20190124,000000,3.81,3.95,3.81,3.95,0,0
NNG_PB,D,20190125,000000,4.14,4.14,4.14,4.14,0,0
NNG_PB,D,20190128,000000,4.21,4.24,4.21,4.24,0,0
NNG_PB,D,20190129,000000,4.42,4.42,4.42,4.42,0,0
NNG_PB,D,20190131,000000,4.42,4.42,4.42,4.42,0,0
NNG_PB,D,20190201,000000,4.41,4.41,4.41,4.41,0,0
NNG_PB,D,20190204,000000,4.29,4.29,4.29,4.29,0,0
NNG_PB,D,20190206,000000,4.26,4.26,4.08,4.08,0,0
NNG_PB,D,20190208,000000,4.21,4.21,4.21,4.21,0,0
NNG_PB,D,20190211,000000,4.18,4.18,4.16,4.16,0,0
NNG_PB,D,20190212,000000,4.08,4.08,4.08,4.08,0,0
NNG_PB,D,20190213,000000,4.16,4.16,4.16,4.16,0,0
NNG_PB,D,20190214,000000,4.24,4.24,4.24,4.24,0,0
NNG_PB,D,20190215,000000,4.18,4.18,4.18,4.18,0,0
NNG_PB,D,20190218,000000,4.21,4.21,4.21,4.21,0,0
NNG_PB,D,20190219,000000,4.18,4.18,4.18,4.18,0,0
NNG_PB,D,20190220,000000,3.95,3.95,3.95,3.95,0,0
NNG_PB,D,20190221,000000,4.21,4.21,4.21,4.21,0,0
NNG_PB,D,20190225,000000,4.17,4.17,4.17,4.17,0,0
NNG_PB,D,20190226,000000,3.95,3.95,3.95,3.95,0,0
NNG_PB,D,20190228,000000,3.95,3.95,3.95,3.95,0,0
NNG_PB,D,20190306,000000,4.14,4.14,4.14,4.14,0,0
NNG_PB,D,20190311,000000,3.95,3.95,3.95,3.95,0,0
NNG_PB,D,20190312,000000,3.55,3.55,3.55,3.55,0,0
NNG_PB,D,20190313,000000,4.16,4.16,4.16,4.16,0,0
NNG_PB,D,20190318,000000,4.07,4.07,4.07,4.07,0,0
NNG_PB,D,20190320,000000,3.62,3.62,3.62,3.62,0,0
NNG_PB,D,20190321,000000,4.14,4.14,4.14,4.14,0,0
NNG_PB,D,20190326,000000,4.14,4.14,4.14,4.14,0,0
NNG_PB,D,20190401,000000,4.13,4.13,3.81,3.81,0,0
NNG_PB,D,20190402,000000,4.05,4.05,3.95,3.95,0,0
NNG_PB,D,20190403,000000,3.97,3.97,3.97,3.97,0,0
NNG_PB,D,20190404,000000,4,4,3.95,3.95,0,0
NNG_PB,D,20190405,000000,3.89,3.89,3.89,3.89,0,0
NNG_PB,D,20190409,000000,3.92,3.92,3.92,3.92,0,0
NNG_PB,D,20190410,000000,3.89,3.89,3.87,3.87,0,0
NNG_PB,D,20190411,000000,3.34,3.34,3.34,3.34,0,0
NNG_PB,D,20190412,000000,3.34,3.81,3.34,3.81,0,0
NNG_PB,D,20190415,000000,3.68,3.68,3.68,3.68,0,0
NNG_PB,D,20190423,000000,3.31,3.31,3.31,3.31,0,0
NNG_PB,D,20190426,000000,3.68,3.68,3.68,3.68,0,0
NNG_PB,D,20190429,000000,3.95,3.95,3.95,3.95,0,0
NNG_PB,D,20190522,000000,2.65,2.65,2.65,2.65,0,0
NNG_PB,D,20190523,000000,2.45,2.45,2.45,2.45,0,0
NNG_PB,D,20190612,000000,2.48,2.48,2.48,2.48,0,0
NNG_PB,D,20190618,000000,2.44,2.44,2.44,2.44,0,0
NNG_PB,D,20190628,000000,2.5,2.5,2.5,2.5,0,0
NNG_PB,D,20190702,000000,2.77,2.77,2.77,2.77,0,0
NNG_PB,D,20190705,000000,2.67,2.67,2.67,2.67,0,0
NNG_PB,D,20190708,000000,2.77,2.81,2.77,2.81,0,0
NNG_PB,D,20190709,000000,2.97,2.97,2.97,2.97,0,0
NNG_PB,D,20190710,000000,2.97,2.97,2.97,2.97,0,0
NNG_PB,D,20190711,000000,3.27,3.47,3.27,3.47,0,0
NNG_PB,D,20190712,000000,3.57,3.57,3.57,3.57,0,0
NNG_PB,D,20190715,000000,3.47,3.47,3.47,3.47,0,0
NNG_PB,D,20190718,000000,2.97,2.97,2.97,2.97,0,0
NNG_PB,D,20190719,000000,2.97,2.97,2.97,2.97,0,0
NNG_PB,D,20190801,000000,3.07,3.07,3.07,3.07,0,0
NNG_PB,D,20190802,000000,3.35,3.35,3.35,3.35,0,0
NNG_PB,D,20190805,000000,3.33,3.33,3.33,3.33,0,0
NNG_PB,D,20190807,000000,2.97,2.97,2.97,2.97,0,0
NNG_PB,D,20190814,000000,2.97,3.35,2.97,3.35,0,0
NNG_PB,D,20190820,000000,2.97,2.97,2.97,2.97,0,0
NNG_PB,D,20190822,000000,3.35,3.35,3.35,3.35,0,0
NNG_PB,D,20190828,000000,3.33,3.33,3.33,3.33,0,0
NNG_PB,D,20190904,000000,3.31,3.31,3.31,3.31,0,0
NNG_PB,D,20190906,000000,3.07,3.07,3.07,3.07,0,0
NNG_PB,D,20190911,000000,3.07,3.07,3.07,3.07,0,0
NNG_PB,D,20190913,000000,2.97,2.97,2.97,2.97,0,0
NNG_PB,D,20190917,000000,2.97,2.97,2.97,2.97,0,0
NNG_PB,D,20190923,000000,2.69,2.69,2.58,2.58,0,0
NNG_PB,D,20190924,000000,2.38,2.38,2.38,2.38,0,0
NNG_PB,D,20190926,000000,2.58,2.58,2.48,2.48,0,0
NNG_PB,D,20190930,000000,2.04,2.04,1.84,1.84,0,0
NNG_PB,D,20191001,000000,1.69,1.69,1.6,1.6,0,0
NNG_PB,D,20191002,000000,1.6,1.69,1.6,1.69,0,0
NNG_PB,D,20191004,000000,1.81,1.81,1.69,1.81,0,0
NNG_PB,D,20191008,000000,1.99,2.14,1.99,2.14,0,0
NNG_PB,D,20191009,000000,2.24,2.24,2.14,2.24,0,0
NNG_PB,D,20191011,000000,2.24,2.24,2.24,2.24,0,0
NNG_PB,D,20191016,000000,2.24,2.26,2.24,2.26,0,0
NNG_PB,D,20191017,000000,2.14,2.26,2.14,2.14,0,0
NNG_PB,D,20191021,000000,2.04,2.04,2.04,2.04,0,0
NNG_PB,D,20191023,000000,2.04,2.04,2.04,2.04,0,0
NNG_PB,D,20191024,000000,2.04,2.04,2.04,2.04,0,0
NNG_PB,D,20191025,000000,1.83,1.83,1.83,1.83,0,0
NNG_PB,D,20191028,000000,1.75,1.83,1.73,1.73,0,0
NNG_PB,D,20191029,000000,1.66,1.73,1.66,1.73,0,0
NNG_PB,D,20191030,000000,1.82,1.93,1.82,1.93,0,0
NNG_PB,D,20191031,000000,2.1,2.1,2.1,2.1,0,0
NNG_PB,D,20191104,000000,2.1,2.1,2.1,2.1,0,0
NNG_PB,D,20191105,000000,1.72,2.1,1.72,2.1,0,0
NNG_PB,D,20191112,000000,1.72,1.72,1.72,1.72,0,0
NNG_PB,D,20191113,000000,2.03,2.03,2.03,2.03,0,0
NNG_PB,D,20191114,000000,2.04,2.04,2.04,2.04,0,0
NNG_PB,D,20191115,000000,2.03,2.03,2.03,2.03,0,0
NNG_PB,D,20191118,000000,2.03,2.03,2.03,2.03,0,0
NNG_PB,D,20191119,000000,2.03,2.03,2.03,2.03,0,0
NNG_PB,D,20191121,000000,1.75,1.99,1.75,1.99,0,0
NNG_PB,D,20191122,000000,2.02,2.02,1.77,1.77,0,0
NNG_PB,D,20191125,000000,1.77,1.77,1.75,1.75,0,0
NNG_PB,D,20191126,000000,1.72,1.75,1.56,1.56,0,0
NNG_PB,D,20191127,000000,1.49,1.49,1.49,1.49,0,0
NNG_PB,D,20191128,000000,1.55,1.55,1.49,1.55,0,0
NNG_PB,D,20191202,000000,1.51,1.51,1.39,1.39,0,0
NNG_PB,D,20191203,000000,1.32,1.45,1.32,1.45,0,0
NNG_PB,D,20191210,000000,1.86,1.86,1.84,1.84,0,0
NNG_PB,D,20191211,000000,1.86,1.86,1.84,1.84,0,0
NNG_PB,D,20191212,000000,1.69,1.69,1.69,1.69,0,0
NNG_PB,D,20191213,000000,1.6,1.76,1.6,1.76,0,0
NNG_PB,D,20191216,000000,1.76,1.76,1.76,1.76,0,0
NNG_PB,D,20191217,000000,1.67,1.67,1.6,1.6,0,0
NNG_PB,D,20191218,000000,1.55,1.55,1.55,1.55,0,0
NNG_PB,D,20191219,000000,1.55,1.55,1.55,1.55,0,0
NNG_PB,D,20191220,000000,1.54,1.54,1.54,1.54,0,0
NNG_PB,D,20191223,000000,1.53,1.53,1.53,1.53,0,0
NNG_PB,D,20200102,000000,1.57,1.57,1.57,1.57,0,0
NNG_PB,D,20200103,000000,1.63,1.63,1.63,1.63,0,0
NNG_PB,D,20200108,000000,1.63,1.63,1.63,1.63,0,0
NNG_PB,D,20200109,000000,1.63,1.63,1.63,1.63,0,0
NNG_PB,D,20200113,000000,1.63,1.63,1.63,1.63,0,0
NNG_PB,D,20200117,000000,1.46,1.57,1.46,1.57,0,0
NNG_PB,D,20200122,000000,1.96,1.96,1.96,1.96,0,0
NNG_PB,D,20200124,000000,1.61,1.96,1.61,1.96,0,0
NNG_PB,D,20200127,000000,2.11,2.11,2.11,2.11,0,0
NNG_PB,D,20200128,000000,2.15,2.17,2.15,2.17,0,0
NNG_PB,D,20200129,000000,2.15,2.15,2.15,2.15,0,0
NNG_PB,D,20200130,000000,2.09,2.09,2.09,2.09,0,0
NNG_PB,D,20200131,000000,2.15,2.15,2.15,2.15,0,0
NNG_PB,D,20200203,000000,2.15,2.15,2.15,2.15,0,0
NNG_PB,D,20200204,000000,2.13,2.13,2.06,2.06,0,0
NNG_PB,D,20200206,000000,2.09,2.09,2.09,2.09,0,0
NNG_PB,D,20200207,000000,2.15,2.15,2.15,2.15,0,0
NNG_PB,D,20200210,000000,2.11,2.15,2.11,2.15,0,0
NNG_PB,D,20200211,000000,2.19,2.19,2.19,2.19,0,0
NNG_PB,D,20200212,000000,2.29,2.29,2.29,2.29,0,0
NNG_PB,D,20200213,000000,2.29,2.29,2.29,2.29,0,0
NNG_PB,D,20200214,000000,2.29,2.7,2.29,2.7,0,0
NNG_PB,D,20200217,000000,2.81,2.81,2.77,2.77,0,0
NNG_PB,D,20200218,000000,2.68,2.68,2.68,2.68,0,0
NNG_PB,D,20200219,000000,2.68,2.68,2.68,2.68,0,0
NNG_PB,D,20200220,000000,2.06,2.06,2.06,2.06,0,0
NNG_PB,D,20200221,000000,2.09,2.09,2.09,2.09,0,0
NNG_PB,D,20200224,000000,2.33,2.33,2.33,2.33,0,0
NNG_PB,D,20200225,000000,2.06,2.06,2.06,2.06,0,0
NNG_PB,D,20200226,000000,1.94,1.94,1.94,1.94,0,0
NNG_PB,D,20200227,000000,1.95,1.95,1.95,1.95,0,0
NNG_PB,D,20200228,000000,2.13,2.13,2.13,2.13,0,0
NNG_PB,D,20200302,000000,2.04,2.05,2.04,2.05,0,0
NNG_PB,D,20200303,000000,2.17,2.17,2.17,2.17,0,0
NNG_PB,D,20200304,000000,2.15,2.15,2.15,2.15,0,0
NNG_PB,D,20200305,000000,2.31,2.31,2.29,2.29,0,0
NNG_PB,D,20200309,000000,2.29,2.29,1.76,1.76,0,0
NNG_PB,D,20200310,000000,2.06,2.06,2.06,2.06,0,0
NNG_PB,D,20200311,000000,1.94,1.94,1.94,1.94,0,0
NNG_PB,D,20200312,000000,1.96,1.96,1.96,1.96,0,0
NNG_PB,D,20200313,000000,1.94,1.94,1.93,1.93,0,0
NNG_PB,D,20200316,000000,1.91,1.91,1.84,1.84,0,0
NNG_PB,D,20200317,000000,1.77,1.77,1.68,1.68,0,0
NNG_PB,D,20200318,000000,1.91,1.91,1.74,1.74,0,0
NNG_PB,D,20200319,000000,1.58,1.74,1.58,1.58,0,0
NNG_PB,D,20200320,000000,1.55,1.58,1.54,1.54,0,0
NNG_PB,D,20200323,000000,1.45,1.54,1.45,1.54,0,0
NNG_PB,D,20200324,000000,1.45,1.45,1.45,1.45,0,0
NNG_PB,D,20200325,000000,1.46,1.46,1.45,1.46,0,0
NNG_PB,D,20200326,000000,1.56,1.56,1.56,1.56,0,0
NNG_PB,D,20200327,000000,1.56,1.56,1.56,1.56,0,0
NNG_PB,D,20200330,000000,1.69,1.69,1.49,1.49,0,0
NNG_PB,D,20200331,000000,1.45,1.45,1.45,1.45,0,0
NNG_PB,D,20200401,000000,1.45,1.45,1.45,1.45,0,0
NNG_PB,D,20200402,000000,1.56,1.56,1.56,1.56,0,0
NNG_PB,D,20200403,000000,1.55,1.55,1.54,1.54,0,0
NNG_PB,D,20200406,000000,1.64,1.67,1.64,1.67,0,0
NNG_PB,D,20200407,000000,1.71,1.71,1.71,1.71,0,0
NNG_PB,D,20200408,000000,1.7,1.7,1.7,1.7,0,0
NNG_PB,D,20200415,000000,1.65,1.65,1.65,1.65,0,0
NNG_PB,D,20200416,000000,1.57,1.57,1.45,1.45,0,0
NNG_PB,D,20200417,000000,1.45,1.45,1.45,1.45,0,0
NNG_PB,D,20200420,000000,1.61,1.61,1.59,1.59,0,0
NNG_PB,D,20200421,000000,1.48,1.54,1.48,1.54,0,0
NNG_PB,D,20200422,000000,1.52,1.52,1.52,1.52,0,0
NNG_PB,D,20200423,000000,1.52,1.62,1.52,1.62,0,0
NNG_PB,D,20200424,000000,1.64,1.64,1.63,1.63,0,0
NNG_PB,D,20200427,000000,1.53,1.57,1.53,1.57,0,0
NNG_PB,D,20200428,000000,1.64,1.64,1.64,1.64,0,0
NNG_PB,D,20200429,000000,1.64,1.65,1.64,1.65,0,0
NNG_PB,D,20200430,000000,1.67,1.67,1.67,1.67,0,0
NNG_PB,D,20200504,000000,1.65,1.66,1.65,1.66,0,0
NNG_PB,D,20200505,000000,1.68,1.68,1.68,1.68,0,0
NNG_PB,D,20200506,000000,1.68,1.68,1.68,1.68,0,0
NNG_PB,D,20200507,000000,1.68,1.68,1.68,1.68,0,0
NNG_PB,D,20200508,000000,1.68,1.68,1.68,1.68,0,0
NNG_PB,D,20200512,000000,1.68,1.68,1.68,1.68,0,0
NNG_PB,D,20200513,000000,1.68,1.68,1.68,1.68,0,0
NNG_PB,D,20200514,000000,1.68,1.68,1.68,1.68,0,0
NNG_PB,D,20200515,000000,1.68,1.73,1.68,1.73,0,0
NNG_PB,D,20200518,000000,1.73,1.73,1.73,1.73,0,0
NNG_PB,D,20200519,000000,1.84,1.84,1.84,1.84,0,0
NNG_PB,D,20200520,000000,1.91,2.01,1.91,2.01,0,0
NNG_PB,D,20200521,000000,2.19,2.25,2.19,2.25,0,0
NNG_PB,D,20200522,000000,2.23,2.23,2.17,2.17,0,0
NNG_PB,D,20200525,000000,1.74,1.86,1.74,1.86,0,0
NNG_PB,D,20200526,000000,1.86,1.86,1.86,1.86,0,0
NNG_PB,D,20200527,000000,1.81,1.81,1.81,1.81,0,0
NNG_PB,D,20200528,000000,1.9,1.9,1.9,1.9,0,0
NNG_PB,D,20200529,000000,1.89,1.9,1.89,1.9,0,0
NNG_PB,D,20200601,000000,2.25,2.48,2.25,2.48,0,0
NNG_PB,D,20200602,000000,2.71,2.71,2.71,2.71,0,0
NNG_PB,D,20200603,000000,3.37,3.37,3.37,3.37,0,0
NNG_PB,D,20200604,000000,3.32,3.32,3.32,3.32,0,0
NNG_PB,D,20200605,000000,3.16,3.16,3.16,3.16,0,0
NNG_PB,D,20200608,000000,2.57,2.57,2.5,2.5,0,0
NNG_PB,D,20200609,000000,2.8,2.8,2.8,2.8,0,0
NNG_PB,D,20200610,000000,2.8,2.8,2.8,2.8,0,0
NNG_PB,D,20200615,000000,2.73,2.73,2.73,2.73,0,0
NNG_PB,D,20200616,000000,2.5,2.5,2.5,2.5,0,0
NNG_PB,D,20200617,000000,2.48,2.48,2.48,2.48,0,0
NNG_PB,D,20200618,000000,2.73,2.73,2.73,2.73,0,0
NNG_PB,D,20200619,000000,2.5,2.5,2.5,2.5,0,0
NNG_PB,D,20200622,000000,2.6,2.6,2.6,2.6,0,0
NNG_PB,D,20200623,000000,2.39,2.5,2.39,2.5,0,0
NNG_PB,D,20200624,000000,2.71,2.71,2.66,2.66,0,0
NNG_PB,D,20200625,000000,2.71,2.71,2.71,2.71,0,0
NNG_PB,D,20200626,000000,2.53,2.53,2.53,2.53,0,0
NNG_PB,D,20200629,000000,2.5,2.5,2.39,2.39,0,0
NNG_PB,D,20200630,000000,2.69,2.69,2.64,2.64,0,0
NNG_PB,D,20200701,000000,2.64,2.64,2.64,2.64,0,0
NNG_PB,D,20200702,000000,2.22,2.44,2.01,2.36,0,0
NNG_PB,D,20200703,000000,2.43,2.52,2.36,2.36,0,0
NNG_PB,D,20200706,000000,2.5,2.55,2.5,2.52,0,0
NNG_PB,D,20200707,000000,2.55,2.55,2.3,2.45,0,0
NNG_PB,D,20200708,000000,2.24,2.48,2.24,2.33,0,0
NNG_PB,D,20200709,000000,2.3,2.3,2.24,2.24,0,0
NNG_PB,D,20200710,000000,2.24,2.24,2.24,2.24,0,0
NNG_PB,D,20200713,000000,2.4,2.4,2.24,2.29,0,0
NNG_PB,D,20200714,000000,2.33,2.33,2.24,2.24,0,0
NNG_PB,D,20200715,000000,2.22,2.36,2.19,2.2,0,0
NNG_PB,D,20200716,000000,2.2,2.33,2.12,2.33,0,0
NNG_PB,D,20200717,000000,2.15,2.26,2.12,2.26,0,0
NNG_PB,D,20200720,000000,2.28,2.28,2.28,2.28,0,0
NNG_PB,D,20200721,000000,2.15,2.22,2.05,2.22,0,0
NNG_PB,D,20200722,000000,2.24,2.24,2.05,2.15,0,0
NNG_PB,D,20200723,000000,2.15,2.59,2.12,2.5,0,0
NNG_PB,D,20200724,000000,2.59,2.78,2.52,2.78,0,0
NNG_PB,D,20200727,000000,2.83,3.11,2.83,3.09,0,0
NNG_PB,D,20200728,000000,3.21,3.77,3.21,3.77,0,0
NNG_PB,D,20200729,000000,3.89,4.15,3.51,3.65,0,0
NNG_PB,D,20200730,000000,3.54,3.72,3.21,3.65,0,0
NNG_PB,D,20200731,000000,3.18,3.63,3.18,3.32,0,0
NNG_PB,D,20200803,000000,3.42,3.68,3.32,3.65,0,0
NNG_PB,D,20200804,000000,3.65,4.01,3.47,3.87,0,0
NNG_PB,D,20200805,000000,3.82,3.98,3.7,3.77,0,0
NNG_PB,D,20200806,000000,3.58,3.77,3.54,3.58,0,0
NNG_PB,D,20200807,000000,3.54,3.54,3.54,3.54,0,0
NNG_PB,D,20200810,000000,3.51,3.65,3.18,3.65,0,0
NNG_PB,D,20200811,000000,3.54,3.65,3.35,3.54,0,0
NNG_PB,D,20200812,000000,3.49,3.65,3.37,3.54,0,0
NNG_PB,D,20200813,000000,3.54,3.82,3.54,3.82,0,0
NNG_PB,D,20200814,000000,3.82,3.82,3.54,3.8,0,0
NNG_PB,D,20200817,000000,3.77,3.84,3.56,3.77,0,0
NNG_PB,D,20200818,000000,3.84,3.84,3.56,3.77,0,0
NNG_PB,D,20200819,000000,3.61,3.72,3.58,3.68,0,0
NNG_PB,D,20200820,000000,3.61,3.65,3.42,3.65,0,0
NNG_PB,D,20200821,000000,3.63,3.63,3.3,3.63,0,0
NNG_PB,D,20200824,000000,3.44,3.54,3.44,3.54,0,0
NNG_PB,D,20200825,000000,3.47,3.54,3.42,3.54,0,0
NNG_PB,D,20200826,000000,3.54,3.54,3.54,3.54,0,0
NNG_PB,D,20200827,000000,3.54,3.54,3.42,3.42,0,0
NNG_PB,D,20200828,000000,3.54,3.7,3.44,3.61,0,0
NNG_PB,D,20200831,000000,3.58,3.58,3.42,3.58,0,0
NNG_PB,D,20200901,000000,3.58,3.94,3.42,3.89,0,0
NNG_PB,D,20200902,000000,3.89,4.48,3.72,4.48,0,0
NNG_PB,D,20200903,000000,4.48,4.48,4.03,4.24,0,0
NNG_PB,D,20200904,000000,4.24,4.24,3.82,3.89,0,0
NNG_PB,D,20200907,000000,4.22,4.22,4.01,4.17,0,0
NNG_PB,D,20200908,000000,4.13,4.13,3.54,3.82,0,0
NNG_PB,D,20200909,000000,3.68,4.01,3.68,3.96,0,0
NNG_PB,D,20200910,000000,3.96,3.96,3.96,3.96,0,0
NNG_PB,D,20200911,000000,3.84,3.94,3.84,3.94,0,0
NNG_PB,D,20200914,000000,4.01,4.1,4.01,4.1,0,0
NNG_PB,D,20200915,000000,4.1,4.13,4.1,4.13,0,0
NNG_PB,D,20200916,000000,3.84,4.1,3.84,4.1,0,0
NNG_PB,D,20200917,000000,3.82,3.82,3.82,3.82,0,0
NNG_PB,D,20200918,000000,3.82,4.01,3.54,4.01,0,0
NNG_PB,D,20200921,000000,3.94,3.98,3.94,3.98,0,0
NNG_PB,D,20200922,000000,3.98,3.98,3.98,3.98,0,0
NNG_PB,D,20200923,000000,3.72,3.91,3.72,3.91,0,0
NNG_PB,D,20200924,000000,3.91,3.91,3.91,3.91,0,0
NNG_PB,D,20200925,000000,3.54,3.77,3.54,3.77,0,0
NNG_PB,D,20200928,000000,3.84,3.84,3.84,3.84,0,0
NNG_PB,D,20200929,000000,3.82,3.82,3.54,3.61,0,0
NNG_PB,D,20200930,000000,3.72,3.84,3.61,3.72,0,0
NNG_PB,D,20201001,000000,4.08,4.08,3.75,3.77,0,0
NNG_PB,D,20201002,000000,3.75,3.89,3.65,3.89,0,0
NNG_PB,D,20201005,000000,3.84,3.89,3.65,3.84,0,0
NNG_PB,D,20201006,000000,3.84,4.06,3.65,4.06,0,0
NNG_PB,D,20201007,000000,4.01,4.01,3.96,4.01,0,0
NNG_PB,D,20201008,000000,3.99,4.01,3.7,4.01,0,0
NNG_PB,D,20201009,000000,4.01,4.04,3.72,4.04,0,0
NNG_PB,D,20201012,000000,3.77,4.01,3.77,4.01,0,0
NNG_PB,D,20201013,000000,3.67,3.99,3.67,3.99,0,0
NNG_PB,D,20201014,000000,3.99,4.06,3.67,3.87,0,0
NNG_PB,D,20201015,000000,3.87,3.87,3.53,3.65,0,0
NNG_PB,D,20201016,000000,3.65,6.38,3.65,6.38,0,0
NNG_PB,D,20201019,000000,10.7,11.55,10.7,11.55,0,0
NNG_PB,D,20201020,000000,12.16,15.8,12.16,15.8,0,0
NNG_PB,D,20201021,000000,15.32,15.32,11.31,12.16,0,0
NNG_PB,D,20201022,000000,10.94,11.12,9.12,9.12,0,0
NNG_PB,D,20201023,000000,8.57,10.94,8.15,9.85,0,0
NNG_PB,D,20201026,000000,9.97,10.21,9.24,9.24,0,0
NNG_PB,D,20201027,000000,9.6,9.6,8.39,8.57,0,0
NNG_PB,D,20201028,000000,8.57,8.57,6.69,7.54,0,0
NNG_PB,D,20201029,000000,7.17,7.48,6.57,7.23,0,0
NNG_PB,D,20201030,000000,6.69,8.33,6.69,7.9,0,0
NNG_PB,D,20201102,000000,10.94,10.94,9.42,10.94,0,0
NNG_PB,D,20201103,000000,13.13,13.37,11,11.12,0,0
NNG_PB,D,20201104,000000,11.06,11.06,9.97,10.21,0,0
NNG_PB,D,20201105,000000,10.09,11.06,10.09,10.58,0,0
NNG_PB,D,20201106,000000,10.46,11.37,10.21,10.33,0,0
NNG_PB,D,20201109,000000,10.64,10.7,9.24,9.6,0,0
NNG_PB,D,20201110,000000,9.12,9.6,8.21,9.36,0,0
NNG_PB,D,20201112,000000,9.73,9.73,8.81,9.36,0,0
NNG_PB,D,20201113,000000,9.3,9.3,8.75,8.81,0,0
NNG_PB,D,20201116,000000,8.27,8.27,7.72,7.78,0,0
NNG_PB,D,20201117,000000,7.72,7.78,6.93,7.17,0,0
NNG_PB,D,20201118,000000,7.42,8.63,7.17,8.21,0,0
NNG_PB,D,20201119,000000,8.63,8.63,7.78,7.96,0,0
NNG_PB,D,20201120,000000,7.96,8.15,7.6,7.96,0,0
NNG_PB,D,20201123,000000,7.96,7.96,7.48,7.54,0,0
NNG_PB,D,20201124,000000,7.84,7.84,7.48,7.72,0,0
NNG_PB,D,20201125,000000,7.72,7.72,6.99,7.05,0,0
NNG_PB,D,20201126,000000,7.05,7.23,6.5,7.11,0,0
NNG_PB,D,20201127,000000,7.11,7.78,6.69,7.48,0,0
NNG_PB,D,20201130,000000,7.23,7.23,6.57,6.79,0,0
NNG_PB,D,20201201,000000,6.79,6.79,6.17,6.29,0,0
NNG_PB,D,20201202,000000,5.68,6.23,5.68,6.05,0,0
NNG_PB,D,20201203,000000,6.05,6.07,5.6,5.78,0,0
NNG_PB,D,20201204,000000,5.63,5.8,5.26,5.43,0,0
NNG_PB,D,20201207,000000,5.55,5.55,5.13,5.31,0,0
NNG_PB,D,20201208,000000,5.31,7.16,5.18,7.16,0,0
NNG_PB,D,20201209,000000,7.4,8.33,6.91,6.91,0,0
NNG_PB,D,20201210,000000,7.22,7.22,6.48,6.48,0,0
NNG_PB,D,20201211,000000,6.54,6.54,5.92,6.05,0,0
NNG_PB,D,20201214,000000,6.07,6.29,5.97,6.29,0,0
NNG_PB,D,20201215,000000,6.42,7.16,6.17,6.54,0,0
NNG_PB,D,20201216,000000,6.54,6.66,6.17,6.17,0,0
NNG_PB,D,20201217,000000,6.05,6.99,5.68,6.99,0,0
NNG_PB,D,20201218,000000,6.84,6.93,6.69,6.81,0,0
NNG_PB,D,20201221,000000,6.72,6.87,6.6,6.63,0,0
NNG_PB,D,20201222,000000,6.66,7.08,6.66,6.78,0,0
NNG_PB,D,20201223,000000,6.93,6.93,6.66,6.81,0,0
NNG_PB,D,20201228,000000,6.81,6.81,6.55,6.66,0,0
NNG_PB,D,20201229,000000,6.72,6.81,6.25,6.66,0,0
NNG_PB,D,20201230,000000,5.95,6.6,5.95,6.49,0,0
NNG_PB,D,20210104,000000,6.49,6.96,6.49,6.96,0,0
NNG_PB,D,20210105,000000,6.96,7.4,6.87,7.17,0,0
NNG_PB,D,20210107,000000,7.17,7.4,6.87,6.96,0,0
NNG_PB,D,20210108,000000,6.96,6.96,6.69,6.78,0,0
NNG_PB,D,20210111,000000,6.81,7.02,6.72,6.81,0,0
NNG_PB,D,20210112,000000,6.87,6.93,6.66,6.87,0,0
NNG_PB,D,20210113,000000,6.81,7.55,6.81,7.55,0,0
NNG_PB,D,20210114,000000,7.48,7.55,7.17,7.37,0,0
NNG_PB,D,20210115,000000,8.29,8.29,7.05,7.48,0,0
NNG_PB,D,20210118,000000,7.4,7.77,7.4,7.63,0,0
NNG_PB,D,20210119,000000,7.7,7.7,7.4,7.4,0,0
NNG_PB,D,20210120,000000,7.48,7.55,7.37,7.55,0,0
NNG_PB,D,20210121,000000,7.55,7.7,7.34,7.63,0,0
NNG_PB,D,20210122,000000,7.77,7.77,7.37,7.63,0,0
NNG_PB,D,20210125,000000,7.63,7.63,7.37,7.4,0,0
NNG_PB,D,20210126,000000,7.4,7.55,7.34,7.4,0,0
NNG_PB,D,20210127,000000,7.37,7.48,6.87,7.34,0,0
NNG_PB,D,20210128,000000,7.26,7.48,7.08,7.26,0,0
NNG_PB,D,20210129,000000,7.37,7.4,7.17,7.34,0,0
NNG_PB,D,20210201,000000,8.14,10.14,8.14,10.14,0,0
NNG_PB,D,20210202,000000,10.81,12.44,8.96,9.11,0,0
NNG_PB,D,20210203,000000,9.25,10.66,9.25,9.63,0,0
NNG_PB,D,20210204,000000,10.37,10.37,9.33,9.55,0,0
NNG_PB,D,20210205,000000,9.92,9.92,9.33,9.55,0,0
NNG_PB,D,20210208,000000,9.77,10.96,9.77,10.96,0,0
NNG_PB,D,20210209,000000,10.51,10.66,10.37,10.51,0,0
NNG_PB,D,20210210,000000,10.66,10.66,9.92,10.14,0,0
NNG_PB,D,20210211,000000,10.22,10.22,9.55,9.7,0,0
NNG_PB,D,20210212,000000,9.63,9.77,9.18,9.7,0,0
NNG_PB,D,20210215,000000,9.55,9.85,9.4,9.77,0,0
NNG_PB,D,20210216,000000,10.14,10.14,9.48,9.77,0,0
NNG_PB,D,20210217,000000,9.92,10.14,9.63,9.77,0,0
NNG_PB,D,20210218,000000,10.14,11.4,9.92,10.74,0,0
NNG_PB,D,20210219,000000,10.81,13.03,10.74,12.22,0,0
NNG_PB,D,20210222,000000,13.18,13.18,12.07,12.07,0,0
NNG_PB,D,20210223,000000,12.22,12.29,11.48,11.85,0,0
NNG_PB,D,20210224,000000,11.85,12.51,11.62,11.85,0,0
NNG_PB,D,20210225,000000,11.92,11.92,11.11,11.11,0,0
NNG_PB,D,20210226,000000,10.81,10.96,10.37,10.96,0,0
NNG_PB,D,20210301,000000,11.03,11.4,10.81,11.18,0,0
NNG_PB,D,20210302,000000,11.4,11.4,10.44,10.59,0,0
NNG_PB,D,20210303,000000,10.51,10.59,9.85,10.44,0,0
NNG_PB,D,20210304,000000,10.37,11.03,10,10.66,0,0
NNG_PB,D,20210305,000000,10.66,10.88,10.37,10.51,0,0
NNG_PB,D,20210308,000000,10.59,10.66,10.22,10.37,0,0
NNG_PB,D,20210309,000000,10.51,10.51,10.07,10.29,0,0
NNG_PB,D,20210310,000000,10.44,10.44,9.92,10.22,0,0
NNG_PB,D,20210311,000000,10.22,10.66,10.14,10.66,0,0
NNG_PB,D,20210312,000000,10.66,10.88,10.29,10.51,0,0
NNG_PB,D,20210315,000000,10.51,10.59,10.22,10.22,0,0
NNG_PB,D,20210316,000000,10.22,11.03,10.14,10.59,0,0
NNG_PB,D,20210317,000000,11.92,11.92,10.66,10.81,0,0
NNG_PB,D,20210318,000000,10.88,10.96,10.37,10.81,0,0
NNG_PB,D,20210319,000000,10.81,11.11,10.51,11.11,0,0
NNG_PB,D,20210322,000000,11.11,11.11,10.74,10.81,0,0
NNG_PB,D,20210323,000000,11.03,11.03,10.66,10.88,0,0
NNG_PB,D,20210324,000000,10.88,10.96,10.59,10.96,0,0
NNG_PB,D,20210325,000000,10.96,10.96,10.59,10.74,0,0
NNG_PB,D,20210326,000000,10.66,10.74,10.59,10.74,0,0
NNG_PB,D,20210329,000000,12.14,12.73,11.7,11.99,0,0
NNG_PB,D,20210330,000000,11.7,11.7,11.11,11.11,0,0
NNG_PB,D,20210331,000000,11.25,11.25,10.74,11.03,0,0
NNG_PB,D,20210401,000000,11.17,11.24,10.81,10.87,0,0
NNG_PB,D,20210406,000000,10.51,10.62,10.29,10.6,0,0
NNG_PB,D,20210407,000000,10.44,10.57,10.38,10.51,0,0
NNG_PB,D,20210408,000000,10.41,10.57,10.4,10.47,0,0
NNG_PB,D,20210409,000000,10.5,10.54,10.35,10.4,0,0
NNG_PB,D,20210412,000000,10.31,10.53,10.28,10.53,0,0
NNG_PB,D,20210413,000000,10.43,10.54,10.16,10.35,0,0
NNG_PB,D,20210414,000000,10.48,10.48,10.23,10.23,0,0
NNG_PB,D,20210415,000000,10.23,10.34,9.85,10.01,0,0
NNG_PB,D,20210416,000000,9.82,10.37,9.82,10,0,0
NNG_PB,D,20210419,000000,10.1,10.1,9.55,9.76,0,0
NNG_PB,D,20210420,000000,9.74,9.74,9,9.36,0,0
NNG_PB,D,20210421,000000,9.36,9.36,8.89,8.93,0,0
NNG_PB,D,20210422,000000,8.89,9,8.77,8.93,0,0
NNG_PB,D,20210423,000000,8.74,8.74,8.14,8.17,0,0
NNG_PB,D,20210426,000000,8.32,8.59,8.14,8.53,0,0
NNG_PB,D,20210427,000000,8.31,8.5,8.14,8.14,0,0
NNG_PB,D,20210428,000000,8.17,8.44,8.14,8.44,0,0
NNG_PB,D,20210429,000000,8.69,8.72,8.53,8.59,0,0
NNG_PB,D,20210430,000000,8.49,9.03,8.43,8.63,0,0
NNG_PB,D,20210504,000000,8.37,8.47,5.21,5.21,0,0
NNG_PB,D,20210505,000000,5.3,5.3,4.92,4.99,0,0
NNG_PB,D,20210506,000000,4.97,4.98,4.76,4.87,0,0
NNG_PB,D,20210507,000000,4.88,4.88,4.6,4.77,0,0
NNG_PB,D,20210510,000000,4.73,4.74,4.51,4.52,0,0
NNG_PB,D,20210511,000000,4.62,4.7,4.52,4.66,0,0
NNG_PB,D,20210512,000000,4.67,4.73,4.45,4.65,0,0
NNG_PB,D,20210513,000000,4.51,4.63,4.45,4.62,0,0
NNG_PB,D,20210514,000000,4.55,4.79,4.46,4.79,0,0
NNG_PB,D,20210517,000000,4.84,4.93,4.74,4.89,0,0
NNG_PB,D,20210518,000000,4.88,4.88,4.75,4.84,0,0
NNG_PB,D,20210519,000000,4.75,4.84,4.74,4.82,0,0
NNG_PB,D,20210520,000000,4.74,4.8,4.65,4.79,0,0
NNG_PB,D,20210521,000000,4.79,4.79,4.71,4.74,0,0
NNG_PB,D,20210524,000000,4.74,4.84,4.69,4.74,0,0
NNG_PB,D,20210525,000000,4.84,4.84,4.7,4.8,0,0
NNG_PB,D,20210526,000000,4.83,4.83,4.66,4.83,0,0
NNG_PB,D,20210527,000000,4.84,4.84,4.7,4.74,0,0
NNG_PB,D,20210528,000000,4.74,4.87,4.69,4.76,0,0
NNG_PB,D,20210531,000000,4.74,5.01,4.56,5.01,0,0
NNG_PB,D,20210601,000000,4.93,5.01,4.85,5.01,0,0
NNG_PB,D,20210602,000000,5.04,5.1,4.69,4.69,0,0
NNG_PB,D,20210604,000000,4.65,4.7,4.65,4.7,0,0
NNG_PB,D,20210607,000000,4.73,4.73,4.57,4.7,0,0
NNG_PB,D,20210608,000000,4.7,4.74,4.65,4.74,0,0
NNG_PB,D,20210609,000000,4.74,4.96,4.65,4.96,0,0
NNG_PB,D,20210610,000000,5,5.05,4.96,5.05,0,0
NNG_PB,D,20210611,000000,5.05,5.05,4.97,5.03,0,0
NNG_PB,D,20210614,000000,5,5.15,4.98,5.15,0,0
NNG_PB,D,20210615,000000,5.09,5.48,5.09,5.47,0,0
NNG_PB,D,20210616,000000,5.47,5.47,5.25,5.44,0,0
NNG_PB,D,20210617,000000,5.3,5.44,5.16,5.17,0,0
NNG_PB,D,20210618,000000,5.34,5.34,4.97,4.97,0,0
NNG_PB,D,20210621,000000,4.97,5.05,4.93,5.05,0,0
NNG_PB,D,20210622,000000,5.05,5.14,4.97,5.05,0,0
NNG_PB,D,20210623,000000,5.05,5.13,5.01,5.13,0,0
NNG_PB,D,20210624,000000,5.13,5.3,4.97,5.2,0,0
NNG_PB,D,20210625,000000,5.05,5.29,4.97,5.03,0,0
NNG_PB,D,20210628,000000,5.23,5.27,5.05,5.25,0,0
NNG_PB,D,20210629,000000,5.07,5.24,5.05,5.11,0,0
NNG_PB,D,20210630,000000,5.05,5.23,5.01,5.2,0,0
NNG_PB,D,20210701,000000,5.2,5.2,5.05,5.19,0,0
NNG_PB,D,20210702,000000,5.2,5.2,5.12,5.2,0,0
NNG_PB,D,20210705,000000,5.2,5.32,5.16,5.16,0,0
NNG_PB,D,20210706,000000,5.16,5.32,5.13,5.29,0,0
NNG_PB,D,20210707,000000,5.12,5.32,5.12,5.29,0,0
NNG_PB,D,20210708,000000,5.13,5.29,5.11,5.27,0,0
NNG_PB,D,20210709,000000,5.12,5.28,5.11,5.22,0,0
NNG_PB,D,20210712,000000,5.2,5.24,5.1,5.19,0,0
NNG_PB,D,20210713,000000,5.09,5.19,5.06,5.17,0,0
NNG_PB,D,20210714,000000,5.13,5.17,5.06,5.14,0,0
NNG_PB,D,20210715,000000,5.13,5.15,5.05,5.08,0,0
NNG_PB,D,20210716,000000,5.02,5.15,5.02,5.14,0,0
NNG_PB,D,20210719,000000,5.14,5.24,5.06,5.1,0,0
NNG_PB,D,20210720,000000,5.1,5.2,5.03,5.13,0,0
NNG_PB,D,20210721,000000,5.13,5.23,5.05,5.22,0,0
NNG_PB,D,20210722,000000,5.22,5.23,5.03,5.2,0,0
NNG_PB,D,20210723,000000,5,5.19,5,5.18,0,0
NNG_PB,D,20210726,000000,5.15,5.22,5.15,5.2,0,0
NNG_PB,D,20210727,000000,5.2,5.21,5.01,5.2,0,0
NNG_PB,D,20210728,000000,5.2,5.2,5.05,5.2,0,0
NNG_PB,D,20210729,000000,5.05,5.2,5.05,5.13,0,0
NNG_PB,D,20210730,000000,5.15,5.2,5.07,5.19,0,0
NNG_PB,D,20210802,000000,5.2,5.21,5.02,5.13,0,0
NNG_PB,D,20210803,000000,5.13,5.2,5.03,5.14,0,0
NNG_PB,D,20210804,000000,5.06,5.17,5.03,5.13,0,0
NNG_PB,D,20210805,000000,5.05,5.13,5,5,0,0
NNG_PB,D,20210806,000000,4.95,5.15,4.95,5.1,0,0
NNG_PB,D,20210809,000000,5.04,5.1,5.03,5.1,0,0
NNG_PB,D,20210810,000000,5,5.09,5,5.05,0,0
NNG_PB,D,20210811,000000,5.05,5.05,4.96,5.05,0,0
NNG_PB,D,20210812,000000,5.05,5.05,4.96,5.05,0,0
NNG_PB,D,20210813,000000,5.05,5.05,4.98,5.01,0,0
NNG_PB,D,20210816,000000,5.02,5.03,4.97,5.02,0,0
NNG_PB,D,20210817,000000,4.95,5.02,4.85,4.91,0,0
NNG_PB,D,20210818,000000,4.91,4.91,4.65,4.85,0,0
NNG_PB,D,20210819,000000,4.67,4.69,4.35,4.65,0,0
NNG_PB,D,20210820,000000,4.69,4.95,4.69,4.8,0,0
NNG_PB,D,20210823,000000,4.8,4.8,4.7,4.75,0,0
NNG_PB,D,20210824,000000,4.78,4.78,4.59,4.73,0,0
NNG_PB,D,20210825,000000,4.73,4.91,4.71,4.89,0,0
NNG_PB,D,20210826,000000,4.9,4.9,4.75,4.87,0,0
NNG_PB,D,20210827,000000,4.85,4.94,4.77,4.93,0,0
NNG_PB,D,20210830,000000,4.74,4.92,4.74,4.91,0,0
NNG_PB,D,20210831,000000,4.77,4.91,4.77,4.87,0,0
NNG_PB,D,20210901,000000,4.9,4.9,4.56,4.75,0,0
NNG_PB,D,20210902,000000,4.75,4.8,4.66,4.7,0,0
NNG_PB,D,20210903,000000,4.75,4.83,4.65,4.81,0,0
NNG_PB,D,20210906,000000,4.61,4.83,4.61,4.81,0,0
NNG_PB,D,20210907,000000,4.75,4.81,4.72,4.75,0,0
NNG_PB,D,20210908,000000,4.75,4.75,4.59,4.63,0,0
NNG_PB,D,20210909,000000,4.63,4.69,4.57,4.57,0,0
NNG_PB,D,20210910,000000,4.68,4.69,4.57,4.69,0,0
NNG_PB,D,20210913,000000,4.68,4.69,4.6,4.68,0,0
NNG_PB,D,20210914,000000,4.68,4.68,4.55,4.66,0,0
NNG_PB,D,20210915,000000,4.55,4.66,4.55,4.64,0,0
NNG_PB,D,20210916,000000,4.65,4.66,4.55,4.65,0,0
NNG_PB,D,20210917,000000,4.65,5.66,4.65,5.24,0,0
NNG_PB,D,20210920,000000,5.18,5.18,4.75,4.75,0,0
NNG_PB,D,20210921,000000,4.75,5,4.75,5,0,0
NNG_PB,D,20210922,000000,5.04,5.14,4.87,5,0,0
NNG_PB,D,20210923,000000,5.17,5.17,4.85,5.13,0,0
NNG_PB,D,20210924,000000,5.33,5.33,5.12,5.24,0,0
NNG_PB,D,20210927,000000,5.15,5.24,4.96,4.98,0,0
NNG_PB,D,20210928,000000,5.05,5.27,5.05,5.21,0,0
NNG_PB,D,20210929,000000,5.25,5.28,5.06,5.18,0,0
NNG_PB,D,20210930,000000,5.15,5.44,5.09,5.3,0,0
NNG_PB,D,20211001,000000,5.31,5.33,5.1,5.29,0,0
NNG_PB,D,20211006,000000,5.53,5.69,5.47,5.64,0,0
NNG_PB,D,20211007,000000,5.65,5.65,5.47,5.56,0,0
NNG_PB,D,20211008,000000,5.59,5.65,5.54,5.62,0,0
NNG_PB,D,20211011,000000,5.69,5.69,5.55,5.57,0,0
NNG_PB,D,20211012,000000,5.54,5.69,5.54,5.64,0,0
NNG_PB,D,20211013,000000,5.48,5.64,5.48,5.64,0,0
NNG_PB,D,20211014,000000,5.64,5.64,5.46,5.46,0,0
NNG_PB,D,20211015,000000,5.64,5.64,5.55,5.6,0,0
NNG_PB,D,20211018,000000,5.47,5.6,5.43,5.56,0,0
NNG_PB,D,20211019,000000,5.44,5.63,5.42,5.54,0,0
NNG_PB,D,20211020,000000,5.54,5.54,5.45,5.53,0,0
NNG_PB,D,20211021,000000,5.54,5.54,5.43,5.54,0,0
NNG_PB,D,20211022,000000,5.54,5.54,5.43,5.54,0,0
NNG_PB,D,20211025,000000,5.54,5.54,5.46,5.54,0,0
NNG_PB,D,20211026,000000,5.54,5.57,5.33,5.54,0,0
NNG_PB,D,20211027,000000,5.54,5.54,5.43,5.54,0,0
NNG_PB,D,20211028,000000,5.54,5.58,5.44,5.58,0,0
NNG_PB,D,20211029,000000,5.59,5.59,5.43,5.47,0,0
NNG_PB,D,20211102,000000,5.56,5.69,5.49,5.63,0,0
NNG_PB,D,20211103,000000,5.54,5.7,5.54,5.64,0,0
NNG_PB,D,20211104,000000,5.64,5.64,5.58,5.64,0,0
NNG_PB,D,20211105,000000,5.63,5.65,5.56,5.65,0,0
NNG_PB,D,20211108,000000,5.64,5.65,5.56,5.62,0,0
NNG_PB,D,20211109,000000,5.63,5.7,5.62,5.62,0,0
NNG_PB,D,20211110,000000,5.59,5.63,5.36,5.52,0,0
NNG_PB,D,20211112,000000,5.52,5.56,5.44,5.54,0,0
NNG_PB,D,20211115,000000,5.53,5.54,5.36,5.54,0,0
NNG_PB,D,20211116,000000,5.54,5.58,5.41,5.49,0,0
NNG_PB,D,20211117,000000,5.51,5.51,5.34,5.47,0,0
NNG_PB,D,20211118,000000,5.49,5.49,5.37,5.44,0,0
NNG_PB,D,20211119,000000,5.44,5.44,5.32,5.42,0,0
NNG_PB,D,20211122,000000,5.42,5.46,5.04,5.26,0,0
NNG_PB,D,20211123,000000,5.2,5.28,4.98,5.08,0,0
NNG_PB,D,20211124,000000,4.98,5.1,4.98,5.1,0,0
NNG_PB,D,20211125,000000,5.1,5.1,4.98,5.04,0,0
NNG_PB,D,20211126,000000,4.98,4.98,4.91,4.93,0,0
NNG_PB,D,20211129,000000,4.9,5.38,4.9,5.26,0,0
NNG_PB,D,20211130,000000,5.39,5.39,5.05,5.2,0,0
NNG_PB,D,20211201,000000,5.2,5.2,4.93,4.93,0,0
NNG_PB,D,20211202,000000,4.93,5.54,4.93,5.54,0,0
NNG_PB,D,20211203,000000,5.46,5.73,5.45,5.73,0,0
NNG_PB,D,20211206,000000,5.73,5.73,5.39,5.57,0,0
NNG_PB,D,20211207,000000,5.51,5.57,5.35,5.57,0,0
NNG_PB,D,20211208,000000,5.4,5.65,5.4,5.63,0,0
NNG_PB,D,20211209,000000,5.65,5.75,5.48,5.63,0,0
NNG_PB,D,20211210,000000,5.73,5.75,5.51,5.61,0,0
NNG_PB,D,20211213,000000,5.63,5.74,5.32,5.56,0,0
NNG_PB,D,20211214,000000,5.39,5.45,5.27,5.33,0,0
NNG_PB,D,20211215,000000,5.27,5.34,5.27,5.34,0,0
NNG_PB,D,20211216,000000,5.34,5.34,5.21,5.34,0,0
NNG_PB,D,20211217,000000,5.34,5.34,5.17,5.2,0,0
NNG_PB,D,20211220,000000,5.16,5.21,4.64,4.87,0,0
NNG_PB,D,20211221,000000,4.87,4.87,4.62,4.64,0,0
NNG_PB,D,20211222,000000,4.66,4.67,4.51,4.59,0,0
NNG_PB,D,20211223,000000,4.52,4.58,4.41,4.41,0,0
NNG_PB,D,20211227,000000,4.41,4.43,3.72,3.77,0,0
NNG_PB,D,20211228,000000,3.77,3.87,3.76,3.8,0,0
NNG_PB,D,20211229,000000,3.81,4.42,3.81,4.41,0,0
NNG_PB,D,20211230,000000,4.31,4.63,3.95,4.3,0,0
NNG_PB,D,20220103,000000,4.31,4.64,4.31,4.5,0,0
NNG_PB,D,20220104,000000,4.5,4.51,4.31,4.31,0,0
NNG_PB,D,20220105,000000,4.31,4.62,4.31,4.62,0,0
NNG_PB,D,20220107,000000,4.61,4.7,4.43,4.7,0,0
NNG_PB,D,20220110,000000,4.73,4.73,4.62,4.72,0,0
NNG_PB,D,20220111,000000,4.67,5.02,4.66,4.98,0,0
NNG_PB,D,20220112,000000,4.98,5.03,4.67,5.03,0,0
NNG_PB,D,20220113,000000,5.02,5.02,4.79,4.91,0,0
NNG_PB,D,20220114,000000,4.9,5.13,4.78,5.03,0,0
NNG_PB,D,20220117,000000,5.09,5.17,4.82,5.17,0,0
NNG_PB,D,20220118,000000,5.16,5.16,4.79,4.97,0,0
NNG_PB,D,20220119,000000,4.88,5.03,4.87,5.02,0,0
NNG_PB,D,20220120,000000,5.02,5.12,4.88,4.88,0,0
NNG_PB,D,20220121,000000,4.86,4.86,4.56,4.69,0,0
NNG_PB,D,20220124,000000,4.91,4.91,4.21,4.37,0,0
NNG_PB,D,20220125,000000,4.37,4.62,4.31,4.62,0,0
NNG_PB,D,20220126,000000,4.63,4.67,4.43,4.62,0,0
NNG_PB,D,20220127,000000,4.73,4.73,4.26,4.26,0,0
NNG_PB,D,20220128,000000,4.55,4.55,4.19,4.5,0,0
NNG_PB,D,20220131,000000,4.55,4.55,4.43,4.54,0,0
NNG_PB,D,20220201,000000,4.54,4.55,4.32,4.55,0,0
NNG_PB,D,20220202,000000,4.55,4.6,4.54,4.6,0,0
NNG_PB,D,20220203,000000,4.6,4.63,4.35,4.55,0,0
NNG_PB,D,20220204,000000,4.39,4.55,4.39,4.55,0,0
NNG_PB,D,20220207,000000,4.41,4.63,4.41,4.63,0,0
NNG_PB,D,20220208,000000,4.55,4.63,4.41,4.58,0,0
NNG_PB,D,20220209,000000,4.57,4.57,4.25,4.42,0,0
NNG_PB,D,20220210,000000,4.33,4.43,4.33,4.43,0,0
NNG_PB,D,20220211,000000,4.39,4.54,4.32,4.54,0,0
NNG_PB,D,20220214,000000,4.26,4.53,4.08,4.53,0,0
NNG_PB,D,20220215,000000,4.36,5.46,4.36,5,0,0
NNG_PB,D,20220216,000000,5.18,5.18,4.8,5.04,0,0
NNG_PB,D,20220217,000000,4.67,4.97,4.38,4.51,0,0
NNG_PB,D,20220218,000000,4.37,4.54,4.37,4.54,0,0
NNG_PB,D,20220221,000000,4.55,4.55,4.42,4.43,0,0
NNG_PB,D,20220222,000000,4.39,4.39,4.23,4.32,0,0
NNG_PB,D,20220223,000000,4.36,4.43,4.32,4.32,0,0
NNG_PB,D,20220224,000000,4.27,4.27,3.6,3.93,0,0
NNG_PB,D,20220225,000000,3.94,4.49,3.71,4.49,0,0
NNG_PB,D,20220228,000000,4.2,4.44,4.2,4.44,0,0
NNG_PB,D,20220301,000000,4.44,4.44,4.21,4.37,0,0
NNG_PB,D,20220302,000000,4.2,4.37,3.62,3.83,0,0
NNG_PB,D,20220303,000000,3.83,3.95,3.83,3.85,0,0
NNG_PB,D,20220304,000000,3.84,3.98,3.77,3.9,0,0
NNG_PB,D,20220307,000000,3.69,3.78,3.47,3.71,0,0
NNG_PB,D,20220308,000000,3.71,3.71,3.5,3.53,0,0
NNG_PB,D,20220309,000000,3.48,3.9,3.45,3.9,0,0
NNG_PB,D,20220310,000000,3.9,3.9,3.64,3.83,0,0
NNG_PB,D,20220311,000000,3.63,3.83,3.63,3.83,0,0
NNG_PB,D,20220314,000000,3.71,3.89,3.66,3.76,0,0
NNG_PB,D,20220315,000000,3.9,3.95,3.66,3.95,0,0
NNG_PB,D,20220316,000000,3.95,3.95,3.71,3.95,0,0
NNG_PB,D,20220317,000000,3.95,4,3.79,3.91,0,0
NNG_PB,D,20220318,000000,3.95,4.05,3.9,3.9,0,0
NNG_PB,D,20220321,000000,3.84,4.05,3.84,3.85,0,0
NNG_PB,D,20220322,000000,3.85,4.02,3.72,4.01,0,0
NNG_PB,D,20220323,000000,3.77,3.95,3.77,3.95,0,0
NNG_PB,D,20220324,000000,4.11,4.11,3.75,3.75,0,0
NNG_PB,D,20220325,000000,3.97,3.97,3.71,3.71,0,0
NNG_PB,D,20220328,000000,3.72,3.84,3.7,3.71,0,0
NNG_PB,D,20220329,000000,3.71,3.81,3.71,3.81,0,0
NNG_PB,D,20220330,000000,3.72,3.82,3.59,3.59,0,0
NNG_PB,D,20220331,000000,3.68,3.77,3.59,3.59,0,0
NNG_PB,D,20220401,000000,3.69,3.69,3.59,3.59,0,0
NNG_PB,D,20220404,000000,3.56,3.59,3.53,3.59,0,0
NNG_PB,D,20220405,000000,3.53,3.59,3.42,3.59,0,0
NNG_PB,D,20220406,000000,3.59,3.59,3.35,3.5,0,0
NNG_PB,D,20220407,000000,3.47,3.71,3.47,3.58,0,0
NNG_PB,D,20220408,000000,3.57,3.59,3.42,3.42,0,0
NNG_PB,D,20220411,000000,3.42,3.58,3.39,3.46,0,0
NNG_PB,D,20220412,000000,3.47,3.53,3.23,3.47,0,0
NNG_PB,D,20220413,000000,3.27,3.41,3.23,3.37,0,0
NNG_PB,D,20220414,000000,3.23,3.29,3.2,3.27,0,0
NNG_PB,D,20220419,000000,3.2,3.2,2.98,3.12,0,0
NNG_PB,D,20220420,000000,2.99,3.14,2.87,3.07,0,0
NNG_PB,D,20220421,000000,2.88,3.05,2.68,2.87,0,0
NNG_PB,D,20220422,000000,2.75,2.85,2.57,2.57,0,0
NNG_PB,D,20220425,000000,2.57,2.74,2.39,2.56,0,0
NNG_PB,D,20220426,000000,2.56,2.66,2.42,2.55,0,0
NNG_PB,D,20220427,000000,2.51,2.55,2.26,2.39,0,0
NNG_PB,D,20220428,000000,2.39,2.39,2.16,2.29,0,0
NNG_PB,D,20220429,000000,2.31,2.48,1.56,1.56,0,0
NNG_PB,D,20220502,000000,1.56,1.71,1.4,1.59,0,0
NNG_PB,D,20220504,000000,1.59,1.65,1.56,1.65,0,0
NNG_PB,D,20220505,000000,1.66,1.68,1.6,1.66,0,0
NNG_PB,D,20220506,000000,1.62,2.92,1.48,2.92,0,0
NNG_PB,D,20220509,000000,3.01,3.01,2.82,2.99,0,0
NNG_PB,D,20220510,000000,2.71,2.88,2.66,2.81,0,0
NNG_PB,D,20220511,000000,2.63,2.81,2.45,2.57,0,0
NNG_PB,D,20220512,000000,2.57,2.77,2.51,2.52,0,0
NNG_PB,D,20220513,000000,2.52,2.69,2.49,2.64,0,0
NNG_PB,D,20220516,000000,2.68,2.68,2.47,2.65,0,0
NNG_PB,D,20220517,000000,2.65,2.75,2.6,2.73,0,0
NNG_PB,D,20220518,000000,2.76,2.76,2.56,2.75,0,0
NNG_PB,D,20220519,000000,2.76,2.77,2.62,2.77,0,0
NNG_PB,D,20220520,000000,2.77,2.77,2.62,2.77,0,0
NNG_PB,D,20220523,000000,2.77,3.02,2.71,2.82,0,0
NNG_PB,D,20220524,000000,2.71,2.82,2.71,2.77,0,0
NNG_PB,D,20220525,000000,2.73,2.82,2.72,2.76,0,0
NNG_PB,D,20220526,000000,2.77,2.77,2.58,2.71,0,0
NNG_PB,D,20220527,000000,2.79,2.97,2.73,2.81,0,0
NNG_PB,D,20220530,000000,2.81,2.92,2.74,2.82,0,0
NNG_PB,D,20220531,000000,2.82,2.92,2.8,2.82,0,0
NNG_PB,D,20220601,000000,2.82,2.82,2.73,2.73,0,0
NNG_PB,D,20220602,000000,2.73,2.91,2.65,2.74,0,0
NNG_PB,D,20220603,000000,2.75,2.88,2.75,2.76,0,0
NNG_PB,D,20220606,000000,2.92,2.92,2.76,2.82,0,0
NNG_PB,D,20220607,000000,2.75,2.88,2.71,2.79,0,0
NNG_PB,D,20220608,000000,2.88,3.57,2.71,3.57,0,0
NNG_PB,D,20220609,000000,3.46,3.57,3.24,3.56,0,0
NNG_PB,D,20220610,000000,3.31,3.57,3.31,3.57,0,0
NNG_PB,D,20220613,000000,3.38,3.6,3.33,3.44,0,0
NNG_PB,D,20220614,000000,3.33,3.44,3.19,3.44,0,0
NNG_PB,D,20220615,000000,3.27,3.41,3.16,3.41,0,0
NNG_PB,D,20220617,000000,3.22,3.4,3.22,3.4,0,0
NNG_PB,D,20220620,000000,3.22,3.41,3.22,3.41,0,0
NNG_PB,D,20220621,000000,3.22,3.41,3.22,3.41,0,0
NNG_PB,D,20220622,000000,3.24,3.41,3.21,3.38,0,0
NNG_PB,D,20220623,000000,3.3,3.3,3.21,3.21,0,0
NNG_PB,D,20220624,000000,3.4,3.43,3.2,3.43,0,0
NNG_PB,D,20220627,000000,3.3,3.42,3.19,3.4,0,0
NNG_PB,D,20220628,000000,3.19,3.42,3.19,3.4,0,0
NNG_PB,D,20220629,000000,3.4,3.41,3.2,3.41,0,0
NNG_PB,D,20220630,000000,3.24,3.42,3.24,3.42,0,0
NNG_PB,D,20220701,000000,3.42,3.43,3.16,3.16,0,0
NNG_PB,D,20220704,000000,3.35,3.35,3.17,3.19,0,0
NNG_PB,D,20220705,000000,3.13,3.33,2.94,3.29,0,0
NNG_PB,D,20220706,000000,3.28,3.31,3.13,3.13,0,0
NNG_PB,D,20220707,000000,3.3,3.35,3.16,3.35,0,0
NNG_PB,D,20220708,000000,3.41,3.41,3.07,3.15,0,0
NNG_PB,D,20220711,000000,3.21,4.26,3.16,4.26,0,0
NNG_PB,D,20220712,000000,4.4,5.84,4.4,5.84,0,0
NNG_PB,D,20220713,000000,6.19,6.99,4.92,4.92,0,0
NNG_PB,D,20220714,000000,4.95,5.03,4.32,4.4,0,0
NNG_PB,D,20220715,000000,4.33,5.23,4.33,4.95,0,0
NNG_PB,D,20220718,000000,4.95,5.05,4.74,4.78,0,0
NNG_PB,D,20220719,000000,4.98,4.98,4.4,4.67,0,0
NNG_PB,D,20220720,000000,4.84,4.96,4.65,4.65,0,0
NNG_PB,D,20220721,000000,4.54,4.7,4.45,4.54,0,0
NNG_PB,D,20220722,000000,4.62,4.64,4.4,4.41,0,0
NNG_PB,D,20220725,000000,4.52,5.22,4.52,4.98,0,0
NNG_PB,D,20220726,000000,5.09,5.2,4.93,5.05,0,0
NNG_PB,D,20220727,000000,5.05,5.05,4.81,4.82,0,0
NNG_PB,D,20220728,000000,4.85,4.93,4.69,4.76,0,0
NNG_PB,D,20220729,000000,4.86,4.87,4.72,4.76,0,0
NNG_PB,D,20220801,000000,4.76,4.83,4.48,4.51,0,0
NNG_PB,D,20220802,000000,4.54,4.59,4.41,4.41,0,0
NNG_PB,D,20220803,000000,4.42,4.43,4.04,4.23,0,0
NNG_PB,D,20220804,000000,4.23,4.35,3.99,4.2,0,0
NNG_PB,D,20220805,000000,3.99,4.02,3.95,3.97,0,0
NNG_PB,D,20220808,000000,4.01,4.37,3.98,4.31,0,0
NNG_PB,D,20220809,000000,4.3,4.37,4.16,4.16,0,0
NNG_PB,D,20220810,000000,4.17,4.18,3.82,4.01,0,0
NNG_PB,D,20220811,000000,4.12,4.12,3.9,4.12,0,0
NNG_PB,D,20220812,000000,3.94,4.12,3.94,4.03,0,0
NNG_PB,D,20220816,000000,4.03,4.09,3.85,4.09,0,0
NNG_PB,D,20220817,000000,4.09,4.09,3.88,3.9,0,0
NNG_PB,D,20220818,000000,3.9,4.01,3.9,3.91,0,0
NNG_PB,D,20220819,000000,3.99,4.01,3.85,3.9,0,0
NNG_PB,D,20220822,000000,4.01,4.01,3.79,3.79,0,0
NNG_PB,D,20220823,000000,3.79,3.9,3.79,3.82,0,0
NNG_PB,D,20220824,000000,3.82,3.96,3.57,3.96,0,0
NNG_PB,D,20220825,000000,3.91,3.95,3.77,3.8,0,0
NNG_PB,D,20220826,000000,3.65,3.87,3.61,3.81,0,0
NNG_PB,D,20220829,000000,3.79,3.85,3.79,3.84,0,0
NNG_PB,D,20220830,000000,3.85,4.51,3.85,4.37,0,0
NNG_PB,D,20220831,000000,4.37,4.4,3.99,3.99,0,0
NNG_PB,D,20220901,000000,4.1,4.12,3.57,3.74,0,0
NNG_PB,D,20220902,000000,3.74,3.83,3.71,3.82,0,0
NNG_PB,D,20220905,000000,3.71,3.97,3.66,3.9,0,0
NNG_PB,D,20220906,000000,3.71,3.9,3.71,3.84,0,0
NNG_PB,D,20220907,000000,3.68,3.9,3.63,3.9,0,0
NNG_PB,D,20220908,000000,3.9,3.99,3.74,3.99,0,0
NNG_PB,D,20220909,000000,3.99,3.99,3.77,3.78,0,0
NNG_PB,D,20220912,000000,3.99,3.99,3.64,3.67,0,0
NNG_PB,D,20220913,000000,3.68,3.88,3.58,3.58,0,0
NNG_PB,D,20220914,000000,3.63,3.8,3.6,3.79,0,0
NNG_PB,D,20220915,000000,3.77,3.79,3.66,3.66,0,0
NNG_PB,D,20220916,000000,3.66,3.76,3.63,3.63,0,0
NNG_PB,D,20220919,000000,3.6,3.71,3.6,3.71,0,0
NNG_PB,D,20220920,000000,3.6,3.82,3.57,3.6,0,0
NNG_PB,D,20220921,000000,3.82,3.82,3.58,3.63,0,0
NNG_PB,D,20220922,000000,3.58,3.84,3.58,3.71,0,0
NNG_PB,D,20220923,000000,3.61,3.66,3.6,3.6,0,0
NNG_PB,D,20220926,000000,3.59,3.59,3.3,3.59,0,0
NNG_PB,D,20220927,000000,3.31,3.71,3.31,3.57,0,0
NNG_PB,D,20220928,000000,3.68,3.68,3.33,3.33,0,0
NNG_PB,D,20220929,000000,3.33,3.54,3.16,3.33,0,0
NNG_PB,D,20220930,000000,3.33,3.79,3.16,3.41,0,0
NNG_PB,D,20221003,000000,3.43,3.55,3.19,3.53,0,0
NNG_PB,D,20221004,000000,3.53,4.69,3.36,4.69,0,0
NNG_PB,D,20221005,000000,4.89,4.89,3.75,3.75,0,0
NNG_PB,D,20221006,000000,4.1,4.7,3.74,4.7,0,0
NNG_PB,D,20221007,000000,4.81,4.81,4.5,4.73,0,0
NNG_PB,D,20221010,000000,4.5,4.72,4.4,4.65,0,0
NNG_PB,D,20221011,000000,4.64,4.64,4.14,4.14,0,0
NNG_PB,D,20221012,000000,4.55,4.56,4.27,4.5,0,0
NNG_PB,D,20221013,000000,4.46,4.46,4.1,4.23,0,0
NNG_PB,D,20221014,000000,4.35,4.35,4,4.01,0,0
NNG_PB,D,20221017,000000,4.21,4.22,3.97,4.22,0,0
NNG_PB,D,20221018,000000,4.1,4.27,4.01,4.04,0,0
NNG_PB,D,20221019,000000,4.05,4.26,3.95,4.01,0,0
NNG_PB,D,20221020,000000,4.01,4.2,4,4.04,0,0
NNG_PB,D,20221021,000000,4.2,4.2,4.04,4.1,0,0
NNG_PB,D,20221024,000000,4.01,4.1,3.81,4.06,0,0
NNG_PB,D,20221025,000000,3.94,4.05,3.61,3.63,0,0
NNG_PB,D,20221026,000000,3.87,4.2,3.68,4.05,0,0
NNG_PB,D,20221027,000000,4.04,4.12,3.84,4.11,0,0
NNG_PB,D,20221028,000000,4.11,4.24,3.91,4.24,0,0
NNG_PB,D,20221031,000000,4.27,4.43,4.2,4.27,0,0
NNG_PB,D,20221102,000000,4.35,4.68,4.18,4.47,0,0
NNG_PB,D,20221103,000000,4.55,4.55,4.24,4.27,0,0
NNG_PB,D,20221104,000000,4.21,4.55,4.21,4.4,0,0
NNG_PB,D,20221107,000000,4.56,4.56,4.24,4.28,0,0
NNG_PB,D,20221108,000000,4.43,4.43,4.2,4.37,0,0
NNG_PB,D,20221109,000000,4.39,4.4,4.21,4.21,0,0
NNG_PB,D,20221110,000000,4.38,4.38,4.21,4.21,0,0
NNG_PB,D,20221114,000000,4.21,4.46,4.13,4.27,0,0
NNG_PB,D,20221115,000000,4.17,4.3,4.17,4.2,0,0
NNG_PB,D,20221116,000000,4.2,4.3,4.19,4.19,0,0
NNG_PB,D,20221117,000000,4.19,4.19,4.08,4.1,0,0
NNG_PB,D,20221118,000000,4.19,4.34,4.1,4.34,0,0
NNG_PB,D,20221121,000000,4.11,4.2,4.1,4.15,0,0
NNG_PB,D,20221122,000000,4.1,4.33,4.1,4.22,0,0
NNG_PB,D,20221123,000000,4.22,4.33,4.18,4.19,0,0
NNG_PB,D,20221124,000000,4.11,4.27,4.04,4.04,0,0
NNG_PB,D,20221125,000000,4.14,4.22,3.97,4.02,0,0
NNG_PB,D,20221128,000000,4.22,4.22,3.97,4,0,0
NNG_PB,D,20221129,000000,4.01,4.19,3.84,4.14,0,0
NNG_PB,D,20221130,000000,3.97,4.2,3.89,4.2,0,0
NNG_PB,D,20221201,000000,3.98,4.2,3.95,3.95,0,0
NNG_PB,D,20221202,000000,3.95,4.12,3.87,3.98,0,0
NNG_PB,D,20221205,000000,3.94,4.2,3.94,4.2,0,0
NNG_PB,D,20221206,000000,3.94,4.2,3.94,3.99,0,0
NNG_PB,D,20221207,000000,4.24,4.24,3.94,3.95,0,0
NNG_PB,D,20221208,000000,4.19,4.2,3.95,4.16,0,0
NNG_PB,D,20221209,000000,4.16,4.16,4.01,4.02,0,0
NNG_PB,D,20221212,000000,4.01,5.36,3.95,5.36,0,0
NNG_PB,D,20221213,000000,5.36,5.45,5.23,5.23,0,0
NNG_PB,D,20221214,000000,5.41,5.41,5.19,5.2,0,0
NNG_PB,D,20221215,000000,5.41,5.41,5.22,5.23,0,0
NNG_PB,D,20221216,000000,5.21,5.37,5.2,5.24,0,0
NNG_PB,D,20221219,000000,5.06,5.31,5.06,5.3,0,0
NNG_PB,D,20221220,000000,5.11,5.37,5.11,5.34,0,0
NNG_PB,D,20221221,000000,5.15,5.34,5.15,5.31,0,0
NNG_PB,D,20221222,000000,5.28,5.28,5.11,5.11,0,0
NNG_PB,D,20221223,000000,5.32,5.32,5.11,5.12,0,0
NNG_PB,D,20221227,000000,5.21,5.32,4.8,4.82,0,0
NNG_PB,D,20221228,000000,5.09,5.09,4.85,4.9,0,0
NNG_PB,D,20221229,000000,4.9,5.36,4.84,4.96,0,0
NNG_PB,D,20221230,000000,5.58,5.58,5.06,5.42,0,0
NNG_PB,D,20230102,000000,5.42,5.57,5.07,5.49,0,0
NNG_PB,D,20230103,000000,5.49,5.49,5.15,5.23,0,0
NNG_PB,D,20230104,000000,5.18,5.41,5.17,5.23,0,0
NNG_PB,D,20230105,000000,5.23,5.43,5.19,5.36,0,0
NNG_PB,D,20230109,000000,5.36,5.36,5.21,5.36,0,0
NNG_PB,D,20230110,000000,5.51,5.51,5.23,5.25,0,0
NNG_PB,D,20230111,000000,5.45,5.45,5.24,5.42,0,0
NNG_PB,D,20230112,000000,5.44,5.44,5.23,5.28,0,0
NNG_PB,D,20230113,000000,5.43,5.53,5.24,5.28,0,0
NNG_PB,D,20230116,000000,5.36,5.54,5.28,5.54,0,0
NNG_PB,D,20230117,000000,5.54,5.54,5.3,5.3,0,0
NNG_PB,D,20230118,000000,5.33,5.52,5.28,5.36,0,0
NNG_PB,D,20230119,000000,5.36,7.72,5.36,7.72,0,0
NNG_PB,D,20230120,000000,8.07,8.07,6.72,7.07,0,0
NNG_PB,D,20230123,000000,7.15,7.15,6.54,6.54,0,0
NNG_PB,D,20230124,000000,6.54,6.85,6.54,6.83,0,0
NNG_PB,D,20230125,000000,6.84,6.84,6.24,6.42,0,0
NNG_PB,D,20230126,000000,6.42,6.59,6.26,6.57,0,0
NNG_PB,D,20230127,000000,6.34,6.59,6.29,6.32,0,0
NNG_PB,D,20230130,000000,6.32,6.54,6.32,6.32,0,0
NNG_PB,D,20230131,000000,6.32,7.17,6.32,6.76,0,0
NNG_PB,D,20230201,000000,6.84,6.84,6.48,6.48,0,0
NNG_PB,D,20230202,000000,6.63,7.63,6.37,7.31,0,0
NNG_PB,D,20230203,000000,7.28,7.33,6.89,7.08,0,0
NNG_PB,D,20230206,000000,7.08,7.08,6.63,6.84,0,0
NNG_PB,D,20230207,000000,6.6,6.98,6.59,6.76,0,0
NNG_PB,D,20230208,000000,6.85,6.85,6.59,6.59,0,0
NNG_PB,D,20230209,000000,6.54,7.07,6.52,6.84,0,0
NNG_PB,D,20230210,000000,6.93,7.41,6.7,7.07,0,0
NNG_PB,D,20230213,000000,7.3,8.03,6.98,6.98,0,0
NNG_PB,D,20230214,000000,6.98,7.2,6.88,7.15,0,0
NNG_PB,D,20230215,000000,7.28,7.28,6.89,6.93,0,0
NNG_PB,D,20230216,000000,6.93,8.05,6.66,8.05,0,0
NNG_PB,D,20230217,000000,7.95,8.36,7.95,8.26,0,0
NNG_PB,D,20230220,000000,8.26,8.43,7.8,7.9,0,0
NNG_PB,D,20230221,000000,8.05,8.05,7.74,7.79,0,0
NNG_PB,D,20230222,000000,7.83,7.83,7.45,7.71,0,0
NNG_PB,D,20230223,000000,7.79,7.85,7.43,7.74,0,0
NNG_PB,D,20230224,000000,7.44,7.8,7.44,7.68,0,0
NNG_PB,D,20230227,000000,7.68,7.73,7.44,7.7,0,0
NNG_PB,D,20230228,000000,7.69,7.69,7.33,7.57,0,0
NNG_PB,D,20230301,000000,7.38,7.64,7.35,7.43,0,0
NNG_PB,D,20230302,000000,7.43,7.59,7.34,7.37,0,0
NNG_PB,D,20230303,000000,7.48,7.56,7.24,7.26,0,0
NNG_PB,D,20230306,000000,7.24,7.48,7.24,7.26,0,0
NNG_PB,D,20230307,000000,7.22,7.48,7.17,7.3,0,0
NNG_PB,D,20230308,000000,7.38,7.38,7.17,7.22,0,0
NNG_PB,D,20230309,000000,7.42,7.42,7.12,7.22,0,0
NNG_PB,D,20230310,000000,7.22,7.41,7.08,7.33,0,0
NNG_PB,D,20230313,000000,7.12,7.17,6.91,7.12,0,0
NNG_PB,D,20230314,000000,6.96,7.08,6.9,7.08,0,0
NNG_PB,D,20230315,000000,6.95,7.09,6.66,7.07,0,0
NNG_PB,D,20230316,000000,7.33,7.33,6.44,6.45,0,0
NNG_PB,D,20230317,000000,6.8,6.9,6.54,6.57,0,0
NNG_PB,D,20230320,000000,6.78,6.78,6.28,6.64,0,0
NNG_PB,D,20230321,000000,6.44,6.7,6.44,6.64,0,0
NNG_PB,D,20230322,000000,6.64,6.69,6.3,6.64,0,0
NNG_PB,D,20230323,000000,6.72,6.72,6.33,6.44,0,0
NNG_PB,D,20230324,000000,6.67,6.84,6.45,6.79,0,0
NNG_PB,D,20230327,000000,6.87,7.43,6.54,7.33,0,0
NNG_PB,D,20230328,000000,7.28,7.33,6.88,6.89,0,0
NNG_PB,D,20230329,000000,7.22,7.22,6.56,6.85,0,0
NNG_PB,D,20230330,000000,6.69,7.15,6.69,6.69,0,0
NNG_PB,D,20230331,000000,6.84,6.94,6.68,6.94,0,0
NNG_PB,D,20230403,000000,6.94,7.05,6.51,6.7,0,0
NNG_PB,D,20230404,000000,6.7,7.03,6.57,6.58,0,0
NNG_PB,D,20230405,000000,6.58,6.67,6.28,6.43,0,0
NNG_PB,D,20230406,000000,6.31,6.48,6.26,6.27,0,0
NNG_PB,D,20230411,000000,6.38,6.49,6.18,6.44,0,0
NNG_PB,D,20230412,000000,6.28,6.47,6.21,6.46,0,0
NNG_PB,D,20230413,000000,6.44,6.51,6.18,6.23,0,0
NNG_PB,D,20230414,000000,6.23,6.38,6.03,6.32,0,0
NNG_PB,D,20230417,000000,6.23,6.35,6.12,6.18,0,0
NNG_PB,D,20230418,000000,6.08,6.28,5.89,6.18,0,0
NNG_PB,D,20230419,000000,6.18,6.18,5.91,6.11,0,0
NNG_PB,D,20230420,000000,5.91,6.26,5.91,6.02,0,0
NNG_PB,D,20230421,000000,6.02,6.18,6.02,6.15,0,0
NNG_PB,D,20230424,000000,6.07,6.2,5.94,6.07,0,0
NNG_PB,D,20230425,000000,6.18,6.28,5.99,6.07,0,0
NNG_PB,D,20230426,000000,6.2,6.28,5.99,5.99,0,0
NNG_PB,D,20230427,000000,6.12,6.26,5.99,6.2,0,0
NNG_PB,D,20230428,000000,6.2,6.28,6.18,6.28,0,0
NNG_PB,D,20230502,000000,6.28,6.33,6.07,6.07,0,0
NNG_PB,D,20230504,000000,6.26,6.33,3.32,3.32,0,0
NNG_PB,D,20230505,000000,3.38,3.42,3.35,3.35,0,0
NNG_PB,D,20230508,000000,3.35,3.41,3.32,3.32,0,0
NNG_PB,D,20230509,000000,3.32,3.39,3.28,3.29,0,0
NNG_PB,D,20230510,000000,3.29,3.41,3.29,3.31,0,0
NNG_PB,D,20230511,000000,3.26,3.44,3.26,3.38,0,0
NNG_PB,D,20230512,000000,3.38,3.41,3.33,3.36,0,0
NNG_PB,D,20230515,000000,3.38,3.39,3.32,3.38,0,0
NNG_PB,D,20230516,000000,3.38,3.41,3.35,3.38,0,0
NNG_PB,D,20230517,000000,3.39,3.39,3.31,3.31,0,0
NNG_PB,D,20230518,000000,3.29,3.39,3.29,3.29,0,0
NNG_PB,D,20230519,000000,3.36,3.41,3.31,3.41,0,0
NNG_PB,D,20230522,000000,3.35,3.41,3.32,3.38,0,0
NNG_PB,D,20230523,000000,3.38,3.38,2.63,2.63,0,0
NNG_PB,D,20230524,000000,2.65,2.65,2.59,2.59,0,0
NNG_PB,D,20230525,000000,2.62,2.62,2.57,2.57,0,0
NNG_PB,D,20230526,000000,2.59,2.64,2.59,2.59,0,0
NNG_PB,D,20230529,000000,2.63,2.67,2.6,2.63,0,0
NNG_PB,D,20230530,000000,2.62,2.65,2.58,2.58,0,0
NNG_PB,D,20230531,000000,2.63,2.64,2.59,2.59,0,0
NNG_PB,D,20230601,000000,2.59,2.62,2.59,2.62,0,0
NNG_PB,D,20230602,000000,2.62,2.65,2.62,2.65,0,0
NNG_PB,D,20230605,000000,2.65,2.65,2.6,2.62,0,0
NNG_PB,D,20230606,000000,2.65,2.65,2.59,2.59,0,0
NNG_PB,D,20230607,000000,2.6,2.64,2.59,2.64,0,0
NNG_PB,D,20230609,000000,2.64,2.65,2.62,2.62,0,0
NNG_PB,D,20230612,000000,2.62,2.64,2.59,2.64,0,0
NNG_PB,D,20230613,000000,2.64,2.64,2.6,2.64,0,0
NNG_PB,D,20230614,000000,2.64,2.64,2.59,2.64,0,0
NNG_PB,D,20230615,000000,2.6,2.64,2.6,2.64,0,0
NNG_PB,D,20230616,000000,2.64,2.64,2.59,2.63,0,0
NNG_PB,D,20230619,000000,2.63,2.68,2.63,2.66,0,0
NNG_PB,D,20230620,000000,2.68,2.68,2.6,2.6,0,0
NNG_PB,D,20230621,000000,2.62,2.66,2.6,2.66,0,0
NNG_PB,D,20230622,000000,2.63,2.77,2.63,2.64,0,0
NNG_PB,D,20230623,000000,2.64,2.7,2.64,2.7,0,0
NNG_PB,D,20230626,000000,2.73,2.73,2.64,2.66,0,0
NNG_PB,D,20230627,000000,2.66,2.76,2.62,2.63,0,0
NNG_PB,D,20230628,000000,2.66,2.73,2.64,2.64,0,0
NNG_PB,D,20230629,000000,2.66,2.7,2.58,2.65,0,0
NNG_PB,D,20230630,000000,2.66,2.66,2.59,2.59,0,0
NNG_PB,D,20230703,000000,2.63,2.64,2.57,2.64,0,0
NNG_PB,D,20230704,000000,2.64,2.64,2.57,2.57,0,0
NNG_PB,D,20230705,000000,2.58,2.63,2.57,2.63,0,0
NNG_PB,D,20230706,000000,2.58,2.63,2.57,2.63,0,0
NNG_PB,D,20230707,000000,2.63,2.65,2.58,2.64,0,0
NNG_PB,D,20230710,000000,2.62,2.64,2.59,2.59,0,0
NNG_PB,D,20230711,000000,2.62,2.64,2.59,2.62,0,0
NNG_PB,D,20230712,000000,2.63,2.63,2.6,2.62,0,0
NNG_PB,D,20230713,000000,2.62,2.62,2.58,2.59,0,0
NNG_PB,D,20230714,000000,2.63,2.88,2.63,2.77,0,0
NNG_PB,D,20230717,000000,2.85,2.85,2.67,2.79,0,0
NNG_PB,D,20230718,000000,2.71,2.81,2.68,2.7,0,0
NNG_PB,D,20230719,000000,2.7,2.75,2.63,2.75,0,0
NNG_PB,D,20230720,000000,2.75,2.75,2.64,2.73,0,0
NNG_PB,D,20230721,000000,2.67,2.73,2.66,2.7,0,0
NNG_PB,D,20230724,000000,2.73,2.73,2.64,2.65,0,0
NNG_PB,D,20230725,000000,2.69,2.74,2.66,2.66,0,0
NNG_PB,D,20230726,000000,2.73,2.73,2.64,2.64,0,0
NNG_PB,D,20230727,000000,2.64,2.68,2.63,2.67,0,0
NNG_PB,D,20230728,000000,2.68,2.69,2.64,2.68,0,0
NNG_PB,D,20230731,000000,2.68,2.68,2.59,2.64,0,0
NNG_PB,D,20230801,000000,2.68,2.68,2.59,2.59,0,0
NNG_PB,D,20230802,000000,2.59,2.65,2.57,2.64,0,0
NNG_PB,D,20230803,000000,2.64,2.64,2.55,2.62,0,0
NNG_PB,D,20230804,000000,2.6,2.62,2.58,2.592,0,0
NNG_PB,D,20230807,000000,2.593,2.593,2.548,2.592,0,0
NNG_PB,D,20230808,000000,2.581,2.593,2.559,2.559,0,0
NNG_PB,D,20230809,000000,2.57,2.57,2.515,2.515,0,0
NNG_PB,D,20230810,000000,2.57,2.57,2.526,2.537,0,0
NNG_PB,D,20230811,000000,2.57,2.581,2.515,2.515,0,0
NNG_PB,D,20230814,000000,2.526,2.748,2.504,2.603,0,0
NNG_PB,D,20230816,000000,2.615,2.615,2.526,2.592,0,0
NNG_PB,D,20230817,000000,2.526,2.57,2.526,2.537,0,0
NNG_PB,D,20230818,000000,2.57,2.57,2.371,2.471,0,0
NNG_PB,D,20230821,000000,2.471,2.526,2.327,2.526,0,0
NNG_PB,D,20230822,000000,2.537,2.537,2.304,2.416,0,0
NNG_PB,D,20230823,000000,2.404,2.404,2.282,2.326,0,0
NNG_PB,D,20230824,000000,2.327,2.338,2.227,2.26,0,0
NNG_PB,D,20230825,000000,2.216,2.238,2.172,2.238,0,0
NNG_PB,D,20230828,000000,2.211,2.304,2.211,2.212,0,0
NNG_PB,D,20230829,000000,2.211,2.26,2.172,2.216,0,0
NNG_PB,D,20230830,000000,2.282,2.282,2.163,2.271,0,0
NNG_PB,D,20230831,000000,2.172,2.282,2.096,2.19,0,0
NNG_PB,D,20230901,000000,2.189,2.194,1.994,2.122,0,0
NNG_PB,D,20230904,000000,2.123,2.158,2.016,2.065,0,0
NNG_PB,D,20230905,000000,2.039,2.282,1.959,2.118,0,0
NNG_PB,D,20230906,000000,2.118,2.154,2.043,2.127,0,0
NNG_PB,D,20230907,000000,2.154,2.158,2.039,2.083,0,0
NNG_PB,D,20230908,000000,2.105,2.149,1.968,2.056,0,0
NNG_PB,D,20230911,000000,2.052,2.061,1.972,2.039,0,0
NNG_PB,D,20230912,000000,2.052,2.087,1.99,2.017,0,0
NNG_PB,D,20230913,000000,2.016,2.034,1.994,2.012,0,0
NNG_PB,D,20230914,000000,1.994,2.03,1.968,2.012,0,0
NNG_PB,D,20230915,000000,1.972,2.083,1.972,2.039,0,0
NNG_PB,D,20230918,000000,2.039,2.047,1.994,1.999,0,0
NNG_PB,D,20230919,000000,2.03,2.083,1.994,2.017,0,0
NNG_PB,D,20230920,000000,1.994,2.047,1.985,2.025,0,0
NNG_PB,D,20230921,000000,2.021,2.021,1.972,2.017,0,0
NNG_PB,D,20230922,000000,2.016,2.101,1.994,2.1,0,0
NNG_PB,D,20230925,000000,2.021,2.105,2.021,2.083,0,0
NNG_PB,D,20230926,000000,2.105,2.105,2.03,2.047,0,0
NNG_PB,D,20230927,000000,2.047,2.101,2.043,2.043,0,0
NNG_PB,D,20230928,000000,2.047,2.065,1.994,2.03,0,0
NNG_PB,D,20230929,000000,2.03,2.096,2.007,2.096,0,0
NNG_PB,D,20231002,000000,2.025,2.096,2.021,2.083,0,0
NNG_PB,D,20231003,000000,2.096,2.167,2.065,2.149,0,0
NNG_PB,D,20231004,000000,2.149,2.623,2.083,2.623,0,0
