<TICKER>,<PER>,<DATE>,<TIME>,<OPEN>,<HIGH>,<LOW>,<CLOSE>,<VOL>,<OPENINT>
OND_MV,D,20210719,000000,1313.58,1313.58,1313.58,1313.58,0,0
OND_MV,D,20210720,000000,1333.23,1378.84,1263.06,1287.39,0,0
OND_MV,D,20210721,000000,1313.58,1313.58,1263.06,1263.06,0,0
OND_MV,D,20210722,000000,1264,1264.23,1244.82,1253.7,0,0
OND_MV,D,20210723,000000,1253.7,1284.58,1251.37,1258.38,0,0
OND_MV,D,20210726,000000,1305.16,1305.16,1262.59,1277.09,0,0
OND_MV,D,20210727,000000,1290.89,1290.89,1258.85,1258.85,0,0
OND_MV,D,20210728,000000,1258.85,1261.89,1225.64,1239.67,0,0
OND_MV,D,20210729,000000,1258.38,1286.45,1239.67,1256.98,0,0
OND_MV,D,20210730,000000,1263.06,1319.2,1232.65,1313.58,0,0
OND_MV,D,20210802,000000,1328.32,1351.94,1298.15,1298.15,0,0
OND_MV,D,20210803,000000,1319.2,1323.64,1263.29,1295.34,0,0
OND_MV,D,20210804,000000,1309.84,1309.84,1263.06,1291.13,0,0
OND_MV,D,20210805,000000,1290.89,1290.89,1262.83,1284.34,0,0
OND_MV,D,20210806,000000,1291.13,1291.13,1253.7,1267.5,0,0
OND_MV,D,20210809,000000,1285.98,1285.98,1263.06,1285.51,0,0
OND_MV,D,20210810,000000,1272.42,1292.06,1249.03,1258.38,0,0
OND_MV,D,20210811,000000,1299.55,1299.55,1253.7,1280.37,0,0
OND_MV,D,20210812,000000,1264.46,1283.88,1253.94,1254.17,0,0
OND_MV,D,20210813,000000,1263.06,1263.06,1251.37,1263.06,0,0
OND_MV,D,20210816,000000,1263.06,1263.06,1234.99,1253.24,0,0
OND_MV,D,20210817,000000,1262.59,1262.59,1235.46,1249.03,0,0
OND_MV,D,20210818,000000,1240.14,1253.24,1234.99,1253.24,0,0
OND_MV,D,20210819,000000,1262.59,1262.59,1239.67,1239.67,0,0
OND_MV,D,20210820,000000,1244.35,1270.08,1239.67,1270.08,0,0
OND_MV,D,20210823,000000,1281.77,1281.77,1263.29,1279.9,0,0
OND_MV,D,20210824,000000,1281.77,1285.98,1240.84,1285.98,0,0
OND_MV,D,20210825,000000,1295.81,1295.81,1245.52,1249.03,0,0
OND_MV,D,20210826,000000,1249.03,1249.03,1236.16,1240.14,0,0
OND_MV,D,20210827,000000,1237.33,1279.9,1237.33,1245.28,0,0
OND_MV,D,20210830,000000,1258.38,1260.72,1244.35,1260.72,0,0
OND_MV,D,20210831,000000,1263.06,1458.3,1235.93,1458.3,0,0
OND_MV,D,20210901,000000,1463.8,1463.8,1450.04,1456.64,0,0
OND_MV,D,20210902,000000,1479.76,1479.76,1445.09,1447.84,0,0
OND_MV,D,20210903,000000,1455.54,1457.19,1442.89,1445.36,0,0
OND_MV,D,20210906,000000,1452.79,1452.79,1421.98,1430.23,0,0
OND_MV,D,20210907,000000,1428.03,1428.03,1370.25,1372.45,0,0
OND_MV,D,20210908,000000,1375.75,1375.75,1318.52,1320.72,0,0
OND_MV,D,20210909,000000,1320.44,1375.75,1320.44,1364.47,0,0
OND_MV,D,20210910,000000,1375.47,1375.75,1357.59,1357.87,0,0
OND_MV,D,20210913,000000,1375.75,1435.73,1359.24,1414.27,0,0
OND_MV,D,20210914,000000,1430.5,1451.69,1419.77,1428.03,0,0
OND_MV,D,20210915,000000,1446.74,1446.74,1420.87,1440.69,0,0
OND_MV,D,20210916,000000,1430.78,1458.3,1397.76,1420.32,0,0
OND_MV,D,20210917,000000,1430.78,1452.79,1386.76,1441.51,0,0
OND_MV,D,20210920,000000,1441.24,1441.24,1375.2,1375.2,0,0
OND_MV,D,20210921,000000,1374.65,1402.99,1346.86,1348.24,0,0
OND_MV,D,20210922,000000,1408.77,1439.03,1348.24,1348.24,0,0
OND_MV,D,20210923,000000,1369.15,1402.71,1355.94,1383.73,0,0
OND_MV,D,20210924,000000,1385.11,1421.7,1375.75,1375.75,0,0
OND_MV,D,20210927,000000,1375.75,1407.39,1372.45,1397.76,0,0
OND_MV,D,20210928,000000,1376.85,1392.26,1373.55,1390.06,0,0
OND_MV,D,20210929,000000,1375.75,1377.68,1353.74,1357.59,0,0
OND_MV,D,20210930,000000,1357.59,1364.74,1320.72,1348.24,0,0
OND_MV,D,20211001,000000,1336.68,1367.5,1326.22,1366.67,0,0
OND_MV,D,20211004,000000,1348.24,1381.25,1348.24,1375.75,0,0
OND_MV,D,20211005,000000,1375.75,1381.25,1349.06,1379.6,0,0
OND_MV,D,20211006,000000,1366.39,1375.75,1320.72,1347.13,0,0
OND_MV,D,20211007,000000,1348.24,1359.24,1320.72,1353.74,0,0
OND_MV,D,20211008,000000,1342.73,1352.64,1320.72,1326.22,0,0
OND_MV,D,20211011,000000,1337.23,1347.68,1316.32,1320.72,0,0
OND_MV,D,20211012,000000,1333.65,1333.65,1300.08,1309.71,0,0
OND_MV,D,20211013,000000,1309.71,1342.73,1292.65,1293.21,0,0
OND_MV,D,20211014,000000,1313.84,1331.45,1287.7,1293.21,0,0
OND_MV,D,20211015,000000,1293.21,1348.24,1293.21,1342.73,0,0
OND_MV,D,20211018,000000,1348.24,1361.72,1342.73,1359.24,0,0
OND_MV,D,20211019,000000,1357.59,1357.59,1293.21,1309.71,0,0
OND_MV,D,20211020,000000,1301.46,1303.66,1265.69,1277.25,0,0
OND_MV,D,20211021,000000,1277.8,1287.7,1260.19,1265.69,0,0
OND_MV,D,20211022,000000,1265.69,1265.69,1235.7,1235.7,0,0
OND_MV,D,20211025,000000,1250.01,1250.01,1200.2,1200.2,0,0
OND_MV,D,20211026,000000,1200.2,1216.16,1172.14,1182.87,0,0
OND_MV,D,20211027,000000,1182.87,1182.87,1135.54,1168.84,0,0
OND_MV,D,20211028,000000,1161.13,1161.13,1101.15,1106.1,0,0
OND_MV,D,20211029,000000,1111.61,1174.07,1100.88,1101.43,0,0
OND_MV,D,20211102,000000,1101.7,1153.43,1101.7,1107.2,0,0
OND_MV,D,20211103,000000,1107.2,1138.02,1101.15,1120.14,0,0
OND_MV,D,20211104,000000,1119.86,1152.88,1119.86,1144.62,0,0
OND_MV,D,20211105,000000,1155.63,1172.14,1118.21,1123.16,0,0
OND_MV,D,20211108,000000,1133.07,1133.07,1029.06,1045.57,0,0
OND_MV,D,20211109,000000,1045.57,1052.94,1032.36,1036.66,0,0
OND_MV,D,20211110,000000,1039.52,1039.63,993.84,1012.55,0,0
OND_MV,D,20211112,000000,994.39,1011.56,957.52,963.03,0,0
OND_MV,D,20211115,000000,963.03,982.29,959.72,963.03,0,0
OND_MV,D,20211116,000000,974.03,993.73,966.33,983.72,0,0
OND_MV,D,20211117,000000,965.89,1034.56,965.89,1027.96,0,0
OND_MV,D,20211118,000000,1027.96,1045.57,1018.17,1045.57,0,0
OND_MV,D,20211119,000000,1059.33,1059.33,990.54,1001.55,0,0
OND_MV,D,20211122,000000,1001.55,1028.95,980.08,990.54,0,0
OND_MV,D,20211123,000000,989.77,1007.16,968.53,971.39,0,0
OND_MV,D,20211124,000000,974.03,985.04,946.63,963.03,0,0
OND_MV,D,20211125,000000,964.13,981.63,952.02,974.36,0,0
OND_MV,D,20211126,000000,968.53,968.53,946.63,946.63,0,0
OND_MV,D,20211129,000000,946.52,946.52,902.49,924.5,0,0
OND_MV,D,20211130,000000,927.81,927.81,913.61,914.05,0,0
OND_MV,D,20211201,000000,913.5,935.51,909.1,909.1,0,0
OND_MV,D,20211202,000000,912.4,930.12,912.4,922.63,0,0
OND_MV,D,20211203,000000,919,922.85,911.3,922.85,0,0
OND_MV,D,20211206,000000,946.52,1034.34,946.52,990.54,0,0
OND_MV,D,20211207,000000,1023.56,1034.56,1007.6,1012.55,0,0
OND_MV,D,20211208,000000,1033.46,1100.6,1017.39,1100.6,0,0
OND_MV,D,20211209,000000,1111.61,1168.84,1111.61,1130.87,0,0
OND_MV,D,20211210,000000,1136.37,1136.37,1036.32,1041.72,0,0
OND_MV,D,20211213,000000,1043.37,1045.57,990.54,990.54,0,0
OND_MV,D,20211214,000000,990.54,1071.98,948.17,1008.15,0,0
OND_MV,D,20211215,000000,1018.06,1051.07,970.29,987.79,0,0
OND_MV,D,20211216,000000,987.79,1023.01,982.84,1018.06,0,0
OND_MV,D,20211217,000000,1018.06,1045.57,1012.55,1018.06,0,0
OND_MV,D,20211220,000000,1018.06,1036.77,993.29,1018.06,0,0
OND_MV,D,20211221,000000,1028.51,1034.01,985.04,990.54,0,0
OND_MV,D,20211222,000000,990.54,999.34,965.78,968.53,0,0
OND_MV,D,20211223,000000,968.53,968.53,938.26,941.01,0,0
OND_MV,D,20211227,000000,935.51,935.51,911.85,911.85,0,0
OND_MV,D,20211228,000000,910.75,910.75,862.32,864.63,0,0
OND_MV,D,20211229,000000,866.72,924.5,866.72,880.59,0,0
OND_MV,D,20211230,000000,900.73,916.25,888.07,902.49,0,0
OND_MV,D,20220103,000000,920.1,920.1,884.11,890.39,0,0
OND_MV,D,20220104,000000,899.19,974.03,899.19,972.93,0,0
OND_MV,D,20220105,000000,1001.55,1012,990.54,1006.5,0,0
OND_MV,D,20220107,000000,990.32,990.32,963.03,985.04,0,0
OND_MV,D,20220110,000000,985.04,1000.45,979.53,988.34,0,0
OND_MV,D,20220111,000000,963.58,985.04,952.57,974.03,0,0
OND_MV,D,20220112,000000,974.03,976.23,959.72,968.53,0,0
OND_MV,D,20220113,000000,979.42,979.42,954.77,965.67,0,0
OND_MV,D,20220114,000000,962.91,962.91,952.57,961.92,0,0
OND_MV,D,20220117,000000,977.33,1017.5,963.69,976.78,0,0
OND_MV,D,20220118,000000,989.33,1032.91,974.03,1026.31,0,0
OND_MV,D,20220119,000000,1018.06,1023.01,989.33,1014.75,0,0
OND_MV,D,20220120,000000,1014.75,1062.08,1001.55,1062.08,0,0
OND_MV,D,20220121,000000,1065.27,1065.27,1004.3,1047.22,0,0
OND_MV,D,20220124,000000,1024.66,1067.58,976.78,981.18,0,0
OND_MV,D,20220125,000000,981.18,1004.19,981.18,993.29,0,0
OND_MV,D,20220126,000000,996.04,1021.25,990.54,1012.11,0,0
OND_MV,D,20220127,000000,1007.05,1012.11,990.54,990.54,0,0
OND_MV,D,20220128,000000,990.54,1005.84,982.84,990.54,0,0
OND_MV,D,20220131,000000,1012.55,1012.55,985.04,998.79,0,0
OND_MV,D,20220201,000000,1011.45,1037.87,985.59,1023.56,0,0
OND_MV,D,20220202,000000,1029.06,1034.56,1001.55,1020.81,0,0
OND_MV,D,20220203,000000,1020.81,1038.64,1001.55,1019.16,0,0
OND_MV,D,20220204,000000,1019.16,1059.88,996.04,1040.07,0,0
OND_MV,D,20220207,000000,1056.58,1060.43,1045.57,1058.67,0,0
OND_MV,D,20220208,000000,1051.62,1060.43,1040.07,1055.92,0,0
OND_MV,D,20220209,000000,1056.03,1100.49,1045.57,1100.38,0,0
OND_MV,D,20220210,000000,1100.6,1139.12,1100.6,1106.1,0,0
OND_MV,D,20220211,000000,1106.1,1121.51,1099.5,1111.61,0,0
OND_MV,D,20220214,000000,1084.09,1094,1015.85,1094,0,0
OND_MV,D,20220215,000000,1092.35,1116.83,1089.26,1100.6,0,0
OND_MV,D,20220216,000000,1111.61,1111.61,1089.59,1097.85,0,0
OND_MV,D,20220217,000000,1051.07,1100.05,1019.71,1069.01,0,0
OND_MV,D,20220218,000000,1056.58,1089.26,1047.99,1081.34,0,0
OND_MV,D,20220221,000000,1128.12,1128.12,1018.06,1056.58,0,0
OND_MV,D,20220222,000000,1018.06,1071.43,1018.06,1040.73,0,0
OND_MV,D,20220223,000000,1056.58,1056.58,1040.07,1056.14,0,0
OND_MV,D,20220224,000000,962.47,1011.45,885.98,990.54,0,0
OND_MV,D,20220225,000000,979.53,987.24,924.5,957.52,0,0
OND_MV,D,20220228,000000,963.03,1011.45,946.52,978.98,0,0
OND_MV,D,20220301,000000,981.74,1004.19,974.03,1003.75,0,0
OND_MV,D,20220302,000000,990.54,1003.75,946.52,990.54,0,0
OND_MV,D,20220303,000000,990.54,1018.06,970.18,1015.3,0,0
OND_MV,D,20220304,000000,1007.05,1007.05,971.06,976.45,0,0
OND_MV,D,20220307,000000,963.58,989.44,941.01,974.03,0,0
OND_MV,D,20220308,000000,989.33,989.77,968.53,989.77,0,0
OND_MV,D,20220309,000000,989.88,1023.56,989.88,1012.55,0,0
OND_MV,D,20220310,000000,1015.85,1016.95,989.44,989.99,0,0
OND_MV,D,20220311,000000,1016.95,1018.06,994.83,1018.06,0,0
OND_MV,D,20220314,000000,1031.81,1040.07,1018.06,1038.42,0,0
OND_MV,D,20220315,000000,1040.07,1040.07,1004.3,1008.15,0,0
OND_MV,D,20220316,000000,1029.06,1029.06,1012.55,1023.56,0,0
OND_MV,D,20220317,000000,1043.37,1059.33,1026.86,1050.96,0,0
OND_MV,D,20220318,000000,1050.96,1073.53,1050.96,1071.98,0,0
OND_MV,D,20220321,000000,1071.87,1073.09,1056.58,1073.09,0,0
OND_MV,D,20220322,000000,1073.09,1073.09,1056.69,1067.58,0,0
OND_MV,D,20220323,000000,1073.09,1073.09,1060.98,1073.09,0,0
OND_MV,D,20220324,000000,1073.09,1084.09,1012.55,1045.02,0,0
OND_MV,D,20220325,000000,1062.08,1067.47,1045.02,1062.19,0,0
OND_MV,D,20220328,000000,1078.59,1078.59,1040.07,1067.58,0,0
OND_MV,D,20220329,000000,1071.87,1071.87,1041.17,1042.93,0,0
OND_MV,D,20220330,000000,1045.57,1048.21,1027.96,1042.82,0,0
OND_MV,D,20220331,000000,1042.82,1053.05,1020.37,1045.57,0,0
OND_MV,D,20220401,000000,1055.48,1078.59,1040.07,1071.98,0,0
OND_MV,D,20220404,000000,1089.59,1089.59,1051.62,1067.58,0,0
OND_MV,D,20220405,000000,1067.03,1067.03,1045.02,1059.33,0,0
OND_MV,D,20220406,000000,1059.33,1059.33,1025.76,1053.16,0,0
OND_MV,D,20220407,000000,1053.16,1053.16,1023.45,1029.06,0,0
OND_MV,D,20220408,000000,1029.06,1029.06,975.13,975.13,0,0
OND_MV,D,20220411,000000,969.08,984.49,935.51,961.37,0,0
OND_MV,D,20220412,000000,961.37,963.03,909.1,948.72,0,0
OND_MV,D,20220413,000000,950.92,950.92,900.29,930.01,0,0
OND_MV,D,20220414,000000,928.91,928.91,880.48,896.99,0,0
OND_MV,D,20220419,000000,908,908,876.08,904.69,0,0
OND_MV,D,20220420,000000,896.99,903.59,896.99,901.39,0,0
OND_MV,D,20220421,000000,899.19,923.4,899.19,899.19,0,0
OND_MV,D,20220422,000000,913.5,917.9,880.48,885.98,0,0
OND_MV,D,20220425,000000,881.58,891.49,880.48,890.39,0,0
OND_MV,D,20220426,000000,902.49,913.5,902.49,908,0,0
OND_MV,D,20220427,000000,908,908,881.58,891.49,0,0
OND_MV,D,20220428,000000,892.59,892.59,874.98,874.98,0,0
OND_MV,D,20220429,000000,888.18,888.18,869.47,869.47,0,0
OND_MV,D,20220502,000000,879.38,879.38,836.46,836.46,0,0
OND_MV,D,20220504,000000,825.45,825.45,759.41,766.02,0,0
OND_MV,D,20220505,000000,770.42,770.42,704.38,704.38,0,0
OND_MV,D,20220506,000000,702.18,702.18,643.85,660.36,0,0
OND_MV,D,20220509,000000,655.96,681.27,643.85,658.16,0,0
OND_MV,D,20220510,000000,669.16,677.97,660.36,675.77,0,0
OND_MV,D,20220511,000000,663.66,663.66,643.85,654.86,0,0
OND_MV,D,20220512,000000,636.15,636.15,596.53,622.94,0,0
OND_MV,D,20220513,000000,627.34,670.27,627.34,660.36,0,0
OND_MV,D,20220516,000000,682.37,720.89,682.37,707.69,0,0
OND_MV,D,20220517,000000,723.09,723.09,687.88,708.79,0,0
OND_MV,D,20220518,000000,712.09,720.89,706.59,713.19,0,0
OND_MV,D,20220519,000000,709.89,709.89,672.47,708.79,0,0
OND_MV,D,20220520,000000,715.39,715.39,703.28,714.29,0,0
OND_MV,D,20220523,000000,721.99,733,718.69,719.79,0,0
OND_MV,D,20220524,000000,726.4,733,718.69,733,0,0
OND_MV,D,20220525,000000,724.19,733,717.59,717.59,0,0
OND_MV,D,20220526,000000,729.7,753.91,729.7,751.71,0,0
OND_MV,D,20220527,000000,739.6,739.6,679.07,679.07,0,0
OND_MV,D,20220530,000000,693.38,693.38,666.96,666.96,0,0
OND_MV,D,20220531,000000,682.37,682.37,649.35,660.36,0,0
OND_MV,D,20220601,000000,660.36,666.96,650.45,660.36,0,0
OND_MV,D,20220602,000000,666.96,668.06,650.45,650.45,0,0
OND_MV,D,20220603,000000,665.86,665.86,641.65,658.16,0,0
OND_MV,D,20220606,000000,660.36,660.36,640.55,646.05,0,0
OND_MV,D,20220607,000000,655.96,655.96,641.65,643.85,0,0
OND_MV,D,20220608,000000,649.35,649.35,638.35,638.35,0,0
OND_MV,D,20220609,000000,651.56,651.56,620.74,621.84,0,0
OND_MV,D,20220610,000000,632.85,632.85,584.42,595.42,0,0
OND_MV,D,20220613,000000,599.83,599.83,552.5,578.92,0,0
OND_MV,D,20220614,000000,577.82,586.62,561.31,573.41,0,0
OND_MV,D,20220615,000000,586.62,629.54,586.62,610.83,0,0
OND_MV,D,20220617,000000,637.25,637.25,621.84,621.84,0,0
OND_MV,D,20220620,000000,621.84,622.94,605.33,605.33,0,0
OND_MV,D,20220621,000000,619.64,619.64,605.33,613.03,0,0
OND_MV,D,20220622,000000,613.03,613.03,600.93,605.33,0,0
OND_MV,D,20220623,000000,615.24,615.24,599.83,599.83,0,0
OND_MV,D,20220624,000000,605.33,615.24,604.23,604.23,0,0
OND_MV,D,20220627,000000,605.33,609.73,596.53,605.33,0,0
OND_MV,D,20220628,000000,604.23,607.53,602.03,602.03,0,0
OND_MV,D,20220629,000000,615.24,615.24,591.02,604.23,0,0
OND_MV,D,20220630,000000,604.23,604.23,586.62,586.62,0,0
OND_MV,D,20220701,000000,600.93,600.93,588.82,594.32,0,0
OND_MV,D,20220704,000000,621.84,621.84,561.31,567.91,0,0
OND_MV,D,20220705,000000,567.91,666.96,567.91,666.96,0,0
OND_MV,D,20220706,000000,683.47,770.42,683.47,693.38,0,0
OND_MV,D,20220707,000000,720.89,720.89,704.38,706.59,0,0
OND_MV,D,20220708,000000,709.89,742.91,687.88,730.8,0,0
OND_MV,D,20220711,000000,698.88,726.4,698.88,715.39,0,0
OND_MV,D,20220712,000000,705.48,709.89,682.37,687.88,0,0
OND_MV,D,20220713,000000,688.98,688.98,654.86,654.86,0,0
OND_MV,D,20220714,000000,654.86,664.76,644.95,647.15,0,0
OND_MV,D,20220715,000000,642.75,676.87,642.75,660.36,0,0
OND_MV,D,20220718,000000,685.67,686.77,669.16,679.07,0,0
OND_MV,D,20220719,000000,685.67,686.77,676.87,682.37,0,0
OND_MV,D,20220720,000000,687.88,725.3,682.37,725.3,0,0
OND_MV,D,20220721,000000,726.4,726.4,688.98,720.89,0,0
OND_MV,D,20220722,000000,724.19,724.19,707.69,707.69,0,0
OND_MV,D,20220725,000000,709.89,731.9,707.69,720.89,0,0
OND_MV,D,20220726,000000,726.4,731.9,704.38,715.39,0,0
OND_MV,D,20220727,000000,717.59,721.99,706.59,713.19,0,0
OND_MV,D,20220728,000000,715.39,715.39,704.38,704.38,0,0
OND_MV,D,20220729,000000,708.79,708.79,682.37,701.08,0,0
OND_MV,D,20220801,000000,704.38,704.38,666.96,691.18,0,0
OND_MV,D,20220802,000000,693.38,693.38,663.66,665.86,0,0
OND_MV,D,20220803,000000,668.06,681.27,658.16,660.36,0,0
OND_MV,D,20220804,000000,658.16,669.16,650.45,655.96,0,0
OND_MV,D,20220805,000000,660.36,668.06,651.56,660.36,0,0
OND_MV,D,20220808,000000,665.86,665.86,649.35,655.96,0,0
OND_MV,D,20220809,000000,665.86,665.86,643.85,655.96,0,0
OND_MV,D,20220810,000000,657.06,657.06,642.75,650.45,0,0
OND_MV,D,20220811,000000,644.95,671.37,644.95,670.27,0,0
OND_MV,D,20220812,000000,672.47,676.87,670.27,676.87,0,0
OND_MV,D,20220816,000000,682.37,692.28,669.16,670.27,0,0
OND_MV,D,20220817,000000,682.37,682.37,653.76,661.46,0,0
OND_MV,D,20220818,000000,665.86,665.86,647.15,649.35,0,0
OND_MV,D,20220819,000000,653.76,653.76,643.85,649.35,0,0
OND_MV,D,20220822,000000,651.56,660.36,639.45,639.45,0,0
OND_MV,D,20220823,000000,643.85,647.15,638.35,647.15,0,0
OND_MV,D,20220824,000000,646.05,646.05,632.85,638.35,0,0
OND_MV,D,20220825,000000,638.35,638.35,632.85,633.95,0,0
OND_MV,D,20220826,000000,647.15,647.15,637.25,641.65,0,0
OND_MV,D,20220829,000000,648.25,648.25,627.34,642.75,0,0
OND_MV,D,20220830,000000,644.95,649.35,632.85,632.85,0,0
OND_MV,D,20220831,000000,631.74,632.85,614.13,616.34,0,0
OND_MV,D,20220901,000000,620.74,620.74,607.53,607.53,0,0
OND_MV,D,20220902,000000,608.63,620.74,602.03,611.93,0,0
OND_MV,D,20220905,000000,611.93,621.84,588.82,595.42,0,0
OND_MV,D,20220906,000000,589.92,589.92,545.9,551.4,0,0
OND_MV,D,20220907,000000,555.8,560.21,550.3,555.8,0,0
OND_MV,D,20220908,000000,561.31,561.31,550.3,555.8,0,0
OND_MV,D,20220909,000000,559.1,565.71,540.39,550.3,0,0
OND_MV,D,20220912,000000,550.3,555.8,544.8,545.9,0,0
OND_MV,D,20220913,000000,548.1,559.1,543.7,544.8,0,0
OND_MV,D,20220914,000000,544.8,552.5,544.8,547,0,0
OND_MV,D,20220915,000000,553.6,560.21,544.8,545.9,0,0
OND_MV,D,20220916,000000,558,558,541.5,541.5,0,0
OND_MV,D,20220919,000000,549.2,549.2,539.29,544.8,0,0
OND_MV,D,20220920,000000,544.8,544.8,520.58,527.74,0,0
OND_MV,D,20220921,000000,527.19,527.19,498.02,499.67,0,0
OND_MV,D,20220922,000000,500.22,500.22,478.76,478.76,0,0
OND_MV,D,20220923,000000,481.51,481.51,463.35,465,0,0
OND_MV,D,20220926,000000,467.76,467.76,454.55,454.55,0,0
OND_MV,D,20220927,000000,454.55,466.1,453.45,458.95,0,0
OND_MV,D,20220928,000000,458.95,458.95,454,454.55,0,0
OND_MV,D,20220929,000000,455.1,456.75,449.6,451.25,0,0
OND_MV,D,20220930,000000,451.8,451.8,442.44,442.44,0,0
OND_MV,D,20221003,000000,451.8,458.4,445.74,445.74,0,0
OND_MV,D,20221004,000000,451.25,456.75,451.25,454,0,0
OND_MV,D,20221005,000000,456.75,460.05,445.74,458.95,0,0
OND_MV,D,20221006,000000,459.5,471.61,458.95,458.95,0,0
OND_MV,D,20221007,000000,458.95,491.97,458.95,491.42,0,0
OND_MV,D,20221010,000000,484.26,491.42,470.51,484.26,0,0
OND_MV,D,20221011,000000,478.76,478.76,468.31,473.26,0,0
OND_MV,D,20221012,000000,473.26,473.26,443.54,444.09,0,0
OND_MV,D,20221013,000000,458.95,462.25,449.04,454,0,0
OND_MV,D,20221014,000000,465.55,478.76,451.25,478.76,0,0
OND_MV,D,20221017,000000,476.01,476.01,429.78,429.78,0,0
OND_MV,D,20221018,000000,440.24,456.75,437.49,442.44,0,0
OND_MV,D,20221019,000000,451.25,454,429.78,440.24,0,0
OND_MV,D,20221020,000000,440.24,443.54,436.94,437.49,0,0
OND_MV,D,20221021,000000,441.34,457.85,441.34,451.25,0,0
OND_MV,D,20221024,000000,451.25,457.85,445.74,446.29,0,0
OND_MV,D,20221025,000000,454,454,445.74,446.84,0,0
OND_MV,D,20221026,000000,448.49,451.25,440.24,442.99,0,0
OND_MV,D,20221027,000000,444.09,449.04,440.24,449.04,0,0
OND_MV,D,20221028,000000,450.15,451.25,440.79,444.64,0,0
OND_MV,D,20221031,000000,444.64,451.25,439.14,440.24,0,0
OND_MV,D,20221102,000000,451.25,454.55,440.24,443.54,0,0
OND_MV,D,20221103,000000,445.74,454.55,445.74,449.04,0,0
OND_MV,D,20221104,000000,458.4,466.65,454.55,466.65,0,0
OND_MV,D,20221107,000000,466.65,483.16,460.05,466.1,0,0
OND_MV,D,20221108,000000,451.25,457.3,450.15,454.55,0,0
OND_MV,D,20221109,000000,458.95,462.25,445.74,445.74,0,0
OND_MV,D,20221110,000000,444.64,462.25,444.64,456.75,0,0
OND_MV,D,20221114,000000,461.15,475.46,461.15,468.86,0,0
OND_MV,D,20221115,000000,473.26,483.71,463.35,470.51,0,0
OND_MV,D,20221116,000000,463.35,477.66,463.35,469.41,0,0
OND_MV,D,20221117,000000,477.66,477.66,463.35,466.65,0,0
OND_MV,D,20221118,000000,472.16,475.46,468.86,471.61,0,0
OND_MV,D,20221121,000000,489.22,490.87,474.36,487.02,0,0
OND_MV,D,20221122,000000,495.82,515.63,495.82,506.28,0,0
OND_MV,D,20221123,000000,520.58,520.58,512.88,515.08,0,0
OND_MV,D,20221124,000000,521.68,531.04,519.48,523.34,0,0
OND_MV,D,20221125,000000,531.04,531.04,512.88,513.43,0,0
OND_MV,D,20221128,000000,512.88,512.88,498.02,509.03,0,0
OND_MV,D,20221129,000000,513.98,513.98,503.52,507.93,0,0
OND_MV,D,20221130,000000,507.38,522.23,507.38,515.63,0,0
OND_MV,D,20221201,000000,522.79,532.14,515.63,523.89,0,0
OND_MV,D,20221202,000000,532.69,572.31,532.69,561.31,0,0
OND_MV,D,20221205,000000,575.61,588.82,571.21,572.31,0,0
OND_MV,D,20221206,000000,571.21,576.71,563.51,572.31,0,0
OND_MV,D,20221207,000000,572.31,577.82,566.81,572.31,0,0
OND_MV,D,20221208,000000,577.82,597.63,572.31,595.42,0,0
OND_MV,D,20221209,000000,598.73,640.55,595.42,625.14,0,0
OND_MV,D,20221212,000000,631.74,631.74,619.64,626.24,0,0
OND_MV,D,20221213,000000,631.74,653.76,626.24,652.66,0,0
OND_MV,D,20221214,000000,670.27,670.27,649.35,652.66,0,0
OND_MV,D,20221215,000000,652.66,652.66,616.34,626.24,0,0
OND_MV,D,20221216,000000,610.83,620.74,584.42,605.33,0,0
OND_MV,D,20221219,000000,600.93,620.74,592.12,593.22,0,0
OND_MV,D,20221220,000000,589.92,592.12,555.8,571.21,0,0
OND_MV,D,20221221,000000,565.71,572.31,559.1,566.81,0,0
OND_MV,D,20221222,000000,577.82,592.12,569.01,572.31,0,0
OND_MV,D,20221223,000000,578.92,578.92,559.1,559.1,0,0
OND_MV,D,20221227,000000,570.11,570.11,540.39,546.45,0,0
OND_MV,D,20221228,000000,544.8,550.3,542.05,545.9,0,0
OND_MV,D,20221229,000000,545.9,550.3,545.9,549.75,0,0
OND_MV,D,20221230,000000,546.45,549.75,543.7,546.45,0,0
OND_MV,D,20230102,000000,549.75,585.52,546.45,563.51,0,0
OND_MV,D,20230103,000000,566.81,581.12,566.81,572.31,0,0
OND_MV,D,20230104,000000,572.31,588.82,570.11,581.12,0,0
OND_MV,D,20230105,000000,581.12,587.72,563.51,572.31,0,0
OND_MV,D,20230109,000000,572.31,585.52,572.31,573.41,0,0
OND_MV,D,20230110,000000,575.61,584.42,572.31,577.82,0,0
OND_MV,D,20230111,000000,577.82,584.42,547.55,547.55,0,0
OND_MV,D,20230112,000000,555.8,576.71,544.8,558,0,0
OND_MV,D,20230113,000000,566.81,637.25,553.6,637.25,0,0
OND_MV,D,20230116,000000,671.37,763.82,671.37,763.82,0,0
OND_MV,D,20230117,000000,786.93,822.15,751.71,760.51,0,0
OND_MV,D,20230118,000000,760.51,781.43,715.39,775.92,0,0
OND_MV,D,20230119,000000,760.51,760.51,706.59,713.19,0,0
OND_MV,D,20230120,000000,713.19,742.91,709.89,741.8,0,0
OND_MV,D,20230123,000000,757.21,786.93,755.01,762.72,0,0
OND_MV,D,20230124,000000,770.42,832.05,749.51,815.54,0,0
OND_MV,D,20230125,000000,824.35,847.46,771.52,773.72,0,0
OND_MV,D,20230126,000000,779.22,781.43,720.89,721.99,0,0
OND_MV,D,20230127,000000,715.39,781.43,705.48,781.43,0,0
OND_MV,D,20230130,000000,788.03,816.65,749.51,816.65,0,0
OND_MV,D,20230131,000000,814.44,819.95,792.43,792.43,0,0
OND_MV,D,20230201,000000,801.24,801.24,770.42,780.33,0,0
OND_MV,D,20230202,000000,791.33,801.24,782.53,791.33,0,0
OND_MV,D,20230203,000000,778.12,807.84,775.92,795.73,0,0
OND_MV,D,20230206,000000,795.73,859.57,784.73,859.57,0,0
OND_MV,D,20230207,000000,863.97,863.97,812.24,812.24,0,0
OND_MV,D,20230208,000000,815.54,840.86,815.54,825.45,0,0
OND_MV,D,20230209,000000,847.46,847.46,782.53,802.34,0,0
OND_MV,D,20230210,000000,799.04,799.04,766.02,779.22,0,0
OND_MV,D,20230213,000000,750.61,761.62,738.5,750.61,0,0
OND_MV,D,20230214,000000,750.61,770.42,748.41,770.42,0,0
OND_MV,D,20230215,000000,760.51,775.92,760.51,771.52,0,0
OND_MV,D,20230216,000000,813.34,813.34,778.12,791.33,0,0
OND_MV,D,20230217,000000,784.73,812.24,774.82,801.24,0,0
OND_MV,D,20230220,000000,801.24,801.24,779.22,786.93,0,0
OND_MV,D,20230221,000000,786.93,786.93,759.41,766.02,0,0
OND_MV,D,20230222,000000,764.92,770.42,753.91,768.22,0,0
OND_MV,D,20230223,000000,812.24,812.24,774.82,781.43,0,0
OND_MV,D,20230224,000000,786.93,791.33,767.12,781.43,0,0
OND_MV,D,20230227,000000,772.62,800.14,772.62,792.43,0,0
OND_MV,D,20230228,000000,797.94,814.44,781.43,799.04,0,0
OND_MV,D,20230301,000000,799.04,816.65,799.04,801.24,0,0
OND_MV,D,20230302,000000,799.04,803.44,782.53,785.83,0,0
OND_MV,D,20230303,000000,785.83,821.05,778.12,821.05,0,0
OND_MV,D,20230306,000000,822.15,822.15,799.04,814.44,0,0
OND_MV,D,20230307,000000,814.44,814.44,796.83,814.44,0,0
OND_MV,D,20230308,000000,803.44,849.66,803.44,847.46,0,0
OND_MV,D,20230309,000000,849.66,849.66,826.55,835.36,0,0
OND_MV,D,20230310,000000,814.44,814.44,786.93,796.83,0,0
OND_MV,D,20230313,000000,784.73,791.33,748.41,769.32,0,0
OND_MV,D,20230314,000000,769.32,793.53,759.41,781.43,0,0
OND_MV,D,20230315,000000,783.63,791.33,734.1,737.4,0,0
OND_MV,D,20230316,000000,737.4,747.31,714.29,737.4,0,0
OND_MV,D,20230317,000000,744.01,758.31,724.19,724.19,0,0
OND_MV,D,20230320,000000,707.69,742.91,688.98,733,0,0
OND_MV,D,20230321,000000,735.2,759.41,735.2,748.41,0,0
OND_MV,D,20230322,000000,748.41,757.21,737.4,740.7,0,0
OND_MV,D,20230323,000000,742.91,746.21,715.39,731.9,0,0
OND_MV,D,20230324,000000,739.6,739.6,712.09,724.19,0,0
OND_MV,D,20230327,000000,725.3,734.1,715.39,734.1,0,0
OND_MV,D,20230328,000000,734.1,802.34,731.9,777.02,0,0
OND_MV,D,20230329,000000,795.73,795.73,777.02,789.13,0,0
OND_MV,D,20230330,000000,791.33,805.64,775.92,802.34,0,0
OND_MV,D,20230331,000000,771.52,771.52,725.3,744.01,0,0
OND_MV,D,20230403,000000,748.41,751.71,726.4,731.9,0,0
OND_MV,D,20230404,000000,731.9,736.3,697.78,708.79,0,0
OND_MV,D,20230405,000000,696.68,713.19,682.37,682.37,0,0
OND_MV,D,20230406,000000,682.37,714.29,682.37,704.38,0,0
OND_MV,D,20230411,000000,709.89,748.41,709.89,736.3,0,0
OND_MV,D,20230412,000000,736.3,741.8,727.5,734.1,0,0
OND_MV,D,20230413,000000,737.4,747.31,729.7,741.8,0,0
OND_MV,D,20230414,000000,735.2,751.71,735.2,751.71,0,0
OND_MV,D,20230417,000000,751.71,752.81,735.2,735.2,0,0
OND_MV,D,20230418,000000,736.3,769.32,726.4,751.71,0,0
OND_MV,D,20230419,000000,759.41,759.41,744.01,744.01,0,0
OND_MV,D,20230420,000000,748.41,762.72,748.41,758.31,0,0
OND_MV,D,20230421,000000,744.01,758.31,744.01,751.71,0,0
OND_MV,D,20230424,000000,748.41,764.92,739.6,757.21,0,0
OND_MV,D,20230425,000000,757.21,762.72,745.11,748.41,0,0
OND_MV,D,20230426,000000,752.81,753.91,736.3,752.81,0,0
OND_MV,D,20230427,000000,751.71,751.71,741.8,741.8,0,0
OND_MV,D,20230428,000000,742.91,742.91,726.4,726.4,0,0
OND_MV,D,20230502,000000,721.99,735.2,720.89,725.3,0,0
OND_MV,D,20230504,000000,724.19,725.3,698.88,710.99,0,0
OND_MV,D,20230505,000000,704.38,717.59,704.38,715.39,0,0
OND_MV,D,20230508,000000,717.59,737.4,715.39,729.7,0,0
OND_MV,D,20230509,000000,716.49,733,716.49,731.9,0,0
OND_MV,D,20230510,000000,697.78,701.08,680.17,693.38,0,0
OND_MV,D,20230511,000000,693.38,697.78,650.45,654.86,0,0
OND_MV,D,20230512,000000,654.86,658.16,643.85,657.06,0,0
OND_MV,D,20230515,000000,658.16,687.88,658.16,687.88,0,0
OND_MV,D,20230516,000000,687.88,692.28,671.37,671.37,0,0
OND_MV,D,20230517,000000,663.66,683.47,661.46,670.27,0,0
OND_MV,D,20230518,000000,675.77,675.77,648.25,649.35,0,0
OND_MV,D,20230519,000000,649.35,654.86,637.25,653.76,0,0
OND_MV,D,20230522,000000,657.06,663.66,644.95,644.95,0,0
OND_MV,D,20230523,000000,648.25,648.25,620.74,626.24,0,0
OND_MV,D,20230524,000000,621.84,626.24,607.53,607.53,0,0
OND_MV,D,20230525,000000,608.63,616.34,605.33,613.03,0,0
OND_MV,D,20230526,000000,613.03,627.34,613.03,627.34,0,0
OND_MV,D,20230529,000000,627.34,635.05,609.73,610.83,0,0
OND_MV,D,20230530,000000,608.63,621.84,607.53,613.03,0,0
OND_MV,D,20230531,000000,610.83,616.34,605.33,605.33,0,0
OND_MV,D,20230601,000000,605.33,621.84,605.33,620.74,0,0
OND_MV,D,20230602,000000,616.34,631.74,616.34,630.64,0,0
OND_MV,D,20230605,000000,631.74,631.74,617.44,620.74,0,0
OND_MV,D,20230606,000000,620.74,627.34,616.34,621.84,0,0
OND_MV,D,20230607,000000,621.84,625.14,616.34,618.54,0,0
OND_MV,D,20230609,000000,621.84,629.54,621.84,627.34,0,0
OND_MV,D,20230612,000000,627.34,629.54,610.83,619.64,0,0
OND_MV,D,20230613,000000,622.94,622.94,610.83,610.83,0,0
OND_MV,D,20230614,000000,610.83,618.54,610.83,615.24,0,0
OND_MV,D,20230615,000000,607.53,615.24,602.03,602.03,0,0
OND_MV,D,20230616,000000,606.43,691.18,606.43,676.87,0,0
OND_MV,D,20230619,000000,671.37,671.37,651.56,658.16,0,0
OND_MV,D,20230620,000000,649.35,692.28,649.35,665.86,0,0
OND_MV,D,20230621,000000,665.86,685.67,665.86,676.87,0,0
OND_MV,D,20230622,000000,676.87,682.37,663.66,671.37,0,0
OND_MV,D,20230623,000000,661.46,670.27,650.45,651.56,0,0
OND_MV,D,20230626,000000,649.35,654.86,639.45,639.45,0,0
OND_MV,D,20230627,000000,639.45,660.36,639.45,646.05,0,0
OND_MV,D,20230628,000000,643.85,670.27,642.75,670.27,0,0
OND_MV,D,20230629,000000,670.27,715.39,652.66,715.39,0,0
OND_MV,D,20230630,000000,715.39,742.91,682.37,742.91,0,0
OND_MV,D,20230703,000000,737.4,737.4,715.39,721.99,0,0
OND_MV,D,20230704,000000,715.39,725.3,705.48,709.89,0,0
OND_MV,D,20230705,000000,714.29,728.6,693.38,704.38,0,0
OND_MV,D,20230706,000000,709.89,741.8,709.89,724.19,0,0
OND_MV,D,20230707,000000,726.4,735.2,713.19,718.69,0,0
OND_MV,D,20230710,000000,718.69,733,713.19,713.19,0,0
OND_MV,D,20230711,000000,715.39,725.3,699.98,699.98,0,0
OND_MV,D,20230712,000000,708.79,715.39,697.78,704.38,0,0
OND_MV,D,20230713,000000,714.29,728.6,698.88,709.89,0,0
OND_MV,D,20230714,000000,704.38,713.19,698.88,699.98,0,0
OND_MV,D,20230717,000000,712.09,712.09,697.78,699.98,0,0
OND_MV,D,20230718,000000,698.88,708.79,693.38,696.68,0,0
OND_MV,D,20230719,000000,707.69,707.69,696.68,697.78,0,0
OND_MV,D,20230720,000000,704.38,705.48,676.87,676.87,0,0
OND_MV,D,20230721,000000,674.67,674.67,671.37,672.47,0,0
OND_MV,D,20230724,000000,672.47,672.47,657.06,657.06,0,0
OND_MV,D,20230725,000000,657.06,657.06,640.55,640.55,0,0
OND_MV,D,20230726,000000,638.35,643.85,632.85,635.05,0,0
OND_MV,D,20230727,000000,635.05,638.35,632.85,633.95,0,0
OND_MV,D,20230728,000000,636.15,652.66,624.04,632.85,0,0
OND_MV,D,20230731,000000,627.34,650.45,627.34,632.85,0,0
OND_MV,D,20230801,000000,635.05,642.75,632.85,632.85,0,0
OND_MV,D,20230802,000000,630.64,630.64,616.34,618.54,0,0
OND_MV,D,20230803,000000,616.34,627.34,616.34,616.34,0,0
OND_MV,D,20230804,000000,618.54,624.04,616.34,616.34,0,0
OND_MV,D,20230807,000000,618.54,622.94,616.34,622.94,0,0
OND_MV,D,20230808,000000,621.84,621.84,610.83,610.83,0,0
OND_MV,D,20230809,000000,620.74,620.74,606.43,606.43,0,0
OND_MV,D,20230810,000000,607.53,616.34,607.53,608.63,0,0
OND_MV,D,20230811,000000,615.24,626.24,610.83,626.24,0,0
OND_MV,D,20230814,000000,626.24,671.37,626.24,670.27,0,0
OND_MV,D,20230816,000000,676.87,681.27,649.35,649.35,0,0
OND_MV,D,20230817,000000,643.85,660.36,633.95,633.95,0,0
OND_MV,D,20230818,000000,633.95,648.25,606.43,608.63,0,0
OND_MV,D,20230821,000000,616.34,628.44,613.03,617.44,0,0
OND_MV,D,20230822,000000,617.44,626.24,617.44,620.74,0,0
OND_MV,D,20230823,000000,620.74,632.85,616.34,625.81,0,0
OND_MV,D,20230824,000000,625.81,626.9,605.09,610.54,0,0
OND_MV,D,20230825,000000,610.54,625.81,608.36,610.54,0,0
OND_MV,D,20230828,000000,610.54,626.9,610.54,614.9,0,0
OND_MV,D,20230829,000000,615.99,639.98,615.99,630.17,0,0
OND_MV,D,20230830,000000,634.53,654.15,631.26,643.25,0,0
OND_MV,D,20230831,000000,643.25,648.7,610.54,615.99,0,0
OND_MV,D,20230901,000000,614.9,625.81,610.54,621.45,0,0
OND_MV,D,20230904,000000,620.36,621.45,608.36,610.54,0,0
OND_MV,D,20230905,000000,623.63,631.26,612.72,618.17,0,0
OND_MV,D,20230906,000000,618.17,620.36,602.91,608.36,0,0
OND_MV,D,20230907,000000,634.53,639.98,615.99,619.26,0,0
OND_MV,D,20230908,000000,621.45,623.63,602.91,605.09,0,0
OND_MV,D,20230911,000000,607.27,609.45,568.02,569.11,0,0
OND_MV,D,20230912,000000,569.11,583.29,551.67,562.57,0,0
OND_MV,D,20230913,000000,562.57,568.02,549.49,549.49,0,0
OND_MV,D,20230914,000000,556.03,558.21,543.49,553.85,0,0
OND_MV,D,20230915,000000,554.94,573.47,553.85,563.66,0,0
OND_MV,D,20230918,000000,576.74,577.84,562.57,574.56,0,0
OND_MV,D,20230919,000000,572.38,574.56,545.13,570.2,0,0
OND_MV,D,20230920,000000,571.29,571.29,556.03,561.48,0,0
OND_MV,D,20230921,000000,561.48,566.93,550.58,559.3,0,0
OND_MV,D,20230922,000000,561.48,563.66,556.03,556.03,0,0
OND_MV,D,20230925,000000,556.03,565.84,546.22,546.22,0,0
OND_MV,D,20230926,000000,546.22,565.84,546.22,550.58,0,0
OND_MV,D,20230927,000000,550.58,563.66,550.58,556.03,0,0
OND_MV,D,20230928,000000,561.48,561.48,542.4,542.4,0,0
OND_MV,D,20230929,000000,542.4,561.48,542.4,560.39,0,0
OND_MV,D,20231002,000000,550.58,560.39,545.13,553.85,0,0
OND_MV,D,20231003,000000,551.67,553.85,542.95,545.13,0,0
OND_MV,D,20231004,000000,598.55,598.55,576.74,578.93,0,0
