<TICKER>,<PER>,<DATE>,<TIME>,<OPEN>,<HIGH>,<LOW>,<CLOSE>,<VOL>,<OPENINT>
PCO_PB,D,20210526,000000,6.68,6.68,6.68,6.68,0,0
PCO_PB,D,20210527,000000,6.68,6.68,6.53,6.53,0,0
PCO_PB,D,20210528,000000,6.62,6.63,6.5,6.62,0,0
PCO_PB,D,20210531,000000,6.62,6.62,6.49,6.52,0,0
PCO_PB,D,20210601,000000,6.52,6.55,6.49,6.55,0,0
PCO_PB,D,20210602,000000,6.55,6.57,6.48,6.53,0,0
PCO_PB,D,20210604,000000,6.53,6.56,6.5,6.53,0,0
PCO_PB,D,20210607,000000,6.53,6.58,6.53,6.56,0,0
PCO_PB,D,20210608,000000,6.58,6.6,6.56,6.56,0,0
PCO_PB,D,20210609,000000,6.56,6.6,6.55,6.57,0,0
PCO_PB,D,20210610,000000,6.58,6.58,6.5,6.5,0,0
PCO_PB,D,20210611,000000,6.49,6.52,6.47,6.5,0,0
PCO_PB,D,20210614,000000,6.49,6.52,6.35,6.4,0,0
PCO_PB,D,20210615,000000,6.42,6.42,6.3,6.3,0,0
PCO_PB,D,20210616,000000,6.33,6.4,6.24,6.4,0,0
PCO_PB,D,20210617,000000,6.37,6.45,6.27,6.44,0,0
PCO_PB,D,20210618,000000,6.43,6.47,6.36,6.44,0,0
PCO_PB,D,20210621,000000,6.44,6.49,6.41,6.46,0,0
PCO_PB,D,20210622,000000,6.45,6.7,6.45,6.69,0,0
PCO_PB,D,20210623,000000,6.7,6.92,6.67,6.92,0,0
PCO_PB,D,20210624,000000,6.92,7.55,6.86,6.96,0,0
PCO_PB,D,20210625,000000,6.84,7.18,6.84,7.13,0,0
PCO_PB,D,20210628,000000,7.14,7.32,7.14,7.24,0,0
PCO_PB,D,20210629,000000,7.24,7.32,7.17,7.19,0,0
PCO_PB,D,20210630,000000,7.14,7.18,6.9,6.9,0,0
PCO_PB,D,20210701,000000,6.9,7.1,6.87,7.08,0,0
PCO_PB,D,20210702,000000,7.11,7.27,7.07,7.22,0,0
PCO_PB,D,20210705,000000,7.28,7.42,7.22,7.32,0,0
PCO_PB,D,20210706,000000,7.34,7.46,7.28,7.29,0,0
PCO_PB,D,20210707,000000,7.3,7.46,7.3,7.39,0,0
PCO_PB,D,20210708,000000,7.43,7.43,7.26,7.28,0,0
PCO_PB,D,20210709,000000,7.31,7.31,7.21,7.25,0,0
PCO_PB,D,20210712,000000,7.27,7.32,7.24,7.29,0,0
PCO_PB,D,20210713,000000,7.29,7.43,7.29,7.4,0,0
PCO_PB,D,20210714,000000,7.42,7.5,7.21,7.21,0,0
PCO_PB,D,20210715,000000,7.34,7.34,7.17,7.23,0,0
PCO_PB,D,20210716,000000,7.23,7.41,7.23,7.34,0,0
PCO_PB,D,20210719,000000,7.34,7.35,7.05,7.35,0,0
PCO_PB,D,20210720,000000,7.29,7.41,7.27,7.34,0,0
PCO_PB,D,20210721,000000,7.34,7.47,7.34,7.44,0,0
PCO_PB,D,20210722,000000,7.4,7.59,7.4,7.58,0,0
PCO_PB,D,20210723,000000,7.64,7.64,7.52,7.55,0,0
PCO_PB,D,20210726,000000,7.57,7.65,7.48,7.52,0,0
PCO_PB,D,20210727,000000,7.55,7.65,7.52,7.58,0,0
PCO_PB,D,20210728,000000,7.61,7.65,7.53,7.54,0,0
PCO_PB,D,20210729,000000,7.62,7.62,7.39,7.5,0,0
PCO_PB,D,20210730,000000,7.5,7.58,7.36,7.44,0,0
PCO_PB,D,20210802,000000,7.51,7.74,7.46,7.65,0,0
PCO_PB,D,20210803,000000,7.67,7.73,7.57,7.63,0,0
PCO_PB,D,20210804,000000,7.63,7.78,7.62,7.78,0,0
PCO_PB,D,20210805,000000,7.78,7.83,7.65,7.82,0,0
PCO_PB,D,20210806,000000,7.87,7.87,7.75,7.8,0,0
PCO_PB,D,20210809,000000,7.8,7.85,7.64,7.65,0,0
PCO_PB,D,20210810,000000,7.66,7.76,7.66,7.67,0,0
PCO_PB,D,20210811,000000,7.69,7.78,7.64,7.64,0,0
PCO_PB,D,20210812,000000,7.63,7.76,7.62,7.62,0,0
PCO_PB,D,20210813,000000,7.64,7.95,7.64,7.81,0,0
PCO_PB,D,20210816,000000,7.97,7.97,7.66,7.8,0,0
PCO_PB,D,20210817,000000,7.8,7.94,7.75,7.79,0,0
PCO_PB,D,20210818,000000,7.8,7.85,7.73,7.85,0,0
PCO_PB,D,20210819,000000,7.85,7.94,7.63,7.73,0,0
PCO_PB,D,20210820,000000,7.73,7.83,7.59,7.7,0,0
PCO_PB,D,20210823,000000,7.72,7.76,7.63,7.67,0,0
PCO_PB,D,20210824,000000,7.66,7.71,7.63,7.7,0,0
PCO_PB,D,20210825,000000,7.68,7.7,7.65,7.7,0,0
PCO_PB,D,20210826,000000,7.66,7.72,7.5,7.65,0,0
PCO_PB,D,20210827,000000,7.63,7.66,7.53,7.53,0,0
PCO_PB,D,20210830,000000,7.53,7.66,7.5,7.66,0,0
PCO_PB,D,20210831,000000,7.68,7.68,7.41,7.54,0,0
PCO_PB,D,20210901,000000,7.54,7.54,7.34,7.42,0,0
PCO_PB,D,20210902,000000,7.41,7.41,7.14,7.34,0,0
PCO_PB,D,20210903,000000,7.34,7.34,7.27,7.27,0,0
PCO_PB,D,20210906,000000,7.29,7.36,7.28,7.33,0,0
PCO_PB,D,20210907,000000,7.33,7.49,7.32,7.38,0,0
PCO_PB,D,20210908,000000,7.39,7.39,7.07,7.21,0,0
PCO_PB,D,20210909,000000,7.18,7.2,7.06,7.13,0,0
PCO_PB,D,20210910,000000,7.17,7.23,7.04,7.04,0,0
PCO_PB,D,20210913,000000,7.06,7.11,6.99,7.02,0,0
PCO_PB,D,20210914,000000,7.02,7.07,6.96,6.98,0,0
PCO_PB,D,20210915,000000,6.98,7.04,6.78,6.99,0,0
PCO_PB,D,20210916,000000,6.98,7.03,6.7,6.7,0,0
PCO_PB,D,20210917,000000,6.7,6.76,6.64,6.65,0,0
PCO_PB,D,20210920,000000,6.63,6.65,6.5,6.58,0,0
PCO_PB,D,20210921,000000,6.61,6.9,6.61,6.79,0,0
PCO_PB,D,20210922,000000,6.94,6.94,6.83,6.88,0,0
PCO_PB,D,20210923,000000,6.94,7.24,6.86,7.24,0,0
PCO_PB,D,20210924,000000,7.25,7.25,6.93,7.07,0,0
PCO_PB,D,20210927,000000,7.07,7.11,6.88,7.09,0,0
PCO_PB,D,20210928,000000,7.02,7.14,6.93,6.95,0,0
PCO_PB,D,20210929,000000,6.89,7.03,6.89,6.92,0,0
PCO_PB,D,20210930,000000,6.99,7.01,6.92,7,0,0
PCO_PB,D,20211001,000000,6.99,7.32,6.9,7.32,0,0
PCO_PB,D,20211004,000000,7.32,7.32,7.01,7.08,0,0
PCO_PB,D,20211005,000000,7.08,7.17,7.03,7.12,0,0
PCO_PB,D,20211006,000000,7.12,7.21,6.88,6.88,0,0
PCO_PB,D,20211007,000000,6.88,6.9,6.61,6.76,0,0
PCO_PB,D,20211008,000000,6.74,6.8,6.54,6.54,0,0
PCO_PB,D,20211011,000000,6.57,6.7,6.57,6.61,0,0
PCO_PB,D,20211012,000000,6.57,6.63,6.54,6.63,0,0
PCO_PB,D,20211013,000000,6.61,6.8,6.61,6.68,0,0
PCO_PB,D,20211014,000000,6.83,6.85,6.68,6.74,0,0
PCO_PB,D,20211015,000000,6.81,6.82,6.58,6.61,0,0
PCO_PB,D,20211018,000000,6.67,6.67,6.47,6.56,0,0
PCO_PB,D,20211019,000000,6.54,6.58,6.4,6.4,0,0
PCO_PB,D,20211020,000000,6.3,6.6,6.3,6.52,0,0
PCO_PB,D,20211021,000000,6.44,6.64,6.44,6.54,0,0
PCO_PB,D,20211022,000000,6.55,6.61,6.4,6.4,0,0
PCO_PB,D,20211025,000000,6.49,6.66,6.44,6.66,0,0
PCO_PB,D,20211026,000000,6.65,6.65,6.47,6.49,0,0
PCO_PB,D,20211027,000000,6.48,6.53,6.41,6.5,0,0
PCO_PB,D,20211028,000000,6.53,6.54,6.45,6.47,0,0
PCO_PB,D,20211029,000000,6.5,6.61,6.41,6.5,0,0
PCO_PB,D,20211102,000000,6.54,6.71,6.44,6.63,0,0
PCO_PB,D,20211103,000000,6.7,6.7,6.55,6.57,0,0
PCO_PB,D,20211104,000000,6.64,6.66,6.54,6.57,0,0
PCO_PB,D,20211105,000000,6.64,6.67,6.52,6.53,0,0
PCO_PB,D,20211108,000000,6.56,6.59,6.53,6.59,0,0
PCO_PB,D,20211109,000000,6.58,6.71,6.58,6.63,0,0
PCO_PB,D,20211110,000000,6.63,6.65,6.58,6.58,0,0
PCO_PB,D,20211112,000000,6.6,6.6,6.51,6.52,0,0
PCO_PB,D,20211115,000000,6.49,6.61,6.44,6.52,0,0
PCO_PB,D,20211116,000000,6.58,6.58,6.35,6.45,0,0
PCO_PB,D,20211117,000000,6.49,6.59,6.37,6.55,0,0
PCO_PB,D,20211118,000000,6.55,6.55,6.44,6.52,0,0
PCO_PB,D,20211119,000000,6.54,6.58,6.39,6.5,0,0
PCO_PB,D,20211122,000000,6.58,6.59,6.43,6.44,0,0
PCO_PB,D,20211123,000000,6.44,6.44,6.34,6.41,0,0
PCO_PB,D,20211124,000000,6.36,6.49,6.26,6.43,0,0
PCO_PB,D,20211125,000000,6.41,6.5,6.33,6.42,0,0
PCO_PB,D,20211126,000000,6.29,6.29,6.2,6.21,0,0
PCO_PB,D,20211129,000000,6.22,6.28,6.15,6.28,0,0
PCO_PB,D,20211130,000000,6.21,6.34,5.93,6.27,0,0
PCO_PB,D,20211201,000000,6.18,6.46,6.18,6.36,0,0
PCO_PB,D,20211202,000000,6.36,6.5,6.35,6.49,0,0
PCO_PB,D,20211203,000000,6.6,6.65,6.44,6.48,0,0
PCO_PB,D,20211206,000000,6.51,6.58,6.42,6.53,0,0
PCO_PB,D,20211207,000000,6.53,6.7,6.53,6.62,0,0
PCO_PB,D,20211208,000000,6.63,6.91,6.63,6.74,0,0
PCO_PB,D,20211209,000000,6.79,6.98,6.69,6.69,0,0
PCO_PB,D,20211210,000000,6.74,6.84,6.71,6.77,0,0
PCO_PB,D,20211213,000000,6.81,6.98,6.74,6.75,0,0
PCO_PB,D,20211214,000000,6.98,6.98,6.44,6.44,0,0
PCO_PB,D,20211215,000000,6.53,6.74,5.95,5.95,0,0
PCO_PB,D,20211216,000000,5.95,6,5.8,5.86,0,0
PCO_PB,D,20211217,000000,5.86,6.07,5.72,5.72,0,0
PCO_PB,D,20211220,000000,5.76,5.76,5.68,5.71,0,0
PCO_PB,D,20211221,000000,5.78,5.83,5.61,5.64,0,0
PCO_PB,D,20211222,000000,5.64,5.69,5.43,5.53,0,0
PCO_PB,D,20211223,000000,5.62,5.67,5.57,5.63,0,0
PCO_PB,D,20211227,000000,5.69,5.69,5.4,5.49,0,0
PCO_PB,D,20211228,000000,5.49,5.6,5.44,5.6,0,0
PCO_PB,D,20211229,000000,5.59,5.66,5.59,5.65,0,0
PCO_PB,D,20211230,000000,5.68,5.82,5.64,5.78,0,0
PCO_PB,D,20220103,000000,5.8,5.8,5.59,5.6,0,0
PCO_PB,D,20220104,000000,5.7,5.78,5.66,5.78,0,0
PCO_PB,D,20220105,000000,5.77,5.77,5.55,5.72,0,0
PCO_PB,D,20220107,000000,5.65,5.7,5.63,5.7,0,0
PCO_PB,D,20220110,000000,5.7,5.7,5.58,5.63,0,0
PCO_PB,D,20220111,000000,5.64,5.71,5.56,5.61,0,0
PCO_PB,D,20220112,000000,5.63,5.63,5.47,5.57,0,0
PCO_PB,D,20220113,000000,5.66,5.66,5.31,5.32,0,0
PCO_PB,D,20220114,000000,5.33,5.43,5.29,5.39,0,0
PCO_PB,D,20220117,000000,5.4,5.41,5.33,5.4,0,0
PCO_PB,D,20220118,000000,5.43,5.43,5.22,5.22,0,0
PCO_PB,D,20220119,000000,5.27,5.27,5.09,5.09,0,0
PCO_PB,D,20220120,000000,5.1,5.2,5.07,5.19,0,0
PCO_PB,D,20220121,000000,5.19,5.19,5.06,5.06,0,0
PCO_PB,D,20220124,000000,5.08,5.08,4.79,4.9,0,0
PCO_PB,D,20220125,000000,4.88,5.01,4.85,4.89,0,0
PCO_PB,D,20220126,000000,4.83,5.11,4.78,5.06,0,0
PCO_PB,D,20220127,000000,4.98,5.06,4.9,5.06,0,0
PCO_PB,D,20220128,000000,5.06,5.06,4.93,4.95,0,0
PCO_PB,D,20220131,000000,4.98,5,4.87,4.87,0,0
PCO_PB,D,20220201,000000,4.9,4.96,4.87,4.92,0,0
PCO_PB,D,20220202,000000,4.93,5.05,4.93,5.05,0,0
PCO_PB,D,20220203,000000,5.05,5.26,5.05,5.24,0,0
PCO_PB,D,20220204,000000,5.22,5.29,5.16,5.29,0,0
PCO_PB,D,20220207,000000,5.35,5.35,5.03,5.08,0,0
PCO_PB,D,20220208,000000,5.14,5.16,5.05,5.16,0,0
PCO_PB,D,20220209,000000,5.22,5.23,5.12,5.17,0,0
PCO_PB,D,20220210,000000,5.22,5.22,5.01,5.07,0,0
PCO_PB,D,20220211,000000,5.07,5.12,5.02,5.05,0,0
PCO_PB,D,20220214,000000,4.99,5.02,4.87,4.92,0,0
PCO_PB,D,20220215,000000,4.9,5.11,4.9,5.11,0,0
PCO_PB,D,20220216,000000,5.13,5.14,5.06,5.14,0,0
PCO_PB,D,20220217,000000,5.15,5.15,5.04,5.1,0,0
PCO_PB,D,20220218,000000,5.06,5.11,5.06,5.09,0,0
PCO_PB,D,20220221,000000,4.98,5.08,4.96,5.05,0,0
PCO_PB,D,20220222,000000,4.93,4.99,4.91,4.94,0,0
PCO_PB,D,20220223,000000,4.9,5.01,4.9,5.01,0,0
PCO_PB,D,20220224,000000,4.88,4.88,4.6,4.72,0,0
PCO_PB,D,20220225,000000,4.72,4.97,4.72,4.9,0,0
PCO_PB,D,20220228,000000,4.88,5.09,4.84,5.05,0,0
PCO_PB,D,20220301,000000,5.02,5.19,5,5.02,0,0
PCO_PB,D,20220302,000000,5,5.09,4.89,4.89,0,0
PCO_PB,D,20220303,000000,4.91,5.28,4.9,5.12,0,0
PCO_PB,D,20220304,000000,5.29,5.29,4.81,4.81,0,0
PCO_PB,D,20220307,000000,4.84,4.86,4.57,4.73,0,0
PCO_PB,D,20220308,000000,4.59,4.72,4.51,4.7,0,0
PCO_PB,D,20220309,000000,4.6,4.95,4.59,4.95,0,0
PCO_PB,D,20220310,000000,5,5.02,4.86,4.9,0,0
PCO_PB,D,20220311,000000,4.99,4.99,4.81,4.87,0,0
PCO_PB,D,20220314,000000,4.94,5.07,4.83,5.07,0,0
PCO_PB,D,20220315,000000,5.08,5.11,4.99,5.08,0,0
PCO_PB,D,20220316,000000,5.18,5.18,4.99,5.14,0,0
PCO_PB,D,20220317,000000,5.2,5.4,5.11,5.39,0,0
PCO_PB,D,20220318,000000,5.43,5.64,5.35,5.53,0,0
PCO_PB,D,20220321,000000,5.6,5.72,5.49,5.71,0,0
PCO_PB,D,20220322,000000,5.69,5.71,5.52,5.59,0,0
PCO_PB,D,20220323,000000,5.57,5.65,5.53,5.58,0,0
PCO_PB,D,20220324,000000,5.51,5.7,5.51,5.56,0,0
PCO_PB,D,20220325,000000,5.48,5.62,5.47,5.6,0,0
PCO_PB,D,20220328,000000,5.55,5.61,5.44,5.61,0,0
PCO_PB,D,20220329,000000,5.64,5.64,5.53,5.53,0,0
PCO_PB,D,20220330,000000,5.57,5.64,5.47,5.64,0,0
PCO_PB,D,20220331,000000,5.61,5.62,5.4,5.49,0,0
PCO_PB,D,20220401,000000,5.54,5.69,5.44,5.62,0,0
PCO_PB,D,20220404,000000,5.74,5.76,5.62,5.67,0,0
PCO_PB,D,20220405,000000,5.72,5.72,5.57,5.63,0,0
PCO_PB,D,20220406,000000,5.67,5.67,5.46,5.55,0,0
PCO_PB,D,20220407,000000,5.61,5.61,5.5,5.53,0,0
PCO_PB,D,20220408,000000,5.64,5.64,5.5,5.6,0,0
PCO_PB,D,20220411,000000,5.56,5.64,5.5,5.61,0,0
PCO_PB,D,20220412,000000,5.64,5.64,5.51,5.51,0,0
PCO_PB,D,20220413,000000,5.5,5.56,5.45,5.53,0,0
PCO_PB,D,20220414,000000,5.51,5.56,5.5,5.53,0,0
PCO_PB,D,20220419,000000,5.55,5.55,5.39,5.46,0,0
PCO_PB,D,20220420,000000,5.42,5.46,5.33,5.37,0,0
PCO_PB,D,20220421,000000,5.51,5.51,5.25,5.31,0,0
PCO_PB,D,20220422,000000,5.2,5.28,5.1,5.1,0,0
PCO_PB,D,20220425,000000,4.98,5.21,4.98,5.2,0,0
PCO_PB,D,20220426,000000,5.26,5.26,4.99,5.18,0,0
PCO_PB,D,20220427,000000,5.14,5.18,5.05,5.07,0,0
PCO_PB,D,20220428,000000,5.19,5.19,5,5.02,0,0
PCO_PB,D,20220429,000000,5.07,5.12,5.02,5.12,0,0
PCO_PB,D,20220502,000000,5.21,5.21,4.88,4.99,0,0
PCO_PB,D,20220504,000000,4.89,5.15,4.89,5.06,0,0
PCO_PB,D,20220505,000000,4.96,5.17,4.96,5.09,0,0
PCO_PB,D,20220506,000000,4.97,4.99,4.91,4.91,0,0
PCO_PB,D,20220509,000000,4.86,4.89,4.75,4.75,0,0
PCO_PB,D,20220510,000000,4.81,5.04,4.75,4.88,0,0
PCO_PB,D,20220511,000000,4.85,5.07,4.85,4.95,0,0
PCO_PB,D,20220512,000000,4.85,5,4.77,4.92,0,0
PCO_PB,D,20220513,000000,4.92,5.04,4.91,4.98,0,0
PCO_PB,D,20220516,000000,4.94,5.15,4.94,5.12,0,0
PCO_PB,D,20220517,000000,5.17,5.17,5.07,5.13,0,0
PCO_PB,D,20220518,000000,5.09,5.15,4.93,4.97,0,0
PCO_PB,D,20220519,000000,4.87,4.91,4.86,4.87,0,0
PCO_PB,D,20220520,000000,4.87,5.06,4.87,4.92,0,0
PCO_PB,D,20220523,000000,5,5.1,4.98,5.04,0,0
PCO_PB,D,20220524,000000,5.01,5.08,4.91,4.92,0,0
PCO_PB,D,20220525,000000,5.02,5.02,4.78,4.96,0,0
PCO_PB,D,20220526,000000,5.03,5.07,4.93,4.97,0,0
PCO_PB,D,20220527,000000,4.97,5.02,4.92,4.98,0,0
PCO_PB,D,20220530,000000,5.06,5.06,4.88,4.93,0,0
PCO_PB,D,20220531,000000,4.93,4.98,4.81,4.82,0,0
PCO_PB,D,20220601,000000,4.83,4.93,4.82,4.85,0,0
PCO_PB,D,20220602,000000,4.92,4.92,4.75,4.91,0,0
PCO_PB,D,20220603,000000,4.95,4.95,4.79,4.85,0,0
PCO_PB,D,20220606,000000,4.85,5.05,4.82,4.98,0,0
PCO_PB,D,20220607,000000,4.98,5.01,4.92,4.99,0,0
PCO_PB,D,20220608,000000,4.95,4.95,4.78,4.83,0,0
PCO_PB,D,20220609,000000,4.85,4.89,4.62,4.75,0,0
PCO_PB,D,20220610,000000,4.66,4.67,4.19,4.19,0,0
PCO_PB,D,20220613,000000,4.1,4.2,4.09,4.14,0,0
PCO_PB,D,20220614,000000,4.22,4.25,4.06,4.22,0,0
PCO_PB,D,20220615,000000,4.28,4.28,4.02,4.08,0,0
PCO_PB,D,20220617,000000,4.08,4.14,4.01,4.08,0,0
PCO_PB,D,20220620,000000,4.16,4.17,4.06,4.09,0,0
PCO_PB,D,20220621,000000,4.16,4.17,4.08,4.13,0,0
PCO_PB,D,20220622,000000,4.05,4.16,4.01,4.11,0,0
PCO_PB,D,20220623,000000,4.06,4.3,4.06,4.13,0,0
PCO_PB,D,20220624,000000,4.17,4.2,4.1,4.12,0,0
PCO_PB,D,20220627,000000,4.1,4.29,4.1,4.29,0,0
PCO_PB,D,20220628,000000,4.29,4.37,4.19,4.19,0,0
PCO_PB,D,20220629,000000,4.18,4.18,4.06,4.13,0,0
PCO_PB,D,20220630,000000,4.1,4.1,3.93,3.96,0,0
PCO_PB,D,20220701,000000,3.97,4.02,3.92,3.92,0,0
PCO_PB,D,20220704,000000,3.99,4.02,3.93,3.98,0,0
PCO_PB,D,20220705,000000,4.06,4.06,3.89,3.89,0,0
PCO_PB,D,20220706,000000,3.96,4.01,3.84,3.84,0,0
PCO_PB,D,20220707,000000,3.9,3.94,3.85,3.89,0,0
PCO_PB,D,20220708,000000,3.86,3.89,3.84,3.87,0,0
PCO_PB,D,20220711,000000,3.89,3.93,3.75,3.78,0,0
PCO_PB,D,20220712,000000,3.78,3.87,3.76,3.76,0,0
PCO_PB,D,20220713,000000,3.76,3.87,3.76,3.77,0,0
PCO_PB,D,20220714,000000,3.85,3.85,3.65,3.72,0,0
PCO_PB,D,20220715,000000,3.73,3.76,3.66,3.71,0,0
PCO_PB,D,20220718,000000,3.74,3.87,3.73,3.87,0,0
PCO_PB,D,20220719,000000,3.87,3.87,3.78,3.86,0,0
PCO_PB,D,20220720,000000,3.9,3.9,3.84,3.86,0,0
PCO_PB,D,20220721,000000,3.86,3.88,3.79,3.79,0,0
PCO_PB,D,20220722,000000,3.87,3.87,3.73,3.82,0,0
PCO_PB,D,20220725,000000,3.8,3.83,3.77,3.83,0,0
PCO_PB,D,20220726,000000,3.84,3.84,3.68,3.72,0,0
PCO_PB,D,20220727,000000,3.68,3.74,3.63,3.68,0,0
PCO_PB,D,20220728,000000,3.61,3.75,3.6,3.73,0,0
PCO_PB,D,20220729,000000,3.73,3.81,3.73,3.81,0,0
PCO_PB,D,20220801,000000,3.82,4.15,3.82,4.1,0,0
PCO_PB,D,20220802,000000,3.99,4.12,3.99,4.12,0,0
PCO_PB,D,20220803,000000,4.08,4.12,3.94,3.99,0,0
PCO_PB,D,20220804,000000,4.07,4.07,3.94,3.96,0,0
PCO_PB,D,20220805,000000,3.91,4.01,3.89,3.98,0,0
PCO_PB,D,20220808,000000,3.99,4.07,3.9,4.07,0,0
PCO_PB,D,20220809,000000,4.1,4.1,4,4.1,0,0
PCO_PB,D,20220810,000000,4.13,4.21,4.1,4.13,0,0
PCO_PB,D,20220811,000000,4.21,4.21,4.1,4.18,0,0
PCO_PB,D,20220812,000000,4.19,4.31,4.18,4.26,0,0
PCO_PB,D,20220816,000000,4.34,4.38,4.23,4.3,0,0
PCO_PB,D,20220817,000000,4.31,4.37,4.22,4.32,0,0
PCO_PB,D,20220818,000000,4.32,4.36,4.27,4.3,0,0
PCO_PB,D,20220819,000000,4.25,4.38,4.24,4.27,0,0
PCO_PB,D,20220822,000000,4.27,4.27,4.01,4.11,0,0
PCO_PB,D,20220823,000000,4.03,4.24,4.03,4.21,0,0
PCO_PB,D,20220824,000000,4.16,4.23,4.15,4.2,0,0
PCO_PB,D,20220825,000000,4.2,4.36,4.2,4.29,0,0
PCO_PB,D,20220826,000000,4.26,4.34,4.21,4.27,0,0
PCO_PB,D,20220829,000000,4.18,4.18,4.08,4.1,0,0
PCO_PB,D,20220830,000000,4.14,4.18,3.98,4.02,0,0
PCO_PB,D,20220831,000000,4.1,4.1,3.94,3.99,0,0
PCO_PB,D,20220901,000000,3.92,4.01,3.92,3.97,0,0
PCO_PB,D,20220902,000000,3.98,3.99,3.9,3.95,0,0
PCO_PB,D,20220905,000000,3.86,3.9,3.84,3.87,0,0
PCO_PB,D,20220906,000000,3.83,3.93,3.83,3.89,0,0
PCO_PB,D,20220907,000000,3.8,4.03,3.8,4.01,0,0
PCO_PB,D,20220908,000000,3.99,4.01,3.87,3.94,0,0
PCO_PB,D,20220909,000000,3.97,4.08,3.9,4.08,0,0
PCO_PB,D,20220912,000000,4,4.09,3.97,4.03,0,0
PCO_PB,D,20220913,000000,4.1,4.1,3.87,3.88,0,0
PCO_PB,D,20220914,000000,3.95,4.03,3.94,3.98,0,0
PCO_PB,D,20220915,000000,3.99,4.04,3.89,4.02,0,0
PCO_PB,D,20220916,000000,3.94,4.06,3.82,3.89,0,0
PCO_PB,D,20220919,000000,3.82,3.98,3.82,3.94,0,0
PCO_PB,D,20220920,000000,3.93,3.99,3.89,3.96,0,0
PCO_PB,D,20220921,000000,3.93,4.01,3.9,3.99,0,0
PCO_PB,D,20220922,000000,3.91,3.96,3.86,3.87,0,0
PCO_PB,D,20220923,000000,3.86,3.86,3.71,3.78,0,0
PCO_PB,D,20220926,000000,3.72,3.82,3.68,3.77,0,0
PCO_PB,D,20220927,000000,3.84,3.86,3.74,3.77,0,0
PCO_PB,D,20220928,000000,3.7,3.7,3.58,3.59,0,0
PCO_PB,D,20220929,000000,3.59,3.59,3.44,3.44,0,0
PCO_PB,D,20220930,000000,3.47,3.47,3.27,3.36,0,0
PCO_PB,D,20221003,000000,3.31,3.34,3.2,3.31,0,0
PCO_PB,D,20221004,000000,3.31,3.45,3.31,3.38,0,0
PCO_PB,D,20221005,000000,3.34,3.49,3.34,3.45,0,0
PCO_PB,D,20221006,000000,3.48,3.51,3.31,3.31,0,0
PCO_PB,D,20221007,000000,3.3,3.31,3.21,3.23,0,0
PCO_PB,D,20221010,000000,3.17,3.27,3.17,3.22,0,0
PCO_PB,D,20221011,000000,3.23,3.28,3.18,3.26,0,0
PCO_PB,D,20221012,000000,3.26,3.4,3.26,3.37,0,0
PCO_PB,D,20221013,000000,3.45,3.45,3.31,3.34,0,0
PCO_PB,D,20221014,000000,3.49,3.49,3.35,3.42,0,0
PCO_PB,D,20221017,000000,3.42,3.51,3.37,3.49,0,0
PCO_PB,D,20221018,000000,3.53,3.66,3.53,3.61,0,0
PCO_PB,D,20221019,000000,3.68,3.68,3.43,3.47,0,0
PCO_PB,D,20221020,000000,3.45,3.52,3.42,3.52,0,0
PCO_PB,D,20221021,000000,3.45,3.52,3.39,3.41,0,0
PCO_PB,D,20221024,000000,3.44,3.57,3.43,3.53,0,0
PCO_PB,D,20221025,000000,3.65,3.65,3.46,3.47,0,0
PCO_PB,D,20221026,000000,3.54,3.64,3.5,3.63,0,0
PCO_PB,D,20221027,000000,3.61,3.65,3.54,3.59,0,0
PCO_PB,D,20221028,000000,3.61,3.73,3.58,3.71,0,0
PCO_PB,D,20221031,000000,3.71,3.82,3.69,3.8,0,0
PCO_PB,D,20221102,000000,3.86,4.11,3.86,4.11,0,0
PCO_PB,D,20221103,000000,4.08,4.08,3.89,3.89,0,0
PCO_PB,D,20221104,000000,3.97,3.97,3.9,3.92,0,0
PCO_PB,D,20221107,000000,3.92,4.03,3.89,3.96,0,0
PCO_PB,D,20221108,000000,3.96,4,3.91,3.93,0,0
PCO_PB,D,20221109,000000,3.93,3.95,3.88,3.89,0,0
PCO_PB,D,20221110,000000,3.89,3.97,3.85,3.95,0,0
PCO_PB,D,20221114,000000,4.29,4.67,4.29,4.44,0,0
PCO_PB,D,20221115,000000,4.55,4.69,4.42,4.54,0,0
PCO_PB,D,20221116,000000,4.53,4.56,4.45,4.48,0,0
PCO_PB,D,20221117,000000,4.57,4.57,4.4,4.41,0,0
PCO_PB,D,20221118,000000,4.41,4.53,4.41,4.48,0,0
PCO_PB,D,20221121,000000,4.64,4.8,4.51,4.53,0,0
PCO_PB,D,20221122,000000,4.56,4.56,4.41,4.5,0,0
PCO_PB,D,20221123,000000,4.53,4.57,4.48,4.53,0,0
PCO_PB,D,20221124,000000,4.57,4.57,4.5,4.54,0,0
PCO_PB,D,20221125,000000,4.64,4.72,4.55,4.61,0,0
PCO_PB,D,20221128,000000,4.64,4.64,4.41,4.43,0,0
PCO_PB,D,20221129,000000,4.42,4.49,4.32,4.47,0,0
PCO_PB,D,20221130,000000,4.55,4.72,4.53,4.69,0,0
PCO_PB,D,20221201,000000,4.6,4.61,4.44,4.46,0,0
PCO_PB,D,20221202,000000,4.54,4.54,4.26,4.3,0,0
PCO_PB,D,20221205,000000,4.35,4.42,4.3,4.38,0,0
PCO_PB,D,20221206,000000,4.43,4.49,4.37,4.46,0,0
PCO_PB,D,20221207,000000,4.48,4.55,4.41,4.42,0,0
PCO_PB,D,20221208,000000,4.46,4.5,4.42,4.47,0,0
PCO_PB,D,20221209,000000,4.49,4.54,4.42,4.54,0,0
PCO_PB,D,20221212,000000,4.54,4.54,4.45,4.46,0,0
PCO_PB,D,20221213,000000,4.53,4.54,4.42,4.44,0,0
PCO_PB,D,20221214,000000,4.51,4.58,4.47,4.49,0,0
PCO_PB,D,20221215,000000,4.53,4.53,4.31,4.34,0,0
PCO_PB,D,20221216,000000,4.39,4.39,4.09,4.09,0,0
PCO_PB,D,20221219,000000,4.09,4.17,4.09,4.15,0,0
PCO_PB,D,20221220,000000,4.12,4.23,4.09,4.23,0,0
PCO_PB,D,20221221,000000,4.23,4.3,4.2,4.3,0,0
PCO_PB,D,20221222,000000,4.32,4.36,4.29,4.33,0,0
PCO_PB,D,20221223,000000,4.35,4.36,4.27,4.3,0,0
PCO_PB,D,20221227,000000,4.34,4.37,4.29,4.34,0,0
PCO_PB,D,20221228,000000,4.34,4.43,4.31,4.31,0,0
PCO_PB,D,20221229,000000,4.31,4.36,4.26,4.28,0,0
PCO_PB,D,20221230,000000,4.3,4.3,4.19,4.23,0,0
PCO_PB,D,20230102,000000,4.28,4.32,4.23,4.32,0,0
PCO_PB,D,20230103,000000,4.34,4.38,4.3,4.3,0,0
PCO_PB,D,20230104,000000,4.36,4.36,4.29,4.32,0,0
PCO_PB,D,20230105,000000,4.35,4.47,4.35,4.42,0,0
PCO_PB,D,20230109,000000,4.51,4.51,4.44,4.44,0,0
PCO_PB,D,20230110,000000,4.44,4.49,4.44,4.44,0,0
PCO_PB,D,20230111,000000,4.49,4.49,4.38,4.42,0,0
PCO_PB,D,20230112,000000,4.47,4.52,4.39,4.44,0,0
PCO_PB,D,20230113,000000,4.46,4.49,4.36,4.37,0,0
PCO_PB,D,20230116,000000,4.37,4.44,4.37,4.4,0,0
PCO_PB,D,20230117,000000,4.4,4.5,4.36,4.48,0,0
PCO_PB,D,20230118,000000,4.33,4.51,4.33,4.43,0,0
PCO_PB,D,20230119,000000,4.43,4.48,4.33,4.36,0,0
PCO_PB,D,20230120,000000,4.4,4.48,4.32,4.32,0,0
PCO_PB,D,20230123,000000,4.38,4.41,4.29,4.35,0,0
PCO_PB,D,20230124,000000,4.39,4.42,4.29,4.32,0,0
PCO_PB,D,20230125,000000,4.32,4.37,4.27,4.31,0,0
PCO_PB,D,20230126,000000,4.37,4.37,4.27,4.29,0,0
PCO_PB,D,20230127,000000,4.32,4.37,4.28,4.35,0,0
PCO_PB,D,20230130,000000,4.37,4.43,4.34,4.35,0,0
PCO_PB,D,20230131,000000,4.35,4.47,4.35,4.47,0,0
PCO_PB,D,20230201,000000,4.46,4.57,4.46,4.49,0,0
PCO_PB,D,20230202,000000,4.54,4.65,4.54,4.59,0,0
PCO_PB,D,20230203,000000,4.61,4.66,4.6,4.64,0,0
PCO_PB,D,20230206,000000,4.64,4.73,4.58,4.62,0,0
PCO_PB,D,20230207,000000,4.61,4.65,4.56,4.6,0,0
PCO_PB,D,20230208,000000,4.64,4.72,4.61,4.64,0,0
PCO_PB,D,20230209,000000,4.68,4.68,4.56,4.59,0,0
PCO_PB,D,20230210,000000,4.61,4.61,4.47,4.48,0,0
PCO_PB,D,20230213,000000,4.48,4.59,4.48,4.52,0,0
PCO_PB,D,20230214,000000,4.55,4.55,4.46,4.48,0,0
PCO_PB,D,20230215,000000,4.5,4.58,4.48,4.58,0,0
PCO_PB,D,20230216,000000,4.63,4.64,4.57,4.59,0,0
PCO_PB,D,20230217,000000,4.63,4.63,4.53,4.59,0,0
PCO_PB,D,20230220,000000,4.58,4.61,4.56,4.6,0,0
PCO_PB,D,20230221,000000,4.61,4.61,4.49,4.52,0,0
PCO_PB,D,20230222,000000,4.5,4.57,4.49,4.54,0,0
PCO_PB,D,20230223,000000,4.58,4.6,4.56,4.58,0,0
PCO_PB,D,20230224,000000,4.62,4.62,4.54,4.62,0,0
PCO_PB,D,20230227,000000,4.62,4.72,4.61,4.69,0,0
PCO_PB,D,20230228,000000,4.72,4.76,4.62,4.69,0,0
PCO_PB,D,20230301,000000,4.7,4.7,4.62,4.7,0,0
PCO_PB,D,20230302,000000,4.71,4.71,4.57,4.6,0,0
PCO_PB,D,20230303,000000,4.62,4.62,4.57,4.57,0,0
PCO_PB,D,20230306,000000,4.64,4.7,4.62,4.64,0,0
PCO_PB,D,20230307,000000,4.7,4.7,4.63,4.66,0,0
PCO_PB,D,20230308,000000,4.71,4.71,4.63,4.64,0,0
PCO_PB,D,20230309,000000,4.64,4.64,4.55,4.59,0,0
PCO_PB,D,20230310,000000,4.55,4.55,4.44,4.52,0,0
PCO_PB,D,20230313,000000,4.54,4.54,4.36,4.41,0,0
PCO_PB,D,20230314,000000,4.41,4.55,4.41,4.51,0,0
PCO_PB,D,20230315,000000,4.53,4.53,4.41,4.41,0,0
PCO_PB,D,20230316,000000,4.39,4.41,4.27,4.41,0,0
PCO_PB,D,20230317,000000,4.4,4.41,4.25,4.28,0,0
PCO_PB,D,20230320,000000,4.21,4.31,4.16,4.31,0,0
PCO_PB,D,20230321,000000,4.29,4.42,4.29,4.38,0,0
PCO_PB,D,20230322,000000,4.43,4.45,4.39,4.44,0,0
PCO_PB,D,20230323,000000,4.49,4.51,4.42,4.48,0,0
PCO_PB,D,20230324,000000,4.45,4.47,4.39,4.43,0,0
PCO_PB,D,20230327,000000,4.53,4.53,4.41,4.43,0,0
PCO_PB,D,20230328,000000,4.41,4.5,4.38,4.42,0,0
PCO_PB,D,20230329,000000,4.52,4.52,4.42,4.47,0,0
PCO_PB,D,20230330,000000,4.43,4.55,4.43,4.49,0,0
PCO_PB,D,20230331,000000,4.55,4.55,4.43,4.46,0,0
PCO_PB,D,20230403,000000,4.5,4.54,4.43,4.43,0,0
PCO_PB,D,20230404,000000,4.48,4.48,4.32,4.39,0,0
PCO_PB,D,20230405,000000,4.45,4.45,4.31,4.31,0,0
PCO_PB,D,20230406,000000,4.35,4.35,4.29,4.29,0,0
PCO_PB,D,20230411,000000,4.32,4.41,4.3,4.32,0,0
PCO_PB,D,20230412,000000,4.42,4.42,4.35,4.39,0,0
PCO_PB,D,20230413,000000,4.44,4.44,4.37,4.39,0,0
PCO_PB,D,20230414,000000,4.4,4.43,4.27,4.3,0,0
PCO_PB,D,20230417,000000,4.34,4.34,4.21,4.3,0,0
PCO_PB,D,20230418,000000,4.31,4.4,4.28,4.36,0,0
PCO_PB,D,20230419,000000,4.33,4.35,4.29,4.31,0,0
PCO_PB,D,20230420,000000,4.37,4.44,4.37,4.39,0,0
PCO_PB,D,20230421,000000,4.36,4.44,4.36,4.41,0,0
PCO_PB,D,20230424,000000,4.45,4.46,4.38,4.42,0,0
PCO_PB,D,20230425,000000,4.44,4.44,4.39,4.4,0,0
PCO_PB,D,20230426,000000,4.45,4.45,4.36,4.37,0,0
PCO_PB,D,20230427,000000,4.39,4.4,4.37,4.38,0,0
PCO_PB,D,20230428,000000,4.41,4.42,4.35,4.37,0,0
PCO_PB,D,20230502,000000,4.42,4.43,4.33,4.34,0,0
PCO_PB,D,20230504,000000,4.42,4.43,4.3,4.31,0,0
PCO_PB,D,20230505,000000,4.31,4.39,4.3,4.36,0,0
PCO_PB,D,20230508,000000,4.4,4.4,4.33,4.36,0,0
PCO_PB,D,20230509,000000,4.34,4.43,4.34,4.42,0,0
PCO_PB,D,20230510,000000,4.43,4.43,4.37,4.43,0,0
PCO_PB,D,20230511,000000,4.45,4.46,4.39,4.43,0,0
PCO_PB,D,20230512,000000,4.43,4.49,4.42,4.42,0,0
PCO_PB,D,20230515,000000,4.47,4.55,4.41,4.45,0,0
PCO_PB,D,20230516,000000,4.46,4.63,4.45,4.59,0,0
PCO_PB,D,20230517,000000,4.63,4.63,4.51,4.51,0,0
PCO_PB,D,20230518,000000,4.56,4.57,4.47,4.47,0,0
PCO_PB,D,20230519,000000,4.54,4.65,4.51,4.64,0,0
PCO_PB,D,20230522,000000,4.65,4.77,4.63,4.75,0,0
PCO_PB,D,20230523,000000,4.77,4.79,4.63,4.66,0,0
PCO_PB,D,20230524,000000,4.67,4.69,4.61,4.62,0,0
PCO_PB,D,20230525,000000,4.7,4.7,4.49,4.49,0,0
PCO_PB,D,20230526,000000,4.54,4.57,4.49,4.54,0,0
PCO_PB,D,20230601,000000,4.43,4.55,4.39,4.5,0,0
PCO_PB,D,20230602,000000,4.57,4.59,4.52,4.59,0,0
PCO_PB,D,20230605,000000,4.61,4.7,4.6,4.69,0,0
PCO_PB,D,20230606,000000,4.59,4.96,4.41,4.96,0,0
PCO_PB,D,20230607,000000,4.94,4.98,4.88,4.9,0,0
PCO_PB,D,20230609,000000,4.98,4.98,4.71,4.71,0,0
PCO_PB,D,20230612,000000,4.71,4.73,4.6,4.7,0,0
PCO_PB,D,20230613,000000,4.71,4.71,4.54,4.54,0,0
PCO_PB,D,20230614,000000,4.53,4.66,4.53,4.61,0,0
PCO_PB,D,20230615,000000,4.65,4.71,4.61,4.64,0,0
PCO_PB,D,20230616,000000,4.67,4.8,4.67,4.74,0,0
PCO_PB,D,20230619,000000,4.81,4.81,4.72,4.75,0,0
PCO_PB,D,20230620,000000,4.73,4.81,4.73,4.8,0,0
PCO_PB,D,20230621,000000,4.82,4.82,4.73,4.73,0,0
PCO_PB,D,20230622,000000,4.73,4.73,4.63,4.64,0,0
PCO_PB,D,20230623,000000,4.65,4.65,4.51,4.51,0,0
PCO_PB,D,20230626,000000,4.51,4.61,4.51,4.57,0,0
PCO_PB,D,20230627,000000,4.59,4.61,4.54,4.57,0,0
PCO_PB,D,20230628,000000,4.6,4.63,4.56,4.57,0,0
PCO_PB,D,20230629,000000,4.54,4.58,4.53,4.54,0,0
PCO_PB,D,20230630,000000,4.54,4.55,4.51,4.52,0,0
PCO_PB,D,20230703,000000,4.51,4.58,4.48,4.58,0,0
PCO_PB,D,20230704,000000,4.58,4.6,4.52,4.55,0,0
PCO_PB,D,20230705,000000,4.52,4.55,4.46,4.47,0,0
PCO_PB,D,20230706,000000,4.45,4.46,4.42,4.42,0,0
PCO_PB,D,20230707,000000,4.43,4.46,4.37,4.37,0,0
PCO_PB,D,20230710,000000,4.37,4.39,4.35,4.39,0,0
PCO_PB,D,20230711,000000,4.46,4.48,4.41,4.43,0,0
PCO_PB,D,20230712,000000,4.42,4.51,4.42,4.48,0,0
PCO_PB,D,20230713,000000,4.54,4.54,4.32,4.36,0,0
PCO_PB,D,20230714,000000,4.35,4.43,4.35,4.37,0,0
PCO_PB,D,20230717,000000,4.36,4.38,4.29,4.29,0,0
PCO_PB,D,20230718,000000,4.3,4.38,4.29,4.38,0,0
PCO_PB,D,20230719,000000,4.42,4.42,4.36,4.36,0,0
PCO_PB,D,20230720,000000,4.39,4.39,4.28,4.28,0,0
PCO_PB,D,20230721,000000,4.28,4.35,4.27,4.34,0,0
PCO_PB,D,20230724,000000,4.35,4.43,4.35,4.38,0,0
PCO_PB,D,20230725,000000,4.42,4.42,4.36,4.38,0,0
PCO_PB,D,20230726,000000,4.36,4.38,4.3,4.32,0,0
PCO_PB,D,20230727,000000,4.3,4.3,4.19,4.23,0,0
PCO_PB,D,20230728,000000,4.2,4.24,4.15,4.22,0,0
PCO_PB,D,20230731,000000,4.22,4.32,4.2,4.28,0,0
PCO_PB,D,20230801,000000,4.27,4.32,4.22,4.32,0,0
PCO_PB,D,20230802,000000,4.33,4.33,4.16,4.16,0,0
PCO_PB,D,20230803,000000,4.16,4.18,4.12,4.14,0,0
PCO_PB,D,20230804,000000,4.16,4.2,4.136,4.159,0,0
PCO_PB,D,20230807,000000,4.15,4.179,4.14,4.174,0,0
PCO_PB,D,20230808,000000,4.15,4.155,4.063,4.069,0,0
PCO_PB,D,20230809,000000,4.067,4.111,4.038,4.038,0,0
PCO_PB,D,20230810,000000,4.047,4.087,3.974,4.044,0,0
PCO_PB,D,20230811,000000,4.017,4.039,3.983,3.992,0,0
PCO_PB,D,20230814,000000,3.98,4.026,3.96,4.026,0,0
PCO_PB,D,20230816,000000,3.969,4.09,3.91,3.91,0,0
PCO_PB,D,20230817,000000,3.912,3.954,3.848,3.853,0,0
PCO_PB,D,20230818,000000,3.85,3.909,3.822,3.822,0,0
PCO_PB,D,20230821,000000,3.827,3.859,3.756,3.784,0,0
PCO_PB,D,20230822,000000,3.738,3.809,3.684,3.785,0,0
PCO_PB,D,20230823,000000,3.78,3.829,3.78,3.796,0,0
PCO_PB,D,20230824,000000,3.84,3.92,3.84,3.902,0,0
PCO_PB,D,20230825,000000,3.902,3.937,3.832,3.841,0,0
PCO_PB,D,20230828,000000,3.92,3.92,3.814,3.869,0,0
PCO_PB,D,20230829,000000,3.953,4.043,3.936,3.987,0,0
PCO_PB,D,20230830,000000,3.992,3.992,3.879,3.916,0,0
PCO_PB,D,20230831,000000,3.924,3.975,3.924,3.96,0,0
PCO_PB,D,20230901,000000,3.98,4.056,3.953,3.995,0,0
PCO_PB,D,20230904,000000,4.034,4.063,3.919,3.995,0,0
PCO_PB,D,20230905,000000,4.019,4.063,3.988,4.022,0,0
PCO_PB,D,20230906,000000,4.061,4.061,3.897,3.928,0,0
PCO_PB,D,20230907,000000,3.928,3.93,3.738,3.738,0,0
PCO_PB,D,20230908,000000,3.833,3.833,3.674,3.677,0,0
PCO_PB,D,20230911,000000,3.748,3.748,3.627,3.633,0,0
PCO_PB,D,20230912,000000,3.581,3.581,3.328,3.328,0,0
PCO_PB,D,20230913,000000,3.318,3.358,3.258,3.288,0,0
PCO_PB,D,20230914,000000,3.298,3.3,3.208,3.226,0,0
PCO_PB,D,20230915,000000,3.23,3.256,3.214,3.219,0,0
PCO_PB,D,20230918,000000,3.236,3.236,3.13,3.155,0,0
PCO_PB,D,20230919,000000,3.179,3.179,3.037,3.039,0,0
PCO_PB,D,20230920,000000,3.039,3.138,3.039,3.103,0,0
PCO_PB,D,20230921,000000,3.115,3.117,3.065,3.094,0,0
PCO_PB,D,20230922,000000,3.089,3.167,3.06,3.101,0,0
PCO_PB,D,20230925,000000,3.112,3.119,3.032,3.101,0,0
PCO_PB,D,20230926,000000,3.101,3.134,3.072,3.1,0,0
PCO_PB,D,20230927,000000,3.117,3.143,3.088,3.115,0,0
PCO_PB,D,20230928,000000,3.061,3.115,2.405,2.455,0,0
PCO_PB,D,20230929,000000,2.478,2.506,2.358,2.388,0,0
PCO_PB,D,20231002,000000,2.425,2.451,2.367,2.401,0,0
PCO_PB,D,20231003,000000,2.413,2.413,2.197,2.216,0,0
PCO_PB,D,20231004,000000,2.176,2.265,2.174,2.186,0,0
