<TICKER>,<PER>,<DATE>,<TIME>,<OPEN>,<HIGH>,<LOW>,<CLOSE>,<VOL>,<OPENINT>
PTG_PB,D,20211124,000000,17,17,17,17,0,0
PTG_PB,D,20211125,000000,17.02,17.4,16.37,16.61,0,0
PTG_PB,D,20211126,000000,16.34,16.61,16.07,16.61,0,0
PTG_PB,D,20211129,000000,16.61,16.61,16.07,16.47,0,0
PTG_PB,D,20211130,000000,16.45,16.47,16.07,16.07,0,0
PTG_PB,D,20211201,000000,15.93,16.21,15.93,16.21,0,0
PTG_PB,D,20211202,000000,16.31,16.43,15.2,16.43,0,0
PTG_PB,D,20211203,000000,16.4,16.43,16.2,16.2,0,0
PTG_PB,D,20211206,000000,17.08,17.38,16.49,16.49,0,0
PTG_PB,D,20211207,000000,16.49,16.49,15.9,16.35,0,0
PTG_PB,D,20211208,000000,16.64,16.64,16.64,16.64,0,0
PTG_PB,D,20211209,000000,16.64,17.36,15.9,16.2,0,0
PTG_PB,D,20211210,000000,16.79,17.11,16.79,16.79,0,0
PTG_PB,D,20211213,000000,17.65,17.67,17.08,17.08,0,0
PTG_PB,D,20211214,000000,17.64,19.11,17.64,19,0,0
PTG_PB,D,20211215,000000,19.06,20.5,19.06,20.09,0,0
PTG_PB,D,20211216,000000,20.12,20.41,19.2,20.32,0,0
PTG_PB,D,20211217,000000,20.43,20.73,19.32,20.73,0,0
PTG_PB,D,20211220,000000,20.76,20.88,20.32,20.76,0,0
PTG_PB,D,20211221,000000,20.79,28.58,20.32,28.58,0,0
PTG_PB,D,20211222,000000,28.45,28.45,27.63,28,0,0
PTG_PB,D,20211223,000000,27.49,27.49,26.43,26.8,0,0
PTG_PB,D,20211227,000000,27.63,28.44,26.56,28.44,0,0
PTG_PB,D,20211228,000000,28.04,28.04,26.62,27.83,0,0
PTG_PB,D,20211229,000000,27.63,28.86,26.92,28.86,0,0
PTG_PB,D,20211230,000000,28.45,28.57,28.04,28.37,0,0
PTG_PB,D,20220103,000000,28.37,29.69,28.37,29.48,0,0
PTG_PB,D,20220104,000000,29.69,30.06,29.07,29.85,0,0
PTG_PB,D,20220105,000000,29.85,29.89,29.52,29.85,0,0
PTG_PB,D,20220107,000000,29.85,29.89,29.44,29.69,0,0
PTG_PB,D,20220110,000000,29.69,29.69,28.41,28.82,0,0
PTG_PB,D,20220111,000000,29.05,29.05,28.04,28.53,0,0
PTG_PB,D,20220112,000000,28.57,29.03,28.04,28.04,0,0
PTG_PB,D,20220113,000000,28.45,28.85,27.05,28.45,0,0
PTG_PB,D,20220114,000000,28.86,28.86,27.54,28.04,0,0
PTG_PB,D,20220117,000000,28.33,28.66,28.04,28.66,0,0
PTG_PB,D,20220118,000000,28.66,28.66,28.04,28.04,0,0
PTG_PB,D,20220119,000000,28.04,28.04,26.8,27.22,0,0
PTG_PB,D,20220120,000000,27.23,27.61,26.23,27.16,0,0
PTG_PB,D,20220121,000000,27.16,27.21,26.39,26.43,0,0
PTG_PB,D,20220124,000000,26.39,26.74,23.75,25.15,0,0
PTG_PB,D,20220125,000000,24.33,24.7,23.92,24.37,0,0
PTG_PB,D,20220126,000000,24.37,24.5,24.2,24.33,0,0
PTG_PB,D,20220127,000000,24.35,24.66,23.97,24.66,0,0
PTG_PB,D,20220128,000000,24.66,24.66,23.83,24.33,0,0
PTG_PB,D,20220131,000000,24.33,24.33,23.11,23.92,0,0
PTG_PB,D,20220201,000000,23.3,24.2,23.3,23.92,0,0
PTG_PB,D,20220202,000000,24.29,24.29,24,24,0,0
PTG_PB,D,20220203,000000,24,25.15,23.63,25.15,0,0
PTG_PB,D,20220204,000000,25,25.98,25,25.57,0,0
PTG_PB,D,20220207,000000,26.78,26.78,25.16,26.18,0,0
PTG_PB,D,20220208,000000,25.56,26.31,23.67,25.56,0,0
PTG_PB,D,20220209,000000,25.98,25.98,24.74,25.56,0,0
PTG_PB,D,20220210,000000,25.97,25.97,25.56,25.56,0,0
PTG_PB,D,20220211,000000,25.56,25.56,25.15,25.15,0,0
PTG_PB,D,20220214,000000,24.74,25.15,23.92,25.15,0,0
PTG_PB,D,20220215,000000,24.02,25.15,24.02,24.53,0,0
PTG_PB,D,20220216,000000,24.74,24.9,24.72,24.72,0,0
PTG_PB,D,20220217,000000,23.71,24.9,23.71,23.92,0,0
PTG_PB,D,20220218,000000,23.71,24.9,23.71,23.92,0,0
PTG_PB,D,20220221,000000,23.71,24.95,23.21,23.59,0,0
PTG_PB,D,20220222,000000,23.26,23.63,23.24,23.63,0,0
PTG_PB,D,20220223,000000,23.84,24.49,23.84,24.33,0,0
PTG_PB,D,20220224,000000,20.66,22.27,18.97,20.7,0,0
PTG_PB,D,20220225,000000,21.28,23.5,20,23.5,0,0
PTG_PB,D,20220228,000000,22.68,22.68,20.41,21.43,0,0
PTG_PB,D,20220301,000000,21.43,21.44,20.41,21.16,0,0
PTG_PB,D,20220302,000000,20.45,21.4,19.38,21.4,0,0
PTG_PB,D,20220303,000000,21.4,21.4,19.79,21.03,0,0
PTG_PB,D,20220304,000000,21.01,21.01,19.85,20.41,0,0
PTG_PB,D,20220307,000000,20.2,20.2,18.31,19.79,0,0
PTG_PB,D,20220308,000000,19.79,20.2,19.09,19.38,0,0
PTG_PB,D,20220309,000000,20.2,20.2,20.2,20.2,0,0
PTG_PB,D,20220310,000000,19.47,20.2,19.46,19.46,0,0
PTG_PB,D,20220311,000000,19.38,20.16,19.38,19.54,0,0
PTG_PB,D,20220314,000000,20.12,20.12,20,20,0,0
PTG_PB,D,20220315,000000,19.38,19.87,18.97,19.87,0,0
PTG_PB,D,20220316,000000,19.87,19.96,19.18,19.18,0,0
PTG_PB,D,20220317,000000,19.38,19.38,18.97,19.3,0,0
PTG_PB,D,20220318,000000,19.34,19.94,18.76,19.94,0,0
PTG_PB,D,20220321,000000,19.77,19.77,19.38,19.75,0,0
PTG_PB,D,20220322,000000,19.49,19.73,19.49,19.66,0,0
PTG_PB,D,20220323,000000,19.66,20.08,19.38,19.38,0,0
PTG_PB,D,20220324,000000,19.77,19.77,19.38,19.75,0,0
PTG_PB,D,20220325,000000,19.92,20.04,19.5,19.71,0,0
PTG_PB,D,20220328,000000,20.04,20.04,19.88,20.04,0,0
PTG_PB,D,20220329,000000,20.04,20.04,19.71,20.04,0,0
PTG_PB,D,20220330,000000,19.96,20.04,19.87,19.96,0,0
PTG_PB,D,20220331,000000,19.96,20.16,19.96,20.04,0,0
PTG_PB,D,20220401,000000,20.2,20.53,19.79,20.45,0,0
PTG_PB,D,20220404,000000,20.84,20.84,20.2,20.2,0,0
PTG_PB,D,20220405,000000,20.58,20.66,20.4,20.55,0,0
PTG_PB,D,20220406,000000,20.62,21.28,20.62,21.28,0,0
PTG_PB,D,20220407,000000,21.24,21.24,20.62,20.62,0,0
PTG_PB,D,20220408,000000,20.62,20.62,20.4,20.62,0,0
PTG_PB,D,20220411,000000,20.37,20.86,20.04,20.86,0,0
PTG_PB,D,20220412,000000,20.82,20.86,20.82,20.82,0,0
PTG_PB,D,20220413,000000,20.7,20.78,20,20,0,0
PTG_PB,D,20220414,000000,20,20,19.38,19.79,0,0
PTG_PB,D,20220419,000000,19.96,20.49,19.79,20.45,0,0
PTG_PB,D,20220420,000000,20.25,20.25,19.87,19.87,0,0
PTG_PB,D,20220421,000000,20.16,20.16,19.87,19.87,0,0
PTG_PB,D,20220422,000000,20,20,19.38,19.96,0,0
PTG_PB,D,20220425,000000,19.79,19.79,19.21,19.67,0,0
PTG_PB,D,20220426,000000,19.59,19.59,19.09,19.38,0,0
PTG_PB,D,20220427,000000,18.97,20.37,18.97,20.37,0,0
PTG_PB,D,20220428,000000,20.2,20.49,19.38,20.41,0,0
PTG_PB,D,20220429,000000,20.2,20.41,19.38,19.38,0,0
PTG_PB,D,20220502,000000,19.34,19.75,19.34,19.75,0,0
PTG_PB,D,20220504,000000,19.59,19.59,18.76,18.8,0,0
PTG_PB,D,20220505,000000,18.97,19.05,18.97,18.97,0,0
PTG_PB,D,20220506,000000,18.8,19.59,18.22,19.54,0,0
PTG_PB,D,20220509,000000,18.56,18.97,17.85,18.56,0,0
PTG_PB,D,20220510,000000,18.35,18.72,18.14,18.72,0,0
PTG_PB,D,20220511,000000,18.14,18.56,18.14,18.18,0,0
PTG_PB,D,20220512,000000,18.56,18.72,18.14,18.14,0,0
PTG_PB,D,20220513,000000,18.56,18.68,17.94,18.68,0,0
PTG_PB,D,20220516,000000,18.6,18.6,17.98,18.14,0,0
PTG_PB,D,20220517,000000,18.1,18.1,17.85,18.1,0,0
PTG_PB,D,20220518,000000,17.85,18.1,17.61,17.73,0,0
PTG_PB,D,20220519,000000,17.73,17.73,16.91,17.73,0,0
PTG_PB,D,20220520,000000,16.99,17.73,16.49,17.32,0,0
PTG_PB,D,20220523,000000,17.32,18.1,17.32,17.98,0,0
PTG_PB,D,20220524,000000,17.98,17.98,1.97,1.97,0,0
PTG_PB,D,20220526,000000,1.97,1.97,1.88,1.88,0,0
PTG_PB,D,20220527,000000,1.86,1.9,1.86,1.88,0,0
PTG_PB,D,20220530,000000,1.88,1.91,1.88,1.91,0,0
PTG_PB,D,20220531,000000,1.91,1.91,1.78,1.86,0,0
PTG_PB,D,20220601,000000,1.72,1.86,1.72,1.8,0,0
PTG_PB,D,20220602,000000,1.74,1.82,1.74,1.81,0,0
PTG_PB,D,20220603,000000,1.77,1.79,1.68,1.78,0,0
PTG_PB,D,20220606,000000,1.8,1.81,1.74,1.81,0,0
PTG_PB,D,20220607,000000,1.72,1.81,1.72,1.81,0,0
PTG_PB,D,20220608,000000,1.81,1.82,1.8,1.82,0,0
PTG_PB,D,20220609,000000,1.77,1.82,1.74,1.82,0,0
PTG_PB,D,20220610,000000,1.75,1.77,1.72,1.72,0,0
PTG_PB,D,20220613,000000,1.72,1.82,1.7,1.7,0,0
PTG_PB,D,20220614,000000,1.7,1.7,1.65,1.68,0,0
PTG_PB,D,20220615,000000,1.58,1.64,1.55,1.64,0,0
PTG_PB,D,20220617,000000,1.64,1.77,1.63,1.77,0,0
PTG_PB,D,20220620,000000,1.77,1.77,1.66,1.72,0,0
PTG_PB,D,20220621,000000,1.72,1.72,1.64,1.67,0,0
PTG_PB,D,20220622,000000,1.67,1.71,1.67,1.71,0,0
PTG_PB,D,20220623,000000,1.73,1.73,1.73,1.73,0,0
PTG_PB,D,20220624,000000,1.77,1.77,1.67,1.77,0,0
PTG_PB,D,20220627,000000,1.77,1.77,1.54,1.65,0,0
PTG_PB,D,20220628,000000,1.73,1.74,1.56,1.74,0,0
PTG_PB,D,20220629,000000,1.73,1.74,1.73,1.74,0,0
PTG_PB,D,20220630,000000,1.73,1.73,1.73,1.73,0,0
PTG_PB,D,20220701,000000,1.73,1.73,1.72,1.72,0,0
PTG_PB,D,20220704,000000,1.78,1.78,1.67,1.78,0,0
PTG_PB,D,20220705,000000,1.78,1.78,1.68,1.78,0,0
PTG_PB,D,20220706,000000,1.7,1.77,1.67,1.68,0,0
PTG_PB,D,20220707,000000,1.67,1.9,1.65,1.78,0,0
PTG_PB,D,20220708,000000,1.68,1.75,1.68,1.68,0,0
PTG_PB,D,20220711,000000,1.82,1.82,1.65,1.73,0,0
PTG_PB,D,20220712,000000,1.73,1.73,1.69,1.69,0,0
PTG_PB,D,20220713,000000,1.72,1.72,1.67,1.67,0,0
PTG_PB,D,20220714,000000,1.67,1.67,1.67,1.67,0,0
PTG_PB,D,20220715,000000,1.67,1.74,1.63,1.73,0,0
PTG_PB,D,20220718,000000,1.76,1.76,1.66,1.73,0,0
PTG_PB,D,20220719,000000,1.76,1.76,1.65,1.73,0,0
PTG_PB,D,20220720,000000,1.69,1.73,1.6,1.63,0,0
PTG_PB,D,20220721,000000,1.6,1.6,1.51,1.55,0,0
PTG_PB,D,20220722,000000,1.55,1.6,1.55,1.6,0,0
PTG_PB,D,20220725,000000,1.55,1.62,1.55,1.62,0,0
PTG_PB,D,20220726,000000,1.63,1.64,1.63,1.64,0,0
PTG_PB,D,20220727,000000,1.64,1.64,1.58,1.58,0,0
PTG_PB,D,20220728,000000,1.55,1.58,1.55,1.56,0,0
PTG_PB,D,20220729,000000,1.56,1.58,1.56,1.58,0,0
PTG_PB,D,20220801,000000,1.58,1.58,1.55,1.55,0,0
PTG_PB,D,20220802,000000,1.58,1.58,1.55,1.55,0,0
PTG_PB,D,20220803,000000,1.58,1.58,1.54,1.58,0,0
PTG_PB,D,20220804,000000,1.58,1.58,1.57,1.57,0,0
PTG_PB,D,20220805,000000,1.57,1.57,1.54,1.54,0,0
PTG_PB,D,20220808,000000,1.58,1.58,1.51,1.56,0,0
PTG_PB,D,20220809,000000,1.55,1.65,1.55,1.65,0,0
PTG_PB,D,20220810,000000,1.58,1.62,1.58,1.62,0,0
PTG_PB,D,20220811,000000,1.6,1.6,1.54,1.6,0,0
PTG_PB,D,20220812,000000,1.55,1.6,1.55,1.6,0,0
PTG_PB,D,20220816,000000,1.6,1.62,1.6,1.6,0,0
PTG_PB,D,20220817,000000,1.6,1.6,1.6,1.6,0,0
PTG_PB,D,20220818,000000,1.56,1.6,1.54,1.6,0,0
PTG_PB,D,20220819,000000,1.55,1.58,1.54,1.54,0,0
PTG_PB,D,20220822,000000,1.6,1.6,1.55,1.55,0,0
PTG_PB,D,20220823,000000,1.55,1.55,1.55,1.55,0,0
PTG_PB,D,20220824,000000,1.54,1.56,1.46,1.53,0,0
PTG_PB,D,20220825,000000,1.46,1.53,1.46,1.49,0,0
PTG_PB,D,20220826,000000,1.5,1.5,1.49,1.49,0,0
PTG_PB,D,20220829,000000,1.45,1.51,1.38,1.46,0,0
PTG_PB,D,20220830,000000,1.46,1.46,1.46,1.46,0,0
PTG_PB,D,20220831,000000,1.39,1.5,1.39,1.48,0,0
PTG_PB,D,20220901,000000,1.4,1.49,1.4,1.42,0,0
PTG_PB,D,20220902,000000,1.42,1.46,1.39,1.46,0,0
PTG_PB,D,20220905,000000,1.41,1.46,1.39,1.46,0,0
PTG_PB,D,20220906,000000,1.45,1.45,1.39,1.45,0,0
PTG_PB,D,20220908,000000,1.45,1.45,1.44,1.44,0,0
PTG_PB,D,20220909,000000,1.44,1.57,1.44,1.57,0,0
PTG_PB,D,20220912,000000,1.59,1.59,1.46,1.56,0,0
PTG_PB,D,20220913,000000,1.51,1.54,1.51,1.54,0,0
PTG_PB,D,20220914,000000,1.55,1.55,1.55,1.55,0,0
PTG_PB,D,20220915,000000,1.6,1.6,1.55,1.59,0,0
PTG_PB,D,20220919,000000,1.59,1.59,1.51,1.59,0,0
PTG_PB,D,20220920,000000,1.54,1.59,1.54,1.54,0,0
PTG_PB,D,20220921,000000,1.55,1.57,1.52,1.54,0,0
PTG_PB,D,20220922,000000,1.55,1.55,1.54,1.54,0,0
PTG_PB,D,20220923,000000,1.55,1.55,1.41,1.46,0,0
PTG_PB,D,20220926,000000,1.51,1.55,1.4,1.46,0,0
PTG_PB,D,20220927,000000,1.5,1.55,1.39,1.39,0,0
PTG_PB,D,20220928,000000,1.39,1.5,1.39,1.5,0,0
PTG_PB,D,20220929,000000,1.43,1.55,1.42,1.55,0,0
PTG_PB,D,20220930,000000,1.5,1.58,1.48,1.58,0,0
PTG_PB,D,20221003,000000,1.49,1.63,1.49,1.59,0,0
PTG_PB,D,20221004,000000,1.59,1.59,1.59,1.59,0,0
PTG_PB,D,20221005,000000,1.59,1.69,1.51,1.69,0,0
PTG_PB,D,20221006,000000,1.69,1.89,1.69,1.87,0,0
PTG_PB,D,20221007,000000,1.89,1.89,1.75,1.88,0,0
PTG_PB,D,20221010,000000,1.87,1.87,1.65,1.85,0,0
PTG_PB,D,20221011,000000,1.83,1.83,1.83,1.83,0,0
PTG_PB,D,20221012,000000,1.74,1.83,1.69,1.8,0,0
PTG_PB,D,20221013,000000,1.81,1.83,1.74,1.83,0,0
PTG_PB,D,20221014,000000,1.78,1.78,1.74,1.74,0,0
PTG_PB,D,20221017,000000,1.79,1.79,1.79,1.79,0,0
PTG_PB,D,20221018,000000,1.81,1.81,1.74,1.74,0,0
PTG_PB,D,20221019,000000,1.73,1.73,1.71,1.71,0,0
PTG_PB,D,20221020,000000,1.67,1.69,1.65,1.69,0,0
PTG_PB,D,20221021,000000,1.65,1.71,1.65,1.69,0,0
PTG_PB,D,20221024,000000,1.71,1.71,1.69,1.69,0,0
PTG_PB,D,20221025,000000,1.66,1.66,1.6,1.6,0,0
PTG_PB,D,20221026,000000,1.59,1.59,1.51,1.55,0,0
PTG_PB,D,20221027,000000,1.55,1.55,1.47,1.55,0,0
PTG_PB,D,20221028,000000,1.55,1.55,1.55,1.55,0,0
PTG_PB,D,20221031,000000,1.55,1.55,1.4,1.55,0,0
PTG_PB,D,20221102,000000,1.54,1.55,1.46,1.55,0,0
PTG_PB,D,20221103,000000,1.47,1.52,1.47,1.51,0,0
PTG_PB,D,20221104,000000,1.51,1.55,1.51,1.55,0,0
PTG_PB,D,20221107,000000,1.58,1.58,1.53,1.53,0,0
PTG_PB,D,20221108,000000,1.55,1.55,1.46,1.49,0,0
PTG_PB,D,20221109,000000,1.46,1.51,1.42,1.51,0,0
PTG_PB,D,20221110,000000,1.47,1.5,1.46,1.49,0,0
PTG_PB,D,20221114,000000,1.5,1.6,1.44,1.6,0,0
PTG_PB,D,20221115,000000,1.6,1.67,1.49,1.64,0,0
PTG_PB,D,20221116,000000,1.64,1.64,1.64,1.64,0,0
PTG_PB,D,20221117,000000,1.51,1.55,1.51,1.55,0,0
PTG_PB,D,20221118,000000,1.51,1.64,1.51,1.64,0,0
PTG_PB,D,20221121,000000,1.55,1.73,1.55,1.73,0,0
PTG_PB,D,20221122,000000,1.82,1.82,1.69,1.74,0,0
PTG_PB,D,20221123,000000,1.66,1.81,1.66,1.81,0,0
PTG_PB,D,20221124,000000,1.81,1.81,1.78,1.81,0,0
PTG_PB,D,20221125,000000,1.83,1.83,1.78,1.82,0,0
PTG_PB,D,20221128,000000,1.78,2.02,1.78,2.02,0,0
PTG_PB,D,20221129,000000,2.02,2.1,1.97,1.97,0,0
PTG_PB,D,20221130,000000,2.04,2.06,1.94,2.04,0,0
PTG_PB,D,20221201,000000,2.02,2.02,2.02,2.02,0,0
PTG_PB,D,20221202,000000,2.01,2.04,2.01,2.04,0,0
PTG_PB,D,20221205,000000,2.02,2.12,2.02,2.03,0,0
PTG_PB,D,20221206,000000,1.93,2.09,1.93,2.09,0,0
PTG_PB,D,20221207,000000,2.09,2.09,1.98,2.09,0,0
PTG_PB,D,20221208,000000,2.06,2.09,2,2.09,0,0
PTG_PB,D,20221209,000000,1.97,2.09,1.97,1.97,0,0
PTG_PB,D,20221212,000000,2.07,2.09,1.95,2.09,0,0
PTG_PB,D,20221213,000000,2.05,2.11,2.05,2.11,0,0
PTG_PB,D,20221214,000000,2.11,2.11,2.06,2.06,0,0
PTG_PB,D,20221215,000000,2.09,2.11,1.99,2.11,0,0
PTG_PB,D,20221216,000000,2.11,2.11,2.03,2.04,0,0
PTG_PB,D,20221219,000000,2.04,2.11,2.01,2.11,0,0
PTG_PB,D,20221220,000000,2.11,2.11,2.03,2.07,0,0
PTG_PB,D,20221221,000000,2.11,2.11,2.03,2.11,0,0
PTG_PB,D,20221223,000000,2.1,2.1,2.1,2.1,0,0
PTG_PB,D,20221227,000000,2.04,2.1,2.02,2.1,0,0
PTG_PB,D,20221228,000000,2.03,2.09,2.02,2.04,0,0
PTG_PB,D,20221229,000000,2.04,2.11,2.04,2.11,0,0
PTG_PB,D,20221230,000000,2.11,2.11,2.05,2.11,0,0
PTG_PB,D,20230102,000000,2.09,2.2,2.07,2.2,0,0
PTG_PB,D,20230103,000000,2.22,2.22,2.07,2.16,0,0
PTG_PB,D,20230104,000000,2.16,2.16,2.1,2.15,0,0
PTG_PB,D,20230105,000000,2.15,2.2,2.11,2.2,0,0
PTG_PB,D,20230109,000000,2.2,2.2,2.2,2.2,0,0
PTG_PB,D,20230110,000000,2.13,2.3,2.13,2.3,0,0
PTG_PB,D,20230111,000000,2.3,2.3,2.23,2.25,0,0
PTG_PB,D,20230112,000000,2.27,2.3,2.25,2.25,0,0
PTG_PB,D,20230113,000000,2.25,2.29,2.23,2.23,0,0
PTG_PB,D,20230116,000000,2.21,2.6,2.2,2.43,0,0
PTG_PB,D,20230117,000000,2.4,2.5,2.28,2.49,0,0
PTG_PB,D,20230118,000000,2.5,2.58,2.43,2.51,0,0
PTG_PB,D,20230119,000000,2.46,2.52,2.46,2.48,0,0
PTG_PB,D,20230120,000000,2.53,2.61,2.43,2.61,0,0
PTG_PB,D,20230123,000000,2.62,2.63,2.46,2.47,0,0
PTG_PB,D,20230124,000000,2.48,2.53,2.45,2.45,0,0
PTG_PB,D,20230125,000000,2.46,2.46,2.34,2.38,0,0
PTG_PB,D,20230126,000000,2.39,2.53,2.39,2.53,0,0
PTG_PB,D,20230127,000000,2.46,2.53,2.36,2.52,0,0
PTG_PB,D,20230130,000000,2.41,2.48,2.39,2.39,0,0
PTG_PB,D,20230131,000000,2.41,2.48,2.34,2.39,0,0
PTG_PB,D,20230201,000000,2.47,2.51,2.47,2.48,0,0
PTG_PB,D,20230202,000000,2.48,2.53,2.35,2.53,0,0
PTG_PB,D,20230203,000000,2.36,2.53,2.36,2.53,0,0
PTG_PB,D,20230206,000000,2.53,2.53,2.53,2.53,0,0
PTG_PB,D,20230207,000000,2.53,2.53,2.4,2.51,0,0
PTG_PB,D,20230208,000000,2.51,2.51,2.37,2.51,0,0
PTG_PB,D,20230209,000000,2.51,2.51,2.34,2.34,0,0
PTG_PB,D,20230210,000000,2.34,2.42,2.34,2.42,0,0
PTG_PB,D,20230213,000000,2.46,2.47,2.32,2.36,0,0
PTG_PB,D,20230214,000000,2.47,2.47,2.37,2.46,0,0
PTG_PB,D,20230215,000000,2.4,2.42,2.34,2.39,0,0
PTG_PB,D,20230216,000000,2.39,2.47,2.36,2.47,0,0
PTG_PB,D,20230217,000000,2.38,2.48,2.38,2.48,0,0
PTG_PB,D,20230220,000000,2.43,2.43,2.34,2.36,0,0
PTG_PB,D,20230221,000000,2.35,2.44,2.32,2.44,0,0
PTG_PB,D,20230222,000000,2.37,2.42,2.32,2.42,0,0
PTG_PB,D,20230223,000000,2.43,2.43,2.33,2.33,0,0
PTG_PB,D,20230224,000000,2.34,2.42,2.31,2.42,0,0
PTG_PB,D,20230227,000000,2.34,2.4,2.32,2.4,0,0
PTG_PB,D,20230228,000000,2.39,2.46,2.39,2.46,0,0
PTG_PB,D,20230301,000000,2.42,2.46,2.39,2.46,0,0
PTG_PB,D,20230302,000000,2.4,2.53,2.4,2.53,0,0
PTG_PB,D,20230303,000000,2.48,2.49,2.43,2.48,0,0
PTG_PB,D,20230306,000000,2.43,2.52,2.42,2.42,0,0
PTG_PB,D,20230307,000000,2.47,2.47,2.41,2.46,0,0
PTG_PB,D,20230308,000000,2.41,2.46,2.41,2.46,0,0
PTG_PB,D,20230309,000000,2.46,2.46,2.4,2.43,0,0
PTG_PB,D,20230310,000000,2.44,2.52,2.34,2.34,0,0
PTG_PB,D,20230313,000000,2.34,2.34,2.21,2.3,0,0
PTG_PB,D,20230314,000000,2.3,2.37,2.23,2.3,0,0
PTG_PB,D,20230315,000000,2.33,2.39,2.23,2.39,0,0
PTG_PB,D,20230316,000000,2.39,2.51,2.3,2.48,0,0
PTG_PB,D,20230317,000000,2.48,2.48,2.39,2.46,0,0
PTG_PB,D,20230320,000000,2.39,2.43,2.39,2.43,0,0
PTG_PB,D,20230321,000000,2.43,2.43,2.39,2.4,0,0
PTG_PB,D,20230322,000000,2.43,2.47,2.33,2.33,0,0
PTG_PB,D,20230323,000000,2.34,2.39,2.23,2.39,0,0
PTG_PB,D,20230324,000000,2.39,2.48,2.39,2.48,0,0
PTG_PB,D,20230327,000000,2.38,2.48,2.38,2.48,0,0
PTG_PB,D,20230328,000000,2.48,2.56,2.47,2.56,0,0
PTG_PB,D,20230329,000000,2.56,2.57,2.54,2.54,0,0
PTG_PB,D,20230330,000000,2.54,2.59,2.48,2.53,0,0
PTG_PB,D,20230331,000000,2.53,2.53,2.43,2.43,0,0
PTG_PB,D,20230403,000000,2.51,2.52,2.43,2.48,0,0
PTG_PB,D,20230404,000000,2.43,2.52,2.43,2.44,0,0
PTG_PB,D,20230405,000000,2.48,2.52,2.48,2.52,0,0
PTG_PB,D,20230406,000000,2.52,2.53,2.46,2.46,0,0
PTG_PB,D,20230411,000000,2.46,2.53,2.46,2.53,0,0
PTG_PB,D,20230412,000000,2.53,2.56,2.48,2.56,0,0
PTG_PB,D,20230413,000000,2.49,2.53,2.47,2.53,0,0
PTG_PB,D,20230414,000000,2.48,2.51,2.48,2.48,0,0
PTG_PB,D,20230417,000000,2.48,2.51,2.43,2.5,0,0
PTG_PB,D,20230418,000000,2.45,2.5,2.45,2.48,0,0
PTG_PB,D,20230419,000000,2.47,2.5,2.47,2.5,0,0
PTG_PB,D,20230420,000000,2.48,2.48,2.44,2.46,0,0
PTG_PB,D,20230421,000000,2.46,2.49,2.43,2.49,0,0
PTG_PB,D,20230424,000000,2.45,2.48,2.45,2.45,0,0
PTG_PB,D,20230425,000000,2.42,2.45,2.42,2.42,0,0
PTG_PB,D,20230426,000000,2.41,2.46,2.41,2.44,0,0
PTG_PB,D,20230427,000000,2.41,2.48,2.4,2.48,0,0
PTG_PB,D,20230428,000000,2.47,2.48,2.47,2.48,0,0
PTG_PB,D,20230502,000000,2.45,2.56,2.45,2.55,0,0
PTG_PB,D,20230504,000000,2.46,2.58,2.46,2.57,0,0
PTG_PB,D,20230505,000000,2.51,2.54,2.46,2.49,0,0
PTG_PB,D,20230508,000000,2.54,2.54,2.49,2.49,0,0
PTG_PB,D,20230509,000000,2.49,2.49,2.45,2.49,0,0
PTG_PB,D,20230510,000000,2.45,2.5,2.4,2.5,0,0
PTG_PB,D,20230511,000000,2.49,2.49,2.45,2.49,0,0
PTG_PB,D,20230512,000000,2.46,2.46,2.46,2.46,0,0
PTG_PB,D,20230515,000000,2.49,2.49,2.44,2.48,0,0
PTG_PB,D,20230516,000000,2.48,2.48,2.45,2.45,0,0
PTG_PB,D,20230517,000000,2.43,2.43,2.36,2.36,0,0
PTG_PB,D,20230518,000000,2.39,2.4,2.35,2.38,0,0
PTG_PB,D,20230519,000000,2.35,2.51,2.33,2.51,0,0
PTG_PB,D,20230522,000000,2.53,2.53,2.44,2.48,0,0
PTG_PB,D,20230523,000000,2.47,2.47,2.41,2.46,0,0
PTG_PB,D,20230524,000000,2.47,2.48,2.39,2.44,0,0
PTG_PB,D,20230525,000000,2.46,2.46,2.35,2.38,0,0
PTG_PB,D,20230526,000000,2.38,2.46,2.35,2.46,0,0
PTG_PB,D,20230529,000000,2.42,2.45,2.42,2.45,0,0
PTG_PB,D,20230530,000000,2.45,2.46,2.39,2.39,0,0
PTG_PB,D,20230531,000000,2.43,2.43,2.38,2.38,0,0
PTG_PB,D,20230601,000000,2.38,2.38,2.3,2.32,0,0
PTG_PB,D,20230602,000000,2.39,2.43,2.1,2.43,0,0
PTG_PB,D,20230605,000000,2.43,2.47,2.34,2.47,0,0
PTG_PB,D,20230606,000000,2.47,2.51,2.38,2.51,0,0
PTG_PB,D,20230607,000000,2.4,2.44,2.39,2.44,0,0
PTG_PB,D,20230609,000000,2.43,2.43,2.43,2.43,0,0
PTG_PB,D,20230612,000000,2.43,2.48,2.37,2.37,0,0
PTG_PB,D,20230613,000000,2.39,2.47,2.36,2.36,0,0
PTG_PB,D,20230614,000000,2.37,2.5,2.37,2.5,0,0
PTG_PB,D,20230615,000000,2.43,2.51,2.43,2.51,0,0
PTG_PB,D,20230616,000000,2.5,2.5,2.43,2.5,0,0
PTG_PB,D,20230619,000000,2.5,2.53,2.48,2.51,0,0
PTG_PB,D,20230620,000000,2.54,2.75,2.54,2.71,0,0
PTG_PB,D,20230621,000000,2.71,2.71,2.66,2.7,0,0
PTG_PB,D,20230622,000000,2.7,2.71,2.67,2.7,0,0
PTG_PB,D,20230623,000000,2.7,2.71,2.65,2.7,0,0
PTG_PB,D,20230626,000000,2.71,2.71,2.62,2.63,0,0
PTG_PB,D,20230627,000000,2.62,2.65,2.58,2.65,0,0
PTG_PB,D,20230628,000000,2.6,2.65,2.54,2.57,0,0
PTG_PB,D,20230629,000000,2.54,2.6,2.51,2.54,0,0
PTG_PB,D,20230630,000000,2.57,2.57,2.5,2.51,0,0
PTG_PB,D,20230703,000000,2.52,2.59,2.47,2.52,0,0
PTG_PB,D,20230704,000000,2.58,2.6,2.49,2.6,0,0
PTG_PB,D,20230705,000000,2.52,2.57,2.47,2.57,0,0
PTG_PB,D,20230706,000000,2.5,2.58,2.48,2.5,0,0
PTG_PB,D,20230707,000000,2.5,2.62,2.5,2.62,0,0
PTG_PB,D,20230710,000000,2.61,2.62,2.53,2.62,0,0
PTG_PB,D,20230711,000000,2.62,2.62,2.62,2.62,0,0
PTG_PB,D,20230712,000000,2.57,2.62,2.52,2.62,0,0
PTG_PB,D,20230713,000000,2.58,2.61,2.58,2.61,0,0
PTG_PB,D,20230714,000000,2.58,2.62,2.58,2.58,0,0
PTG_PB,D,20230717,000000,2.58,2.58,2.52,2.58,0,0
PTG_PB,D,20230718,000000,2.57,2.66,2.54,2.66,0,0
PTG_PB,D,20230719,000000,2.65,2.7,2.62,2.7,0,0
PTG_PB,D,20230720,000000,2.71,2.73,2.69,2.69,0,0
PTG_PB,D,20230721,000000,2.64,2.71,2.64,2.71,0,0
PTG_PB,D,20230724,000000,2.71,2.71,2.65,2.71,0,0
PTG_PB,D,20230725,000000,2.71,2.74,2.67,2.74,0,0
PTG_PB,D,20230726,000000,2.71,2.76,2.66,2.66,0,0
PTG_PB,D,20230727,000000,2.65,2.8,2.64,2.8,0,0
PTG_PB,D,20230728,000000,2.8,2.99,2.76,2.99,0,0
PTG_PB,D,20230731,000000,2.99,3.04,2.93,3.04,0,0
PTG_PB,D,20230801,000000,2.94,3.04,2.94,3.03,0,0
PTG_PB,D,20230802,000000,3.02,3.02,2.94,2.99,0,0
PTG_PB,D,20230803,000000,3.01,3.02,2.94,3.02,0,0
PTG_PB,D,20230804,000000,2.97,3.038,2.97,3.038,0,0
PTG_PB,D,20230807,000000,2.944,3.038,2.944,3.038,0,0
PTG_PB,D,20230808,000000,2.982,3.028,2.963,3.028,0,0
PTG_PB,D,20230809,000000,2.944,3.038,2.944,3.038,0,0
PTG_PB,D,20230810,000000,2.982,3.028,2.982,3.028,0,0
PTG_PB,D,20230811,000000,3.028,3.028,2.823,2.879,0,0
PTG_PB,D,20230814,000000,2.879,2.954,2.86,2.954,0,0
PTG_PB,D,20230816,000000,2.944,2.944,2.897,2.935,0,0
PTG_PB,D,20230817,000000,2.897,2.935,2.897,2.916,0,0
PTG_PB,D,20230818,000000,2.897,2.897,2.776,2.823,0,0
PTG_PB,D,20230821,000000,2.767,3.019,2.767,3.019,0,0
PTG_PB,D,20230822,000000,2.991,2.991,2.982,2.991,0,0
PTG_PB,D,20230823,000000,2.991,2.991,2.916,2.935,0,0
PTG_PB,D,20230824,000000,2.86,2.954,2.851,2.954,0,0
PTG_PB,D,20230825,000000,2.925,2.944,2.851,2.944,0,0
PTG_PB,D,20230828,000000,2.851,2.944,2.851,2.944,0,0
PTG_PB,D,20230829,000000,2.888,2.944,2.851,2.944,0,0
PTG_PB,D,20230830,000000,2.879,2.897,2.879,2.888,0,0
PTG_PB,D,20230831,000000,2.935,2.935,2.832,2.832,0,0
PTG_PB,D,20230901,000000,2.869,2.982,2.86,2.982,0,0
PTG_PB,D,20230904,000000,2.925,2.925,2.823,2.925,0,0
PTG_PB,D,20230905,000000,2.813,2.916,2.804,2.916,0,0
PTG_PB,D,20230906,000000,2.841,2.916,2.841,2.897,0,0
PTG_PB,D,20230907,000000,2.888,2.974,2.841,2.974,0,0
PTG_PB,D,20230908,000000,2.925,2.925,2.838,2.896,0,0
PTG_PB,D,20230911,000000,2.848,2.887,2.79,2.887,0,0
PTG_PB,D,20230912,000000,2.887,2.974,2.867,2.974,0,0
PTG_PB,D,20230913,000000,2.974,2.974,2.916,2.974,0,0
PTG_PB,D,20230914,000000,2.954,2.954,2.954,2.954,0,0
PTG_PB,D,20230915,000000,2.896,2.945,2.896,2.906,0,0
PTG_PB,D,20230918,000000,2.819,2.906,2.819,2.906,0,0
PTG_PB,D,20230919,000000,2.848,2.858,2.829,2.858,0,0
PTG_PB,D,20230920,000000,2.829,2.954,2.819,2.954,0,0
PTG_PB,D,20230921,000000,2.867,2.945,2.867,2.935,0,0
PTG_PB,D,20230922,000000,2.896,2.945,2.887,2.887,0,0
PTG_PB,D,20230925,000000,2.877,2.906,2.867,2.867,0,0
PTG_PB,D,20230926,000000,2.867,2.896,2.838,2.887,0,0
PTG_PB,D,20230927,000000,2.848,2.896,2.838,2.896,0,0
PTG_PB,D,20230928,000000,2.896,2.896,2.829,2.887,0,0
PTG_PB,D,20230929,000000,2.829,2.877,2.819,2.877,0,0
PTG_PB,D,20231002,000000,2.829,2.877,2.79,2.829,0,0
PTG_PB,D,20231003,000000,2.78,2.829,2.761,2.8,0,0
PTG_PB,D,20231004,000000,2.8,2.896,2.761,2.896,0,0
