<TICKER>,<PER>,<DATE>,<TIME>,<OPEN>,<HIGH>,<LOW>,<CLOSE>,<VOL>,<OPENINT>
PTG_MV,D,20211124,000000,207.86,207.86,207.86,207.86,0,0
PTG_MV,D,20211125,000000,208.19,212.82,200.2,203.19,0,0
PTG_MV,D,20211126,000000,199.86,203.19,196.53,203.19,0,0
PTG_MV,D,20211129,000000,203.19,203.19,196.53,201.39,0,0
PTG_MV,D,20211130,000000,201.19,201.46,196.53,196.53,0,0
PTG_MV,D,20211201,000000,194.87,198.2,194.87,198.2,0,0
PTG_MV,D,20211202,000000,199.53,199.7,185.87,185.87,0,0
PTG_MV,D,20211203,000000,185.54,185.87,183.21,183.21,0,0
PTG_MV,D,20211206,000000,193.17,196.53,186.54,186.54,0,0
PTG_MV,D,20211207,000000,186.54,186.54,179.88,184.87,0,0
PTG_MV,D,20211208,000000,188.17,188.17,188.17,188.17,0,0
PTG_MV,D,20211209,000000,188.17,196.36,179.88,183.21,0,0
PTG_MV,D,20211210,000000,189.87,193.5,189.87,189.87,0,0
PTG_MV,D,20211213,000000,199.66,199.86,193.2,193.2,0,0
PTG_MV,D,20211214,000000,199.53,216.18,199.53,214.85,0,0
PTG_MV,D,20211215,000000,215.52,231.84,215.52,227.21,0,0
PTG_MV,D,20211216,000000,227.51,230.84,217.18,229.84,0,0
PTG_MV,D,20211217,000000,231.01,234.5,218.52,234.5,0,0
PTG_MV,D,20211220,000000,234.84,236.17,229.84,234.8,0,0
PTG_MV,D,20211221,000000,235.14,323.22,229.84,323.22,0,0
PTG_MV,D,20211222,000000,321.78,321.78,312.45,316.65,0,0
PTG_MV,D,20211223,000000,310.96,310.96,298.93,303.12,0,0
PTG_MV,D,20211227,000000,312.45,321.64,300.37,321.64,0,0
PTG_MV,D,20211228,000000,317.11,317.11,301.03,314.78,0,0
PTG_MV,D,20211229,000000,312.45,326.44,304.52,326.44,0,0
PTG_MV,D,20211230,000000,321.78,323.18,317.11,320.85,0,0
PTG_MV,D,20220103,000000,320.85,335.77,320.85,333.44,0,0
PTG_MV,D,20220104,000000,335.77,339.97,328.77,337.63,0,0
PTG_MV,D,20220105,000000,337.63,338.1,333.9,337.63,0,0
PTG_MV,D,20220107,000000,337.63,338.1,332.97,335.77,0,0
PTG_MV,D,20220110,000000,335.77,335.77,321.31,325.98,0,0
PTG_MV,D,20220111,000000,328.59,328.59,317.11,322.71,0,0
PTG_MV,D,20220112,000000,323.18,328.31,317.11,317.11,0,0
PTG_MV,D,20220113,000000,321.78,326.35,305.92,321.78,0,0
PTG_MV,D,20220114,000000,326.44,326.44,311.52,317.11,0,0
PTG_MV,D,20220117,000000,320.38,324.11,317.11,324.11,0,0
PTG_MV,D,20220118,000000,324.11,324.11,317.11,317.11,0,0
PTG_MV,D,20220119,000000,317.11,317.11,303.12,307.88,0,0
PTG_MV,D,20220120,000000,308.02,312.31,296.69,307.23,0,0
PTG_MV,D,20220121,000000,307.23,307.79,298.46,298.93,0,0
PTG_MV,D,20220124,000000,298.46,302.42,268.61,284.47,0,0
PTG_MV,D,20220125,000000,275.14,279.34,270.48,275.61,0,0
PTG_MV,D,20220126,000000,275.61,277.06,273.74,275.14,0,0
PTG_MV,D,20220127,000000,275.38,278.87,271.13,278.87,0,0
PTG_MV,D,20220128,000000,278.87,278.87,269.55,275.14,0,0
PTG_MV,D,20220131,000000,275.14,275.14,261.39,270.48,0,0
PTG_MV,D,20220201,000000,263.48,273.74,263.48,270.48,0,0
PTG_MV,D,20220202,000000,274.68,274.68,271.41,271.41,0,0
PTG_MV,D,20220203,000000,271.41,284.47,267.22,284.47,0,0
PTG_MV,D,20220204,000000,282.79,293.8,282.79,289.18,0,0
PTG_MV,D,20220207,000000,302.89,302.89,284.52,296.13,0,0
PTG_MV,D,20220208,000000,289.13,297.53,267.68,289.13,0,0
PTG_MV,D,20220209,000000,293.8,293.8,279.81,289.13,0,0
PTG_MV,D,20220210,000000,293.75,293.75,289.13,289.13,0,0
PTG_MV,D,20220211,000000,289.13,289.13,284.47,284.47,0,0
PTG_MV,D,20220214,000000,279.81,284.47,270.48,284.47,0,0
PTG_MV,D,20220215,000000,271.69,284.47,271.69,277.48,0,0
PTG_MV,D,20220216,000000,279.76,281.58,279.57,279.57,0,0
PTG_MV,D,20220217,000000,268.15,281.67,268.15,270.48,0,0
PTG_MV,D,20220218,000000,268.15,281.67,268.15,270.48,0,0
PTG_MV,D,20220221,000000,268.15,282.14,262.55,266.75,0,0
PTG_MV,D,20220222,000000,263.02,267.26,262.79,267.26,0,0
PTG_MV,D,20220223,000000,269.59,277.01,269.59,275.14,0,0
PTG_MV,D,20220224,000000,233.64,251.83,214.52,234.11,0,0
PTG_MV,D,20220225,000000,240.63,265.82,226.18,265.82,0,0
PTG_MV,D,20220228,000000,256.49,256.49,230.84,242.36,0,0
PTG_MV,D,20220301,000000,242.41,242.5,230.84,239.37,0,0
PTG_MV,D,20220302,000000,231.31,242.03,219.18,242.03,0,0
PTG_MV,D,20220303,000000,242.03,242.03,223.85,237.84,0,0
PTG_MV,D,20220304,000000,237.6,237.6,224.55,230.84,0,0
PTG_MV,D,20220307,000000,228.51,228.51,207.06,223.8,0,0
PTG_MV,D,20220308,000000,223.85,228.42,215.92,219.18,0,0
PTG_MV,D,20220309,000000,228.42,228.51,228.42,228.51,0,0
PTG_MV,D,20220310,000000,220.16,228.51,220.11,220.11,0,0
PTG_MV,D,20220311,000000,219.23,228.02,219.18,221.05,0,0
PTG_MV,D,20220314,000000,227.58,227.58,226.18,226.18,0,0
PTG_MV,D,20220315,000000,219.18,224.78,214.54,224.78,0,0
PTG_MV,D,20220316,000000,224.78,225.71,216.9,216.9,0,0
PTG_MV,D,20220317,000000,219.18,219.18,214.52,218.25,0,0
PTG_MV,D,20220318,000000,218.72,225.48,212.19,225.48,0,0
PTG_MV,D,20220321,000000,223.61,223.61,219.18,223.38,0,0
PTG_MV,D,20220322,000000,220.39,223.15,220.39,222.4,0,0
PTG_MV,D,20220323,000000,222.4,227.11,219.18,219.18,0,0
PTG_MV,D,20220324,000000,223.61,223.61,219.18,223.38,0,0
PTG_MV,D,20220325,000000,225.24,226.62,220.58,222.89,0,0
PTG_MV,D,20220328,000000,226.64,226.64,224.82,226.6,0,0
PTG_MV,D,20220329,000000,226.6,226.64,222.89,226.64,0,0
PTG_MV,D,20220330,000000,225.71,226.64,224.78,225.71,0,0
PTG_MV,D,20220331,000000,225.71,228.04,225.71,226.64,0,0
PTG_MV,D,20220401,000000,228.51,232.24,223.85,231.31,0,0
PTG_MV,D,20220404,000000,235.74,235.74,228.51,228.51,0,0
PTG_MV,D,20220405,000000,232.71,233.64,230.75,232.47,0,0
PTG_MV,D,20220406,000000,233.17,240.63,233.17,240.63,0,0
PTG_MV,D,20220407,000000,240.17,240.17,233.17,233.17,0,0
PTG_MV,D,20220408,000000,233.17,233.17,230.75,233.17,0,0
PTG_MV,D,20220411,000000,230.37,235.97,226.64,235.97,0,0
PTG_MV,D,20220412,000000,235.5,235.97,235.5,235.5,0,0
PTG_MV,D,20220413,000000,234.11,235.04,226.18,226.18,0,0
PTG_MV,D,20220414,000000,226.18,226.18,219.18,223.85,0,0
PTG_MV,D,20220419,000000,225.71,231.77,223.85,231.31,0,0
PTG_MV,D,20220420,000000,228.98,228.98,224.78,224.78,0,0
PTG_MV,D,20220421,000000,228.04,228.04,224.78,224.78,0,0
PTG_MV,D,20220422,000000,226.18,226.18,219.18,225.71,0,0
PTG_MV,D,20220425,000000,223.85,223.85,217.32,222.45,0,0
PTG_MV,D,20220426,000000,221.51,221.51,215.92,219.18,0,0
PTG_MV,D,20220427,000000,214.52,230.37,214.52,230.37,0,0
PTG_MV,D,20220428,000000,228.51,231.77,219.18,230.84,0,0
PTG_MV,D,20220429,000000,228.51,230.84,219.18,219.18,0,0
PTG_MV,D,20220502,000000,218.72,223.38,218.72,223.38,0,0
PTG_MV,D,20220504,000000,221.51,221.51,212.19,212.65,0,0
PTG_MV,D,20220505,000000,214.52,215.45,214.52,214.52,0,0
PTG_MV,D,20220506,000000,212.65,221.51,206.12,221.05,0,0
PTG_MV,D,20220509,000000,209.86,214.52,201.93,209.86,0,0
PTG_MV,D,20220510,000000,207.52,211.72,205.19,211.72,0,0
PTG_MV,D,20220511,000000,205.19,209.86,205.19,205.66,0,0
PTG_MV,D,20220512,000000,209.86,211.72,205.19,205.19,0,0
PTG_MV,D,20220513,000000,209.86,211.25,202.86,211.25,0,0
PTG_MV,D,20220516,000000,210.32,210.32,203.33,205.19,0,0
PTG_MV,D,20220517,000000,204.73,204.73,201.93,204.73,0,0
PTG_MV,D,20220518,000000,201.93,204.73,199.13,200.53,0,0
PTG_MV,D,20220519,000000,200.53,200.53,191.2,200.53,0,0
PTG_MV,D,20220520,000000,192.13,200.53,186.54,195.86,0,0
PTG_MV,D,20220523,000000,195.86,204.73,195.86,203.33,0,0
PTG_MV,D,20220524,000000,203.33,203.33,193.53,203.33,0,0
PTG_MV,D,20220526,000000,203.33,203.33,193.53,193.53,0,0
PTG_MV,D,20220527,000000,191.2,195.4,191.2,193.53,0,0
PTG_MV,D,20220530,000000,193.53,196.8,193.53,196.8,0,0
PTG_MV,D,20220531,000000,196.8,196.8,183.27,191.2,0,0
PTG_MV,D,20220601,000000,177.68,191.2,177.21,185.61,0,0
PTG_MV,D,20220602,000000,179.08,187.47,179.08,186.54,0,0
PTG_MV,D,20220603,000000,181.87,184.21,173.01,183.74,0,0
PTG_MV,D,20220606,000000,185.61,186.07,179.54,186.07,0,0
PTG_MV,D,20220607,000000,176.74,186.07,176.74,186.07,0,0
PTG_MV,D,20220608,000000,186.07,186.07,185.61,185.61,0,0
PTG_MV,D,20220609,000000,180.01,185.61,177.21,185.61,0,0
PTG_MV,D,20220610,000000,178.14,180.01,174.88,175.81,0,0
PTG_MV,D,20220613,000000,175.81,185.14,173.01,173.01,0,0
PTG_MV,D,20220614,000000,173.01,173.01,167.88,171.15,0,0
PTG_MV,D,20220615,000000,160.89,166.95,158.56,166.95,0,0
PTG_MV,D,20220617,000000,166.95,180.94,166.49,180.48,0,0
PTG_MV,D,20220620,000000,180.94,180.94,168.82,175.35,0,0
PTG_MV,D,20220621,000000,174.88,174.88,166.95,170.22,0,0
PTG_MV,D,20220622,000000,170.22,173.95,170.22,173.95,0,0
PTG_MV,D,20220623,000000,176.74,176.74,176.74,176.74,0,0
PTG_MV,D,20220624,000000,180.94,180.94,170.22,180.48,0,0
PTG_MV,D,20220627,000000,180.48,180.48,156.69,167.88,0,0
PTG_MV,D,20220628,000000,176.74,177.21,159.49,177.21,0,0
PTG_MV,D,20220629,000000,176.28,177.21,176.28,177.21,0,0
PTG_MV,D,20220630,000000,176.74,176.74,176.74,176.74,0,0
PTG_MV,D,20220701,000000,176.74,176.74,174.88,174.88,0,0
PTG_MV,D,20220704,000000,181.87,181.87,170.22,181.87,0,0
PTG_MV,D,20220705,000000,181.41,181.87,171.15,181.87,0,0
PTG_MV,D,20220706,000000,173.01,180.01,170.68,171.15,0,0
PTG_MV,D,20220707,000000,170.68,193.53,167.88,181.41,0,0
PTG_MV,D,20220708,000000,171.15,178.61,171.15,171.61,0,0
PTG_MV,D,20220711,000000,185.14,185.14,167.88,176.74,0,0
PTG_MV,D,20220712,000000,176.74,176.74,172.55,172.55,0,0
PTG_MV,D,20220713,000000,174.88,174.88,170.68,170.68,0,0
PTG_MV,D,20220714,000000,170.68,170.68,170.68,170.68,0,0
PTG_MV,D,20220715,000000,170.68,177.21,166.02,176.74,0,0
PTG_MV,D,20220718,000000,179.08,179.08,169.28,176.74,0,0
PTG_MV,D,20220719,000000,179.54,179.54,167.88,176.74,0,0
PTG_MV,D,20220720,000000,172.55,176.74,163.22,166.02,0,0
PTG_MV,D,20220721,000000,163.22,163.22,154.36,158.56,0,0
PTG_MV,D,20220722,000000,157.62,163.22,157.62,163.22,0,0
PTG_MV,D,20220725,000000,158.56,165.55,158.09,165.55,0,0
PTG_MV,D,20220726,000000,166.02,167.42,166.02,167.42,0,0
PTG_MV,D,20220727,000000,166.95,166.95,160.89,160.89,0,0
PTG_MV,D,20220728,000000,158.56,160.89,158.56,159.49,0,0
PTG_MV,D,20220729,000000,159.02,160.89,159.02,160.89,0,0
PTG_MV,D,20220801,000000,160.89,160.89,157.62,157.62,0,0
PTG_MV,D,20220802,000000,160.89,160.89,157.62,157.62,0,0
PTG_MV,D,20220803,000000,160.89,160.89,157.16,160.89,0,0
PTG_MV,D,20220804,000000,160.89,160.89,160.42,160.42,0,0
PTG_MV,D,20220805,000000,160.42,160.42,157.16,157.16,0,0
PTG_MV,D,20220808,000000,160.89,160.89,153.89,159.02,0,0
PTG_MV,D,20220809,000000,158.09,167.88,158.09,167.88,0,0
PTG_MV,D,20220810,000000,160.89,165.55,160.89,165.55,0,0
PTG_MV,D,20220811,000000,163.22,163.22,157.16,163.22,0,0
PTG_MV,D,20220812,000000,157.62,163.22,157.62,163.22,0,0
PTG_MV,D,20220816,000000,163.22,165.55,163.22,163.22,0,0
PTG_MV,D,20220817,000000,163.22,163.22,163.22,163.22,0,0
PTG_MV,D,20220818,000000,159.02,162.75,157.16,162.75,0,0
PTG_MV,D,20220819,000000,157.62,160.89,157.16,157.16,0,0
PTG_MV,D,20220822,000000,162.75,162.75,158.56,158.56,0,0
PTG_MV,D,20220823,000000,158.56,158.56,158.56,158.56,0,0
PTG_MV,D,20220824,000000,157.16,159.02,149.23,155.76,0,0
PTG_MV,D,20220825,000000,149.23,155.76,149.23,151.56,0,0
PTG_MV,D,20220826,000000,153.43,153.43,151.56,151.56,0,0
PTG_MV,D,20220829,000000,147.36,153.89,140.37,149.23,0,0
PTG_MV,D,20220830,000000,149.23,149.23,149.23,149.23,0,0
PTG_MV,D,20220831,000000,141.77,152.96,141.77,151.1,0,0
PTG_MV,D,20220901,000000,142.7,151.56,142.7,144.57,0,0
PTG_MV,D,20220902,000000,144.57,148.76,142.24,148.76,0,0
PTG_MV,D,20220905,000000,144.1,148.76,142.24,148.76,0,0
PTG_MV,D,20220906,000000,148.3,148.3,142.24,148.3,0,0
PTG_MV,D,20220908,000000,148.3,148.3,147.36,147.36,0,0
PTG_MV,D,20220909,000000,147.36,159.96,147.36,159.96,0,0
PTG_MV,D,20220912,000000,161.82,161.82,149.23,159.49,0,0
PTG_MV,D,20220913,000000,153.89,157.62,153.89,157.62,0,0
PTG_MV,D,20220914,000000,158.56,158.56,158.56,158.56,0,0
PTG_MV,D,20220915,000000,163.22,163.69,158.56,161.82,0,0
PTG_MV,D,20220919,000000,162.75,162.75,153.89,162.29,0,0
PTG_MV,D,20220920,000000,156.69,161.82,156.69,156.69,0,0
PTG_MV,D,20220921,000000,158.56,160.42,154.83,157.62,0,0
PTG_MV,D,20220922,000000,158.09,158.09,156.69,156.69,0,0
PTG_MV,D,20220923,000000,158.09,158.09,143.63,149.23,0,0
PTG_MV,D,20220926,000000,153.89,158.56,142.7,149.23,0,0
PTG_MV,D,20220927,000000,153.43,158.56,142.24,142.24,0,0
PTG_MV,D,20220928,000000,142.24,153.43,142.24,152.96,0,0
PTG_MV,D,20220929,000000,145.5,158.09,144.57,158.09,0,0
PTG_MV,D,20220930,000000,153.43,160.89,151.1,160.89,0,0
PTG_MV,D,20221003,000000,151.56,166.49,151.56,161.82,0,0
PTG_MV,D,20221004,000000,162.29,162.29,162.29,162.29,0,0
PTG_MV,D,20221005,000000,162.75,172.08,153.89,172.08,0,0
PTG_MV,D,20221006,000000,172.08,193.07,172.08,191.2,0,0
PTG_MV,D,20221007,000000,193.07,193.07,178.61,192.13,0,0
PTG_MV,D,20221010,000000,191.2,191.2,167.88,188.87,0,0
PTG_MV,D,20221011,000000,186.54,186.54,186.54,186.54,0,0
PTG_MV,D,20221012,000000,177.21,187,172.55,183.74,0,0
PTG_MV,D,20221013,000000,184.21,186.54,177.21,186.54,0,0
PTG_MV,D,20221014,000000,181.87,181.87,177.21,177.21,0,0
PTG_MV,D,20221017,000000,182.34,182.34,182.34,182.34,0,0
PTG_MV,D,20221018,000000,184.21,184.21,177.21,177.21,0,0
PTG_MV,D,20221019,000000,176.28,176.28,174.88,174.88,0,0
PTG_MV,D,20221020,000000,170.22,172.55,168.82,172.55,0,0
PTG_MV,D,20221021,000000,167.88,174.88,167.88,172.55,0,0
PTG_MV,D,20221024,000000,174.88,174.88,172.55,172.55,0,0
PTG_MV,D,20221025,000000,169.75,169.75,163.22,163.22,0,0
PTG_MV,D,20221026,000000,162.75,162.75,154.36,158.56,0,0
PTG_MV,D,20221027,000000,158.09,158.56,149.7,158.56,0,0
PTG_MV,D,20221028,000000,158.56,158.56,158.56,158.56,0,0
PTG_MV,D,20221031,000000,158.56,158.56,142.7,158.56,0,0
PTG_MV,D,20221102,000000,157.62,158.56,148.76,158.56,0,0
PTG_MV,D,20221103,000000,150.16,155.29,150.16,153.89,0,0
PTG_MV,D,20221104,000000,153.89,158.56,153.89,158.56,0,0
PTG_MV,D,20221107,000000,160.89,160.89,156.23,156.23,0,0
PTG_MV,D,20221108,000000,158.56,158.56,149.23,152.03,0,0
PTG_MV,D,20221109,000000,149.23,153.89,144.57,153.89,0,0
PTG_MV,D,20221110,000000,149.7,153.43,149.23,151.56,0,0
PTG_MV,D,20221114,000000,153.43,163.22,146.9,163.22,0,0
PTG_MV,D,20221115,000000,163.22,170.22,151.56,167.42,0,0
PTG_MV,D,20221116,000000,167.42,167.42,167.42,167.42,0,0
PTG_MV,D,20221117,000000,153.89,158.56,153.89,158.09,0,0
PTG_MV,D,20221118,000000,153.89,167.42,153.89,167.42,0,0
PTG_MV,D,20221121,000000,158.56,176.74,158.56,176.74,0,0
PTG_MV,D,20221122,000000,186.07,186.07,172.55,177.21,0,0
PTG_MV,D,20221123,000000,169.28,184.21,169.28,184.21,0,0
PTG_MV,D,20221124,000000,184.21,184.21,181.41,184.21,0,0
PTG_MV,D,20221125,000000,186.54,186.54,181.87,186.07,0,0
PTG_MV,D,20221128,000000,181.87,206.59,181.87,206.59,0,0
PTG_MV,D,20221129,000000,206.59,214.52,200.99,201.46,0,0
PTG_MV,D,20221130,000000,207.99,209.86,197.73,207.99,0,0
PTG_MV,D,20221201,000000,205.66,205.66,205.66,205.66,0,0
PTG_MV,D,20221202,000000,205.19,207.52,205.19,207.52,0,0
PTG_MV,D,20221205,000000,205.19,215.45,205.19,205.66,0,0
PTG_MV,D,20221206,000000,195.86,212.19,195.86,212.19,0,0
PTG_MV,D,20221207,000000,212.19,212.19,200.53,212.19,0,0
PTG_MV,D,20221208,000000,209.39,212.19,202.86,212.19,0,0
PTG_MV,D,20221209,000000,199.6,212.19,199.6,199.6,0,0
PTG_MV,D,20221212,000000,209.86,211.72,198.2,211.72,0,0
PTG_MV,D,20221213,000000,207.99,214.52,207.99,214.52,0,0
PTG_MV,D,20221214,000000,214.52,214.52,209.86,210.32,0,0
PTG_MV,D,20221215,000000,213.12,214.52,203.33,214.52,0,0
PTG_MV,D,20221216,000000,214.52,214.52,206.12,207.06,0,0
PTG_MV,D,20221219,000000,207.06,214.52,203.79,214.52,0,0
PTG_MV,D,20221220,000000,214.52,214.52,205.66,210.32,0,0
PTG_MV,D,20221221,000000,214.05,214.52,206.59,214.52,0,0
PTG_MV,D,20221223,000000,213.59,213.59,213.12,213.12,0,0
PTG_MV,D,20221227,000000,207.52,213.12,205.19,213.12,0,0
PTG_MV,D,20221228,000000,206.59,212.19,205.19,207.52,0,0
PTG_MV,D,20221229,000000,207.52,214.52,207.52,214.52,0,0
PTG_MV,D,20221230,000000,214.05,214.52,208.46,214.52,0,0
PTG_MV,D,20230102,000000,212.19,223.85,209.86,223.85,0,0
PTG_MV,D,20230103,000000,225.71,225.71,209.86,219.18,0,0
PTG_MV,D,20230104,000000,219.18,219.18,213.12,218.72,0,0
PTG_MV,D,20230105,000000,218.72,223.85,214.52,223.85,0,0
PTG_MV,D,20230109,000000,223.85,223.85,223.85,223.85,0,0
PTG_MV,D,20230110,000000,216.38,233.17,216.38,233.17,0,0
PTG_MV,D,20230111,000000,233.17,233.17,226.18,228.51,0,0
PTG_MV,D,20230112,000000,230.84,233.17,228.51,228.51,0,0
PTG_MV,D,20230113,000000,228.51,232.71,226.18,226.18,0,0
PTG_MV,D,20230116,000000,224.31,263.95,223.85,246.23,0,0
PTG_MV,D,20230117,000000,243.43,253.69,231.31,252.76,0,0
PTG_MV,D,20230118,000000,253.69,262.09,247.16,254.62,0,0
PTG_MV,D,20230119,000000,249.96,255.56,249.96,251.83,0,0
PTG_MV,D,20230120,000000,256.49,264.88,246.23,264.88,0,0
PTG_MV,D,20230123,000000,265.82,266.75,249.96,250.89,0,0
PTG_MV,D,20230124,000000,251.83,256.49,249.03,249.03,0,0
PTG_MV,D,20230125,000000,249.96,249.96,237.84,241.57,0,0
PTG_MV,D,20230126,000000,242.5,256.49,242.5,256.49,0,0
PTG_MV,D,20230127,000000,249.96,256.49,239.7,255.56,0,0
PTG_MV,D,20230130,000000,244.36,251.83,242.5,242.5,0,0
PTG_MV,D,20230131,000000,244.36,251.83,237.84,242.5,0,0
PTG_MV,D,20230201,000000,250.89,254.62,250.89,251.83,0,0
PTG_MV,D,20230202,000000,251.83,256.49,238.77,256.49,0,0
PTG_MV,D,20230203,000000,239.7,256.49,239.7,256.49,0,0
PTG_MV,D,20230206,000000,256.49,256.49,256.49,256.49,0,0
PTG_MV,D,20230207,000000,256.49,256.49,243.43,254.62,0,0
PTG_MV,D,20230208,000000,254.62,254.62,240.63,254.62,0,0
PTG_MV,D,20230209,000000,254.62,254.62,237.84,237.84,0,0
PTG_MV,D,20230210,000000,237.84,245.3,237.84,245.3,0,0
PTG_MV,D,20230213,000000,249.96,250.89,235.04,239.7,0,0
PTG_MV,D,20230214,000000,250.89,250.89,240.63,249.96,0,0
PTG_MV,D,20230215,000000,243.43,245.3,237.84,242.5,0,0
PTG_MV,D,20230216,000000,242.5,250.89,239.7,250.89,0,0
PTG_MV,D,20230217,000000,241.57,251.83,241.57,251.83,0,0
PTG_MV,D,20230220,000000,247.16,247.16,237.84,239.7,0,0
PTG_MV,D,20230221,000000,238.77,248.1,235.97,248.1,0,0
PTG_MV,D,20230222,000000,240.63,245.3,235.97,245.3,0,0
PTG_MV,D,20230223,000000,246.23,246.23,236.9,236.9,0,0
PTG_MV,D,20230224,000000,237.84,245.3,234.11,245.3,0,0
PTG_MV,D,20230227,000000,237.84,243.43,235.04,243.43,0,0
PTG_MV,D,20230228,000000,242.5,249.96,242.5,249.96,0,0
PTG_MV,D,20230301,000000,245.3,249.96,242.5,249.96,0,0
PTG_MV,D,20230302,000000,243.43,256.49,243.43,256.49,0,0
PTG_MV,D,20230303,000000,251.83,252.76,247.16,251.83,0,0
PTG_MV,D,20230306,000000,246.23,255.56,245.3,245.3,0,0
PTG_MV,D,20230307,000000,250.89,250.89,244.36,249.96,0,0
PTG_MV,D,20230308,000000,244.36,249.96,244.36,249.96,0,0
PTG_MV,D,20230309,000000,249.96,249.96,243.43,247.16,0,0
PTG_MV,D,20230310,000000,248.1,255.56,237.84,237.84,0,0
PTG_MV,D,20230313,000000,237.84,237.84,224.31,233.17,0,0
PTG_MV,D,20230314,000000,233.17,240.63,226.18,233.17,0,0
PTG_MV,D,20230315,000000,236.9,242.5,226.64,242.5,0,0
PTG_MV,D,20230316,000000,242.5,254.62,233.17,251.83,0,0
PTG_MV,D,20230317,000000,251.83,251.83,242.5,249.96,0,0
PTG_MV,D,20230320,000000,242.5,247.16,242.5,247.16,0,0
PTG_MV,D,20230321,000000,247.16,247.16,242.5,243.43,0,0
PTG_MV,D,20230322,000000,246.23,250.89,236.9,236.9,0,0
PTG_MV,D,20230323,000000,237.84,242.5,226.64,242.5,0,0
PTG_MV,D,20230324,000000,242.5,251.83,242.5,251.83,0,0
PTG_MV,D,20230327,000000,241.57,251.83,241.57,251.83,0,0
PTG_MV,D,20230328,000000,251.83,260.22,250.89,260.22,0,0
PTG_MV,D,20230329,000000,260.22,261.15,258.36,258.36,0,0
PTG_MV,D,20230330,000000,257.42,263.02,251.83,256.49,0,0
PTG_MV,D,20230331,000000,256.49,256.49,247.16,247.16,0,0
PTG_MV,D,20230403,000000,254.62,255.56,247.16,251.83,0,0
PTG_MV,D,20230404,000000,247.16,255.56,247.16,248.1,0,0
PTG_MV,D,20230405,000000,251.83,255.56,251.83,255.56,0,0
PTG_MV,D,20230406,000000,255.56,256.49,249.96,249.96,0,0
PTG_MV,D,20230411,000000,249.96,256.49,249.96,256.49,0,0
PTG_MV,D,20230412,000000,256.49,260.22,251.83,260.22,0,0
PTG_MV,D,20230413,000000,252.76,256.49,250.89,256.49,0,0
PTG_MV,D,20230414,000000,251.83,254.62,251.83,251.83,0,0
PTG_MV,D,20230417,000000,251.83,254.62,247.16,253.69,0,0
PTG_MV,D,20230418,000000,249.03,253.69,249.03,251.83,0,0
PTG_MV,D,20230419,000000,250.89,253.69,250.89,253.69,0,0
PTG_MV,D,20230420,000000,251.83,251.83,248.1,249.96,0,0
PTG_MV,D,20230421,000000,249.96,251.83,247.16,251.83,0,0
PTG_MV,D,20230424,000000,247.16,250.89,247.16,247.16,0,0
PTG_MV,D,20230425,000000,244.36,247.16,244.36,244.36,0,0
PTG_MV,D,20230426,000000,243.43,249.03,243.43,246.23,0,0
PTG_MV,D,20230427,000000,243.43,250.89,242.5,250.89,0,0
PTG_MV,D,20230428,000000,249.96,250.89,249.96,250.89,0,0
PTG_MV,D,20230502,000000,247.16,258.36,247.16,257.42,0,0
PTG_MV,D,20230504,000000,248.1,260.22,248.1,259.29,0,0
PTG_MV,D,20230505,000000,253.69,256.49,249.03,251.83,0,0
PTG_MV,D,20230508,000000,256.49,256.49,251.83,251.83,0,0
PTG_MV,D,20230509,000000,251.83,251.83,247.16,251.83,0,0
PTG_MV,D,20230510,000000,247.16,252.76,242.5,252.76,0,0
PTG_MV,D,20230511,000000,251.83,251.83,247.16,251.83,0,0
PTG_MV,D,20230512,000000,249.03,249.03,249.03,249.03,0,0
PTG_MV,D,20230515,000000,251.83,251.83,246.23,250.89,0,0
PTG_MV,D,20230516,000000,250.89,250.89,247.16,247.16,0,0
PTG_MV,D,20230517,000000,245.3,245.3,238.77,238.77,0,0
PTG_MV,D,20230518,000000,241.57,242.5,237.84,240.63,0,0
PTG_MV,D,20230519,000000,237.84,253.69,235.04,253.69,0,0
PTG_MV,D,20230522,000000,255.56,255.56,246.23,250.89,0,0
PTG_MV,D,20230523,000000,249.96,249.96,243.43,248.1,0,0
PTG_MV,D,20230524,000000,249.96,250.89,241.57,246.23,0,0
PTG_MV,D,20230525,000000,249.03,249.03,237.84,240.63,0,0
PTG_MV,D,20230526,000000,240.63,247.16,237.84,245.3,0,0
PTG_MV,D,20230529,000000,241.57,244.36,241.57,244.36,0,0
PTG_MV,D,20230530,000000,244.36,245.3,238.77,238.77,0,0
PTG_MV,D,20230531,000000,242.5,242.5,237.84,237.84,0,0
PTG_MV,D,20230601,000000,237.84,237.84,229.91,231.77,0,0
PTG_MV,D,20230602,000000,238.77,242.5,209.86,242.5,0,0
PTG_MV,D,20230605,000000,242.5,246.23,233.17,246.23,0,0
PTG_MV,D,20230606,000000,246.23,250.89,237.84,250.89,0,0
PTG_MV,D,20230607,000000,239.7,243.43,238.77,243.43,0,0
PTG_MV,D,20230609,000000,242.5,242.5,242.5,242.5,0,0
PTG_MV,D,20230612,000000,242.5,247.16,236.9,236.9,0,0
PTG_MV,D,20230613,000000,238.77,246.23,235.97,235.97,0,0
PTG_MV,D,20230614,000000,236.9,249.03,236.9,249.03,0,0
PTG_MV,D,20230615,000000,242.5,250.89,242.5,250.89,0,0
PTG_MV,D,20230616,000000,249.03,249.03,242.5,249.03,0,0
PTG_MV,D,20230619,000000,249.96,252.76,247.16,250.89,0,0
PTG_MV,D,20230620,000000,253.69,274.21,253.69,270.48,0,0
PTG_MV,D,20230621,000000,270.48,270.48,265.82,269.55,0,0
PTG_MV,D,20230622,000000,269.55,270.48,266.75,269.55,0,0
PTG_MV,D,20230623,000000,269.55,270.48,264.88,269.55,0,0
PTG_MV,D,20230626,000000,270.48,270.48,261.15,262.09,0,0
PTG_MV,D,20230627,000000,261.15,264.88,257.42,264.88,0,0
PTG_MV,D,20230628,000000,259.29,263.95,253.69,256.49,0,0
PTG_MV,D,20230629,000000,253.69,259.29,250.89,253.69,0,0
PTG_MV,D,20230630,000000,256.49,256.49,249.03,250.89,0,0
PTG_MV,D,20230703,000000,251.83,258.36,246.23,251.83,0,0
PTG_MV,D,20230704,000000,257.42,259.29,248.1,259.29,0,0
PTG_MV,D,20230705,000000,251.83,256.49,246.23,256.49,0,0
PTG_MV,D,20230706,000000,249.96,257.42,247.16,249.03,0,0
PTG_MV,D,20230707,000000,249.03,261.15,249.03,261.15,0,0
PTG_MV,D,20230710,000000,260.22,261.15,252.76,261.15,0,0
PTG_MV,D,20230711,000000,261.15,261.15,261.15,261.15,0,0
PTG_MV,D,20230712,000000,256.49,261.15,251.83,261.15,0,0
PTG_MV,D,20230713,000000,257.42,260.22,257.42,260.22,0,0
PTG_MV,D,20230714,000000,257.42,261.15,257.42,257.42,0,0
PTG_MV,D,20230717,000000,257.42,257.42,251.83,257.42,0,0
PTG_MV,D,20230718,000000,256.49,265.82,253.69,265.82,0,0
PTG_MV,D,20230719,000000,264.88,269.55,261.15,269.55,0,0
PTG_MV,D,20230720,000000,270.48,272.35,268.61,268.61,0,0
PTG_MV,D,20230721,000000,263.02,270.48,263.02,270.48,0,0
PTG_MV,D,20230724,000000,270.48,270.48,264.88,270.48,0,0
PTG_MV,D,20230725,000000,270.48,273.28,266.75,273.28,0,0
PTG_MV,D,20230726,000000,270.48,275.14,265.82,265.82,0,0
PTG_MV,D,20230727,000000,264.88,279.81,263.02,279.81,0,0
PTG_MV,D,20230728,000000,279.81,298.46,275.14,298.46,0,0
PTG_MV,D,20230731,000000,298.46,303.12,291.93,303.12,0,0
PTG_MV,D,20230801,000000,293.8,303.12,293.8,302.19,0,0
PTG_MV,D,20230802,000000,301.26,301.26,293.8,298.46,0,0
PTG_MV,D,20230803,000000,300.33,301.26,293.8,301.26,0,0
PTG_MV,D,20230804,000000,296.6,303.12,296.6,303.12,0,0
PTG_MV,D,20230807,000000,293.8,303.12,293.8,303.12,0,0
PTG_MV,D,20230808,000000,297.53,302.19,295.66,302.19,0,0
PTG_MV,D,20230809,000000,293.8,303.12,293.8,303.12,0,0
PTG_MV,D,20230810,000000,297.53,302.19,297.53,302.19,0,0
PTG_MV,D,20230811,000000,302.19,302.19,281.67,287.27,0,0
PTG_MV,D,20230814,000000,287.27,294.73,285.4,294.73,0,0
PTG_MV,D,20230816,000000,293.8,293.8,289.13,292.86,0,0
PTG_MV,D,20230817,000000,289.13,292.86,289.13,291,0,0
PTG_MV,D,20230818,000000,289.13,289.13,277.01,281.67,0,0
PTG_MV,D,20230821,000000,276.08,301.26,276.08,301.26,0,0
PTG_MV,D,20230822,000000,298.46,298.46,297.53,298.46,0,0
PTG_MV,D,20230823,000000,298.46,298.46,291,292.86,0,0
PTG_MV,D,20230824,000000,285.4,294.73,284.47,294.73,0,0
PTG_MV,D,20230825,000000,291.93,293.8,284.47,293.8,0,0
PTG_MV,D,20230828,000000,284.47,293.8,284.47,293.8,0,0
PTG_MV,D,20230829,000000,288.2,293.8,284.47,293.8,0,0
PTG_MV,D,20230830,000000,287.27,289.13,287.27,288.2,0,0
PTG_MV,D,20230831,000000,292.86,292.86,282.6,282.6,0,0
PTG_MV,D,20230901,000000,286.34,297.53,285.4,297.53,0,0
PTG_MV,D,20230904,000000,291.93,291.93,281.67,291.93,0,0
PTG_MV,D,20230905,000000,280.74,291,279.81,291,0,0
PTG_MV,D,20230906,000000,283.54,291,283.54,289.13,0,0
PTG_MV,D,20230907,000000,288.2,288.2,283.54,287.27,0,0
PTG_MV,D,20230908,000000,282.6,282.6,274.21,279.81,0,0
PTG_MV,D,20230911,000000,275.14,278.87,269.55,278.87,0,0
PTG_MV,D,20230912,000000,278.87,287.27,277.01,287.27,0,0
PTG_MV,D,20230913,000000,287.27,287.27,281.67,287.27,0,0
PTG_MV,D,20230914,000000,285.4,285.4,285.4,285.4,0,0
PTG_MV,D,20230915,000000,279.81,284.47,279.81,280.74,0,0
PTG_MV,D,20230918,000000,272.35,280.74,272.35,280.74,0,0
PTG_MV,D,20230919,000000,275.14,276.08,273.28,276.08,0,0
PTG_MV,D,20230920,000000,273.28,285.4,272.35,285.4,0,0
PTG_MV,D,20230921,000000,277.01,284.47,277.01,283.54,0,0
PTG_MV,D,20230922,000000,279.81,284.47,278.87,278.87,0,0
PTG_MV,D,20230925,000000,277.94,280.74,277.01,277.01,0,0
PTG_MV,D,20230926,000000,277.01,279.81,274.21,278.87,0,0
PTG_MV,D,20230927,000000,275.14,279.81,274.21,279.81,0,0
PTG_MV,D,20230928,000000,279.81,279.81,273.28,278.87,0,0
PTG_MV,D,20230929,000000,273.28,277.94,272.35,277.94,0,0
PTG_MV,D,20231002,000000,273.28,277.94,269.55,273.28,0,0
PTG_MV,D,20231003,000000,268.61,273.28,266.75,270.48,0,0
PTG_MV,D,20231004,000000,270.48,279.81,266.75,279.81,0,0
