<TICKER>,<PER>,<DATE>,<TIME>,<OPEN>,<HIGH>,<LOW>,<CLOSE>,<VOL>,<OPENINT>
SAN_PE,D,20141203,000000,15.922,15.922,15.922,15.922,0,0
SAN_PE,D,20141204,000000,16.2914,16.2914,16.015,16.015,0,0
SAN_PE,D,20141205,000000,16.1071,16.1071,15.5543,15.7386,0,0
SAN_PE,D,20141208,000000,15.7386,15.922,15.7386,15.7386,0,0
SAN_PE,D,20141209,000000,15.8307,15.8307,15.2779,15.2779,0,0
SAN_PE,D,20141210,000000,15.2779,15.2779,15.0947,15.0947,0,0
SAN_PE,D,20141211,000000,15.0947,15.0947,15.0035,15.0035,0,0
SAN_PE,D,20141212,000000,14.7261,14.7261,14.635,14.7261,0,0
SAN_PE,D,20141215,000000,14.3586,14.635,14.3586,14.4497,0,0
SAN_PE,D,20141216,000000,14.3586,14.3586,13.8048,13.8048,0,0
SAN_PE,D,20141217,000000,14.5419,14.635,14.2664,14.5419,0,0
SAN_PE,D,20141218,000000,14.7261,15.1868,14.7261,15.0947,0,0
SAN_PE,D,20141219,000000,15.2779,15.2779,15.0035,15.1868,0,0
SAN_PE,D,20141222,000000,15.2779,15.2779,14.9094,15.1868,0,0
SAN_PE,D,20141223,000000,15.1868,15.2779,15.1868,15.2779,0,0
SAN_PE,D,20141229,000000,15.5543,15.5543,14.7261,15.0947,0,0
SAN_PE,D,20150102,000000,14.8183,15.1868,14.8183,15.1868,0,0
SAN_PE,D,20150105,000000,14.4497,15.0947,14.4497,15.0947,0,0
SAN_PE,D,20150107,000000,14.2664,14.4497,14.1743,14.2664,0,0
SAN_PE,D,20150108,000000,14.5419,14.9094,14.1743,14.1743,0,0
SAN_PE,D,20150109,000000,13.4372,14.0822,12.4256,12.5178,0,0
SAN_PE,D,20150112,000000,12.8853,12.9765,12.2414,12.7011,0,0
SAN_PE,D,20150113,000000,13.1617,13.99,12.6089,13.99,0,0
SAN_PE,D,20150114,000000,13.5303,14.2664,13.5303,13.5303,0,0
SAN_PE,D,20150115,000000,13.8979,13.99,13.6215,13.7136,0,0
SAN_PE,D,20150116,000000,14.2664,14.2664,14.0822,14.0822,0,0
SAN_PE,D,20150119,000000,14.2664,14.2664,13.8979,13.8979,0,0
SAN_PE,D,20150120,000000,14.3586,14.3586,14.2664,14.2664,0,0
SAN_PE,D,20150121,000000,14.2664,14.2664,13.7136,13.7136,0,0
SAN_PE,D,20150122,000000,13.8048,14.7261,13.8048,14.7261,0,0
SAN_PE,D,20150123,000000,14.7261,14.9094,14.7261,14.9094,0,0
SAN_PE,D,20150126,000000,14.9094,14.9094,14.3586,14.3586,0,0
SAN_PE,D,20150127,000000,14.635,14.635,14.3586,14.4497,0,0
SAN_PE,D,20150128,000000,14.5419,14.5419,14.3586,14.3586,0,0
SAN_PE,D,20150129,000000,13.99,14.3586,13.8979,14.3586,0,0
SAN_PE,D,20150130,000000,14.1743,14.1743,13.8979,13.99,0,0
SAN_PE,D,20150202,000000,13.8979,13.8979,13.5303,13.8048,0,0
SAN_PE,D,20150203,000000,14.2664,14.4497,14.0822,14.4497,0,0
SAN_PE,D,20150204,000000,14.4497,14.5419,13.99,14.5419,0,0
SAN_PE,D,20150205,000000,14.635,14.635,14.0822,14.3586,0,0
SAN_PE,D,20150206,000000,14.3586,14.635,14.3586,14.635,0,0
SAN_PE,D,20150209,000000,14.2664,14.5419,14.2664,14.5419,0,0
SAN_PE,D,20150210,000000,14.3586,14.635,14.1743,14.1743,0,0
SAN_PE,D,20150211,000000,14.1743,14.1743,14.1743,14.1743,0,0
SAN_PE,D,20150212,000000,14.1743,14.7261,14.1743,14.7261,0,0
SAN_PE,D,20150213,000000,14.8183,15.0947,14.8183,15.0947,0,0
SAN_PE,D,20150216,000000,15.0947,15.0947,14.5419,14.9094,0,0
SAN_PE,D,20150217,000000,14.9094,14.9094,14.9094,14.9094,0,0
SAN_PE,D,20150218,000000,15.0947,15.2779,15.0947,15.2779,0,0
SAN_PE,D,20150219,000000,15.2779,15.922,15.2779,15.922,0,0
SAN_PE,D,20150223,000000,15.4632,15.4632,14.9094,15.0035,0,0
SAN_PE,D,20150224,000000,14.635,15.4632,14.635,15.4632,0,0
SAN_PE,D,20150225,000000,14.9094,15.371,14.9094,15.371,0,0
SAN_PE,D,20150226,000000,15.371,15.4632,15.371,15.4632,0,0
SAN_PE,D,20150227,000000,15.4632,15.5543,15.4632,15.5543,0,0
SAN_PE,D,20150302,000000,15.5543,15.5543,15.5543,15.5543,0,0
SAN_PE,D,20150303,000000,15.5543,15.5543,15.2779,15.2779,0,0
SAN_PE,D,20150304,000000,15.4632,15.5543,15.4632,15.4632,0,0
SAN_PE,D,20150305,000000,15.4632,15.5543,15.4632,15.5543,0,0
SAN_PE,D,20150306,000000,15.5543,15.6465,15.5543,15.6465,0,0
SAN_PE,D,20150309,000000,15.5543,15.5543,15.371,15.371,0,0
SAN_PE,D,20150310,000000,15.1868,15.371,15.1868,15.2779,0,0
SAN_PE,D,20150311,000000,15.2779,15.371,15.1868,15.1868,0,0
SAN_PE,D,20150312,000000,15.1868,15.4632,15.1868,15.4632,0,0
SAN_PE,D,20150313,000000,15.1868,15.4632,15.1868,15.371,0,0
SAN_PE,D,20150316,000000,15.4632,15.5543,15.4632,15.5543,0,0
SAN_PE,D,20150317,000000,15.5543,15.5543,15.5543,15.5543,0,0
SAN_PE,D,20150318,000000,15.371,15.4632,15.0947,15.4632,0,0
SAN_PE,D,20150319,000000,15.4632,15.5543,15.4632,15.5543,0,0
SAN_PE,D,20150320,000000,15.6465,16.1071,15.6465,16.1071,0,0
SAN_PE,D,20150323,000000,16.3826,16.3826,16.015,16.015,0,0
SAN_PE,D,20150324,000000,16.2914,16.4748,16.2914,16.4748,0,0
SAN_PE,D,20150325,000000,16.4748,16.4748,16.2914,16.2914,0,0
SAN_PE,D,20150326,000000,16.1993,16.2914,16.1993,16.2914,0,0
SAN_PE,D,20150327,000000,16.4748,16.5669,16.2914,16.5669,0,0
SAN_PE,D,20150330,000000,16.5669,16.659,16.5669,16.659,0,0
SAN_PE,D,20150331,000000,16.7502,16.7502,16.5669,16.5669,0,0
SAN_PE,D,20150401,000000,16.659,16.8423,16.659,16.8423,0,0
SAN_PE,D,20150402,000000,16.1993,17.0276,16.1993,17.0276,0,0
SAN_PE,D,20150407,000000,16.2914,16.9364,16.2914,16.7502,0,0
SAN_PE,D,20150408,000000,16.8423,17.0276,16.8423,17.0276,0,0
SAN_PE,D,20150409,000000,17.0276,17.0276,16.659,16.659,0,0
SAN_PE,D,20150410,000000,16.7502,16.7502,16.659,16.659,0,0
SAN_PE,D,20150413,000000,16.7502,16.7502,16.4748,16.4748,0,0
SAN_PE,D,20150414,000000,16.5669,16.5669,16.4748,16.5669,0,0
SAN_PE,D,20150415,000000,16.5669,16.9364,16.5669,16.9364,0,0
SAN_PE,D,20150416,000000,16.4748,16.9364,16.3826,16.9364,0,0
SAN_PE,D,20150417,000000,16.015,16.2914,15.6465,15.6465,0,0
SAN_PE,D,20150420,000000,15.6465,16.1071,15.5543,16.1071,0,0
SAN_PE,D,20150421,000000,15.7386,15.8307,15.7386,15.8307,0,0
SAN_PE,D,20150422,000000,15.7386,15.8307,15.5543,15.5543,0,0
SAN_PE,D,20150423,000000,15.5543,15.5543,15.5543,15.5543,0,0
SAN_PE,D,20150427,000000,15.922,16.015,15.922,15.922,0,0
SAN_PE,D,20150428,000000,16.1071,16.1993,14.1743,14.1743,0,0
SAN_PE,D,20150429,000000,14.1743,14.2664,14.1743,14.1743,0,0
SAN_PE,D,20150430,000000,13.99,14.4497,13.99,14.3586,0,0
SAN_PE,D,20150504,000000,14.1743,14.3586,14.1743,14.2664,0,0
SAN_PE,D,20150505,000000,14.1743,14.2664,14.1743,14.2664,0,0
SAN_PE,D,20150506,000000,13.8979,14.0822,13.8979,13.8979,0,0
SAN_PE,D,20150507,000000,13.8979,13.8979,13.8048,13.8048,0,0
SAN_PE,D,20150508,000000,13.8979,14.2664,13.8979,14.2664,0,0
SAN_PE,D,20150511,000000,14.2664,14.4497,14.1743,14.1743,0,0
SAN_PE,D,20150512,000000,14.0822,14.2664,14.0822,14.1743,0,0
SAN_PE,D,20150513,000000,13.8979,14.2664,13.8979,14.2664,0,0
SAN_PE,D,20150514,000000,14.1743,14.2664,14.1743,14.1743,0,0
SAN_PE,D,20150518,000000,14.0822,14.0822,13.7136,14.0822,0,0
SAN_PE,D,20150519,000000,14.0822,14.1743,14.0822,14.1743,0,0
SAN_PE,D,20150520,000000,14.1743,14.3586,14.1743,14.3586,0,0
SAN_PE,D,20150521,000000,14.635,14.635,14.4497,14.4497,0,0
SAN_PE,D,20150522,000000,14.1743,14.3586,14.1743,14.3586,0,0
SAN_PE,D,20150526,000000,13.99,13.99,13.99,13.99,0,0
SAN_PE,D,20150527,000000,13.8979,13.8979,13.8048,13.8048,0,0
SAN_PE,D,20150528,000000,13.8979,13.99,13.8048,13.8048,0,0
SAN_PE,D,20150601,000000,14.0822,14.0822,13.7136,14.0822,0,0
SAN_PE,D,20150602,000000,13.8048,14.1743,13.8048,14.0822,0,0
SAN_PE,D,20150603,000000,14.0822,14.0822,13.99,13.99,0,0
SAN_PE,D,20150609,000000,13.6215,13.6215,13.5303,13.5303,0,0
SAN_PE,D,20150610,000000,13.5303,13.99,13.5303,13.99,0,0
SAN_PE,D,20150611,000000,13.8048,13.8048,13.8048,13.8048,0,0
SAN_PE,D,20150612,000000,13.6215,13.7136,13.6215,13.7136,0,0
SAN_PE,D,20150615,000000,13.7136,13.7136,13.7136,13.7136,0,0
SAN_PE,D,20150617,000000,13.346,13.346,13.346,13.346,0,0
SAN_PE,D,20150618,000000,13.2539,13.2539,13.2539,13.2539,0,0
SAN_PE,D,20150619,000000,13.4372,13.6215,13.4372,13.5303,0,0
SAN_PE,D,20150622,000000,13.1617,14.2664,13.1617,14.2664,0,0
SAN_PE,D,20150623,000000,14.1743,14.5419,14.1743,14.5419,0,0
SAN_PE,D,20150624,000000,14.5419,14.5419,14.5419,14.5419,0,0
SAN_PE,D,20150625,000000,14.2664,14.2664,14.2664,14.2664,0,0
SAN_PE,D,20150626,000000,14.1743,14.5419,13.2539,14.4497,0,0
SAN_PE,D,20150629,000000,13.5303,13.5303,13.5303,13.5303,0,0
SAN_PE,D,20150701,000000,14.3586,14.3586,13.8048,13.8048,0,0
SAN_PE,D,20150703,000000,13.4372,14.3586,13.4372,14.3586,0,0
SAN_PE,D,20150706,000000,13.2539,13.2539,12.6089,12.9765,0,0
SAN_PE,D,20150707,000000,12.9765,12.9765,12.9765,12.9765,0,0
SAN_PE,D,20150708,000000,12.3335,12.8853,12.3335,12.8853,0,0
SAN_PE,D,20150710,000000,12.8853,13.6215,12.8853,13.6215,0,0
SAN_PE,D,20150714,000000,13.4372,13.6215,13.4372,13.6215,0,0
SAN_PE,D,20150715,000000,13.6215,13.8048,13.6215,13.8048,0,0
SAN_PE,D,20150716,000000,13.99,14.0822,13.99,14.0822,0,0
SAN_PE,D,20150720,000000,14.4497,14.4497,14.3586,14.3586,0,0
SAN_PE,D,20150721,000000,14.3586,14.3586,14.2664,14.2664,0,0
SAN_PE,D,20150722,000000,13.8979,13.8979,13.8979,13.8979,0,0
SAN_PE,D,20150723,000000,13.8979,13.8979,13.8979,13.8979,0,0
SAN_PE,D,20150727,000000,13.8979,13.8979,13.8979,13.8979,0,0
SAN_PE,D,20150730,000000,13.7136,13.8979,13.346,13.346,0,0
SAN_PE,D,20150731,000000,12.8853,12.8853,12.8853,12.8853,0,0
SAN_PE,D,20150811,000000,13.1617,13.1617,13.1617,13.1617,0,0
SAN_PE,D,20150812,000000,12.7932,13.1617,12.7932,13.1617,0,0
SAN_PE,D,20150813,000000,12.4256,12.4256,12.4256,12.4256,0,0
SAN_PE,D,20150814,000000,12.4256,12.4256,12.3335,12.3335,0,0
SAN_PE,D,20150817,000000,12.0571,13.0696,11.8729,13.0696,0,0
SAN_PE,D,20150819,000000,13.0696,13.0696,13.0696,13.0696,0,0
SAN_PE,D,20150821,000000,12.4256,12.4256,11.6886,11.7807,0,0
SAN_PE,D,20150824,000000,11.6886,11.6886,10.5849,10.5849,0,0
SAN_PE,D,20150825,000000,10.5849,10.9524,10.5849,10.7681,0,0
SAN_PE,D,20150827,000000,10.676,11.7807,10.676,11.7807,0,0
SAN_PE,D,20150828,000000,11.7807,11.7807,11.6886,11.6886,0,0
SAN_PE,D,20150901,000000,10.9524,11.5043,10.9524,11.5043,0,0
SAN_PE,D,20150902,000000,10.9524,11.4132,10.9524,11.4132,0,0
SAN_PE,D,20150904,000000,10.676,10.9524,10.1242,10.676,0,0
SAN_PE,D,20150907,000000,10.676,10.676,10.1242,10.1242,0,0
SAN_PE,D,20150908,000000,10.9524,10.9524,10.2163,10.2163,0,0
SAN_PE,D,20150909,000000,10.8603,11.2298,10.8603,11.2298,0,0
SAN_PE,D,20150910,000000,10.7681,10.7681,10.7681,10.7681,0,0
SAN_PE,D,20150911,000000,10.4927,11.0445,10.4927,11.0445,0,0
SAN_PE,D,20150915,000000,11.0445,11.0445,10.3085,10.3085,0,0
SAN_PE,D,20150916,000000,10.3085,10.3085,10.3085,10.3085,0,0
SAN_PE,D,20150917,000000,11.0445,11.0445,11.0445,11.0445,0,0
SAN_PE,D,20150922,000000,10.4006,10.4006,10.4006,10.4006,0,0
SAN_PE,D,20150923,000000,10.4006,10.4006,10.4006,10.4006,0,0
SAN_PE,D,20150924,000000,10.4006,10.4006,9.57236,10.3085,0,0
SAN_PE,D,20150925,000000,9.57236,10.3085,9.57236,10.3085,0,0
SAN_PE,D,20150928,000000,9.93991,10.1242,9.66354,10.0311,0,0
SAN_PE,D,20150929,000000,9.66354,9.66354,9.29692,9.29692,0,0
SAN_PE,D,20150930,000000,9.57236,9.66354,9.57236,9.66354,0,0
SAN_PE,D,20151001,000000,10.0311,10.0311,9.66354,9.66354,0,0
SAN_PE,D,20151002,000000,9.66354,9.66354,9.29692,9.29692,0,0
SAN_PE,D,20151006,000000,10.1242,10.1242,10.1242,10.1242,0,0
SAN_PE,D,20151007,000000,10.1242,10.7681,10.1242,10.7681,0,0
SAN_PE,D,20151008,000000,10.4927,10.4927,10.4006,10.4006,0,0
SAN_PE,D,20151009,000000,10.7681,10.8603,10.7681,10.8603,0,0
SAN_PE,D,20151012,000000,10.8603,10.9524,10.5849,10.9524,0,0
SAN_PE,D,20151014,000000,10.9524,10.9524,10.9524,10.9524,0,0
SAN_PE,D,20151015,000000,10.9524,10.9524,10.9524,10.9524,0,0
SAN_PE,D,20151019,000000,10.9524,10.9524,10.9524,10.9524,0,0
SAN_PE,D,20151020,000000,11.0445,11.0445,10.9524,10.9524,0,0
SAN_PE,D,20151022,000000,9.93991,10.676,9.93991,10.676,0,0
SAN_PE,D,20151023,000000,10.676,10.7681,10.676,10.7681,0,0
SAN_PE,D,20151029,000000,10.3085,10.7681,10.3085,10.676,0,0
SAN_PE,D,20151030,000000,10.3085,10.4006,10.3085,10.4006,0,0
SAN_PE,D,20151102,000000,10.7681,10.7681,10.7681,10.7681,0,0
SAN_PE,D,20151104,000000,10.676,10.676,10.676,10.676,0,0
SAN_PE,D,20151105,000000,10.676,10.8603,10.4006,10.8603,0,0
SAN_PE,D,20151106,000000,10.8603,10.8603,10.5849,10.5849,0,0
SAN_PE,D,20151113,000000,9.8478,10.9524,9.8478,10.9524,0,0
SAN_PE,D,20151119,000000,10.7681,10.7681,10.7681,10.7681,0,0
SAN_PE,D,20151124,000000,9.93991,10.4006,9.93991,10.3085,0,0
SAN_PE,D,20151126,000000,10.2163,10.8603,10.2163,10.8603,0,0
SAN_PE,D,20151127,000000,9.93991,10.8603,9.93991,10.8603,0,0
SAN_PE,D,20151203,000000,10.4006,10.8603,10.4006,10.8603,0,0
SAN_PE,D,20151207,000000,10.7681,10.7681,10.7681,10.7681,0,0
SAN_PE,D,20151208,000000,9.8478,9.8478,9.66354,9.66354,0,0
SAN_PE,D,20151209,000000,9.48023,9.66354,9.3881,9.66354,0,0
SAN_PE,D,20151211,000000,10.3085,10.3085,10.2163,10.2163,0,0
SAN_PE,D,20151214,000000,9.75663,9.75663,9.01936,9.11169,0,0
SAN_PE,D,20151215,000000,9.29692,9.3881,8.83558,9.29692,0,0
SAN_PE,D,20151216,000000,9.01936,9.3881,9.01936,9.3881,0,0
SAN_PE,D,20151217,000000,9.75663,9.75663,9.3881,9.3881,0,0
SAN_PE,D,20151221,000000,9.48023,9.93991,9.3881,9.93991,0,0
SAN_PE,D,20151223,000000,9.75663,9.75663,9.48023,9.48023,0,0
SAN_PE,D,20151228,000000,9.48023,9.75663,9.01936,9.3881,0,0
SAN_PE,D,20151229,000000,9.75663,9.75663,9.75663,9.75663,0,0
SAN_PE,D,20151230,000000,9.57236,9.66354,9.57236,9.66354,0,0
SAN_PE,D,20160104,000000,9.3881,9.66354,9.01936,9.66354,0,0
SAN_PE,D,20160105,000000,9.11169,9.57236,9.11169,9.57236,0,0
SAN_PE,D,20160107,000000,9.01936,9.20382,9.01936,9.20382,0,0
SAN_PE,D,20160108,000000,8.83558,8.83558,8.37558,8.37558,0,0
SAN_PE,D,20160112,000000,8.37558,8.92761,8.37558,8.92761,0,0
SAN_PE,D,20160114,000000,9.01936,9.01936,8.28353,8.28353,0,0
SAN_PE,D,20160115,000000,8.37558,8.37558,8.28353,8.28353,0,0
SAN_PE,D,20160118,000000,8.1915,8.1915,8.00742,8.00742,0,0
SAN_PE,D,20160121,000000,8.00742,8.00742,8.00742,8.00742,0,0
SAN_PE,D,20160122,000000,7.82325,8.37558,7.82325,8.37558,0,0
SAN_PE,D,20160126,000000,8.55966,8.55966,8.46761,8.46761,0,0
SAN_PE,D,20160127,000000,8.09947,8.09947,8.00742,8.09947,0,0
SAN_PE,D,20160128,000000,8.55966,8.55966,7.82325,7.82325,0,0
SAN_PE,D,20160129,000000,8.28353,8.28353,8.28353,8.28353,0,0
SAN_PE,D,20160202,000000,7.82325,7.82325,7.54723,7.82325,0,0
SAN_PE,D,20160203,000000,7.45519,7.45519,7.08695,7.08695,0,0
SAN_PE,D,20160204,000000,7.27111,7.45519,7.08695,7.45519,0,0
SAN_PE,D,20160205,000000,7.73131,7.82325,7.73131,7.73131,0,0
SAN_PE,D,20160208,000000,7.73131,7.73131,7.54723,7.54723,0,0
SAN_PE,D,20160209,000000,7.27111,7.27111,6.995,7.08695,0,0
SAN_PE,D,20160210,000000,7.27111,7.73131,7.17898,7.63927,0,0
SAN_PE,D,20160211,000000,6.81102,6.995,6.71889,6.995,0,0
SAN_PE,D,20160212,000000,6.995,6.995,6.90297,6.995,0,0
SAN_PE,D,20160215,000000,6.995,7.45519,6.995,7.45519,0,0
SAN_PE,D,20160216,000000,7.36306,7.36306,7.27111,7.36306,0,0
SAN_PE,D,20160217,000000,7.08695,7.54723,7.08695,7.54723,0,0
SAN_PE,D,20160218,000000,7.63927,7.63927,7.54723,7.54723,0,0
SAN_PE,D,20160219,000000,7.08695,7.73131,6.81102,7.54723,0,0
SAN_PE,D,20160222,000000,7.73131,7.73131,7.73131,7.73131,0,0
SAN_PE,D,20160223,000000,7.36306,7.45519,6.995,7.08695,0,0
SAN_PE,D,20160224,000000,7.17898,7.82325,7.17898,7.63927,0,0
SAN_PE,D,20160225,000000,7.17898,7.54723,7.17898,7.54723,0,0
SAN_PE,D,20160226,000000,7.54723,7.54723,7.08695,7.36306,0,0
SAN_PE,D,20160229,000000,7.36306,7.45519,7.27111,7.45519,0,0
SAN_PE,D,20160301,000000,7.54723,7.63927,7.36306,7.36306,0,0
SAN_PE,D,20160302,000000,7.82325,8.09947,7.82325,8.00742,0,0
SAN_PE,D,20160303,000000,8.00742,8.1915,8.00742,8.1915,0,0
SAN_PE,D,20160304,000000,8.28353,8.28353,8.28353,8.28353,0,0
SAN_PE,D,20160307,000000,8.55966,8.55966,8.37558,8.37558,0,0
SAN_PE,D,20160308,000000,8.1915,8.46761,7.91539,8.46761,0,0
SAN_PE,D,20160310,000000,8.37558,8.65169,8.37558,8.65169,0,0
SAN_PE,D,20160311,000000,8.74382,8.83558,8.65169,8.65169,0,0
SAN_PE,D,20160314,000000,9.01936,9.11169,9.01936,9.01936,0,0
SAN_PE,D,20160315,000000,9.11169,9.20382,9.11169,9.20382,0,0
SAN_PE,D,20160316,000000,9.20382,9.20382,8.74382,8.74382,0,0
SAN_PE,D,20160317,000000,8.55966,9.11169,8.28353,9.11169,0,0
SAN_PE,D,20160318,000000,9.11169,9.11169,9.11169,9.11169,0,0
SAN_PE,D,20160321,000000,9.48023,9.48023,9.48023,9.48023,0,0
SAN_PE,D,20160323,000000,9.01936,9.01936,8.28353,8.92761,0,0
SAN_PE,D,20160324,000000,8.28353,8.74382,8.28353,8.74382,0,0
SAN_PE,D,20160329,000000,8.09947,8.55966,8.09947,8.55966,0,0
SAN_PE,D,20160330,000000,8.28353,8.28353,8.28353,8.28353,0,0
SAN_PE,D,20160331,000000,8.28353,8.28353,7.82325,8.00742,0,0
SAN_PE,D,20160401,000000,8.09947,8.09947,7.73131,7.73131,0,0
SAN_PE,D,20160404,000000,8.00742,8.00742,7.63927,7.91539,0,0
SAN_PE,D,20160405,000000,7.91539,8.09947,7.54723,8.09947,0,0
SAN_PE,D,20160406,000000,7.54723,7.91539,7.45519,7.73131,0,0
SAN_PE,D,20160407,000000,7.82325,7.82325,7.27111,7.36306,0,0
SAN_PE,D,20160408,000000,7.63927,7.63927,7.63927,7.63927,0,0
SAN_PE,D,20160411,000000,7.63927,8.00742,7.45519,7.91539,0,0
SAN_PE,D,20160412,000000,7.54723,7.54723,7.54723,7.54723,0,0
SAN_PE,D,20160413,000000,7.63927,8.09947,7.63927,8.09947,0,0
SAN_PE,D,20160414,000000,8.1915,8.28353,8.1915,8.28353,0,0
SAN_PE,D,20160415,000000,8.1915,8.1915,8.1915,8.1915,0,0
SAN_PE,D,20160419,000000,8.1915,8.46761,8.1915,8.46761,0,0
SAN_PE,D,20160420,000000,8.46761,8.74382,8.37558,8.74382,0,0
SAN_PE,D,20160421,000000,8.83558,9.01936,8.74382,8.92761,0,0
SAN_PE,D,20160422,000000,9.11169,9.20382,9.01936,9.20382,0,0
SAN_PE,D,20160427,000000,9.01936,9.57236,9.01936,9.3881,0,0
SAN_PE,D,20160428,000000,9.48023,9.48023,9.3881,9.3881,0,0
SAN_PE,D,20160505,000000,8.65169,8.65169,8.00742,8.65169,0,0
SAN_PE,D,20160506,000000,8.1915,8.1915,8.1915,8.1915,0,0
SAN_PE,D,20160509,000000,7.73131,7.73131,7.73131,7.73131,0,0
SAN_PE,D,20160510,000000,8.1915,8.74382,8.1915,8.65169,0,0
SAN_PE,D,20160511,000000,8.1915,8.65169,8.1915,8.65169,0,0
SAN_PE,D,20160512,000000,8.09947,9.57236,8.09947,8.74382,0,0
SAN_PE,D,20160513,000000,9.48023,9.48023,8.28353,8.74382,0,0
SAN_PE,D,20160516,000000,8.28353,8.74382,8.28353,8.74382,0,0
SAN_PE,D,20160518,000000,8.55966,8.65169,7.82325,8.65169,0,0
SAN_PE,D,20160519,000000,8.55966,8.65169,7.91539,8.28353,0,0
SAN_PE,D,20160520,000000,7.91539,8.55966,7.91539,8.55966,0,0
SAN_PE,D,20160523,000000,8.55966,8.55966,8.37558,8.37558,0,0
SAN_PE,D,20160524,000000,8.00742,8.55966,8.00742,8.46761,0,0
SAN_PE,D,20160525,000000,7.91539,9.20382,7.91539,8.37558,0,0
SAN_PE,D,20160527,000000,7.91539,8.00742,7.91539,8.00742,0,0
SAN_PE,D,20160530,000000,8.28353,8.28353,8.09947,8.09947,0,0
SAN_PE,D,20160601,000000,8.92761,8.92761,8.28353,8.28353,0,0
SAN_PE,D,20160602,000000,8.74382,8.74382,8.37558,8.37558,0,0
SAN_PE,D,20160603,000000,8.83558,8.83558,8.83558,8.83558,0,0
SAN_PE,D,20160606,000000,8.37558,8.83558,8.37558,8.83558,0,0
SAN_PE,D,20160607,000000,9.01936,9.29692,9.01936,9.29692,0,0
SAN_PE,D,20160608,000000,9.57236,9.57236,8.37558,8.55966,0,0
SAN_PE,D,20160609,000000,8.92761,8.92761,8.46761,8.74382,0,0
SAN_PE,D,20160610,000000,9.3881,9.3881,8.09947,8.1915,0,0
SAN_PE,D,20160613,000000,8.37558,8.65169,7.82325,8.28353,0,0
SAN_PE,D,20160614,000000,7.91539,8.1915,7.91539,8.1915,0,0
SAN_PE,D,20160615,000000,7.91539,7.91539,7.54723,7.82325,0,0
SAN_PE,D,20160616,000000,7.45519,7.82325,7.36306,7.82325,0,0
SAN_PE,D,20160617,000000,7.82325,8.46761,7.82325,8.37558,0,0
SAN_PE,D,20160620,000000,8.37558,8.37558,7.54723,7.63927,0,0
SAN_PE,D,20160621,000000,7.54723,8.09947,7.45519,7.63927,0,0
SAN_PE,D,20160622,000000,7.63927,8.28353,7.63927,7.73131,0,0
SAN_PE,D,20160623,000000,7.63927,8.46761,7.63927,8.46761,0,0
SAN_PE,D,20160624,000000,7.73131,7.73131,6.90297,7.45519,0,0
SAN_PE,D,20160627,000000,7.45519,7.45519,6.995,7.08695,0,0
SAN_PE,D,20160628,000000,7.08695,7.17898,7.08695,7.17898,0,0
SAN_PE,D,20160629,000000,7.17898,7.27111,7.17898,7.27111,0,0
SAN_PE,D,20160630,000000,7.08695,7.27111,6.995,7.17898,0,0
SAN_PE,D,20160701,000000,7.08695,7.08695,6.995,7.08695,0,0
SAN_PE,D,20160704,000000,7.08695,7.54723,7.08695,7.54723,0,0
SAN_PE,D,20160705,000000,7.54723,7.54723,6.995,7.17898,0,0
SAN_PE,D,20160706,000000,6.90297,6.90297,6.81102,6.90297,0,0
SAN_PE,D,20160707,000000,6.90297,7.27111,6.90297,7.27111,0,0
SAN_PE,D,20160708,000000,6.81102,7.27111,6.81102,6.81102,0,0
SAN_PE,D,20160711,000000,7.17898,7.27111,7.08695,7.27111,0,0
SAN_PE,D,20160712,000000,7.27111,7.91539,7.27111,7.82325,0,0
SAN_PE,D,20160713,000000,7.82325,7.82325,7.36306,7.73131,0,0
SAN_PE,D,20160714,000000,7.08695,7.73131,7.08695,7.36306,0,0
SAN_PE,D,20160715,000000,7.73131,7.82325,7.73131,7.82325,0,0
SAN_PE,D,20160718,000000,7.36306,7.91539,7.36306,7.73131,0,0
SAN_PE,D,20160719,000000,7.73131,7.73131,7.63927,7.73131,0,0
SAN_PE,D,20160720,000000,7.73131,7.73131,7.73131,7.73131,0,0
SAN_PE,D,20160721,000000,7.82325,7.82325,7.82325,7.82325,0,0
SAN_PE,D,20160725,000000,7.82325,7.91539,7.17898,7.17898,0,0
SAN_PE,D,20160726,000000,7.54723,7.82325,7.27111,7.27111,0,0
SAN_PE,D,20160727,000000,7.91539,8.00742,7.91539,8.00742,0,0
SAN_PE,D,20160728,000000,7.27111,7.54723,7.27111,7.54723,0,0
SAN_PE,D,20160729,000000,8.00742,8.00742,8.00742,8.00742,0,0
SAN_PE,D,20160801,000000,8.00742,8.00742,7.63927,7.73131,0,0
SAN_PE,D,20160802,000000,7.54723,7.73131,7.27111,7.73131,0,0
SAN_PE,D,20160803,000000,7.36306,7.36306,7.17898,7.27111,0,0
SAN_PE,D,20160804,000000,7.36306,7.54723,7.36306,7.54723,0,0
SAN_PE,D,20160805,000000,7.27111,7.45519,7.27111,7.45519,0,0
SAN_PE,D,20160808,000000,7.27111,7.82325,7.27111,7.82325,0,0
SAN_PE,D,20160810,000000,7.82325,7.82325,7.82325,7.82325,0,0
SAN_PE,D,20160812,000000,7.91539,7.91539,7.82325,7.91539,0,0
SAN_PE,D,20160816,000000,7.91539,7.91539,7.91539,7.91539,0,0
SAN_PE,D,20160819,000000,7.63927,7.63927,7.63927,7.63927,0,0
SAN_PE,D,20160822,000000,7.63927,7.63927,7.63927,7.63927,0,0
SAN_PE,D,20160823,000000,7.63927,7.63927,7.63927,7.63927,0,0
SAN_PE,D,20160824,000000,7.91539,8.09947,7.91539,7.91539,0,0
SAN_PE,D,20160825,000000,7.73131,7.91539,7.73131,7.91539,0,0
SAN_PE,D,20160826,000000,8.00742,8.00742,8.00742,8.00742,0,0
SAN_PE,D,20160829,000000,8.00742,8.00742,7.91539,7.91539,0,0
SAN_PE,D,20160830,000000,8.09947,8.09947,8.00742,8.09947,0,0
SAN_PE,D,20160831,000000,8.28353,8.55966,8.1915,8.55966,0,0
SAN_PE,D,20160901,000000,8.46761,8.65169,8.09947,8.09947,0,0
SAN_PE,D,20160905,000000,8.74382,8.74382,8.65169,8.65169,0,0
SAN_PE,D,20160906,000000,8.55966,8.65169,8.55966,8.65169,0,0
SAN_PE,D,20160908,000000,8.74382,8.74382,8.74382,8.74382,0,0
SAN_PE,D,20160909,000000,8.65169,8.74382,7.91539,7.91539,0,0
SAN_PE,D,20160912,000000,7.63927,8.37558,7.63927,8.37558,0,0
SAN_PE,D,20160913,000000,8.37558,8.65169,8.37558,8.37558,0,0
SAN_PE,D,20160914,000000,8.37558,8.65169,8.28353,8.65169,0,0
SAN_PE,D,20160915,000000,8.37558,8.65169,8.37558,8.55966,0,0
SAN_PE,D,20160916,000000,8.46761,8.46761,7.91539,8.37558,0,0
SAN_PE,D,20160919,000000,8.1915,8.28353,8.1915,8.28353,0,0
SAN_PE,D,20160921,000000,8.09947,8.74382,8.09947,8.74382,0,0
SAN_PE,D,20160922,000000,8.55966,8.74382,8.46761,8.46761,0,0
SAN_PE,D,20160923,000000,8.37558,8.37558,8.28353,8.37558,0,0
SAN_PE,D,20160926,000000,8.1915,8.83558,8.00742,8.83558,0,0
SAN_PE,D,20160928,000000,8.00742,8.09947,8.00742,8.09947,0,0
SAN_PE,D,20160929,000000,8.09947,8.28353,8.09947,8.28353,0,0
SAN_PE,D,20160930,000000,7.73131,7.82325,7.73131,7.82325,0,0
SAN_PE,D,20161003,000000,8.37558,8.37558,8.28353,8.28353,0,0
SAN_PE,D,20161004,000000,8.28353,8.28353,7.82325,8.28353,0,0
SAN_PE,D,20161006,000000,8.1915,8.37558,8.1915,8.37558,0,0
SAN_PE,D,20161007,000000,8.28353,8.28353,8.1915,8.1915,0,0
SAN_PE,D,20161010,000000,8.09947,8.1915,8.09947,8.1915,0,0
SAN_PE,D,20161012,000000,8.1915,8.1915,8.1915,8.1915,0,0
SAN_PE,D,20161013,000000,8.46761,8.46761,8.28353,8.28353,0,0
SAN_PE,D,20161014,000000,8.1915,8.28353,8.1915,8.28353,0,0
SAN_PE,D,20161018,000000,8.28353,8.46761,8.28353,8.46761,0,0
SAN_PE,D,20161019,000000,8.46761,8.46761,8.37558,8.37558,0,0
SAN_PE,D,20161020,000000,8.55966,8.74382,8.55966,8.74382,0,0
SAN_PE,D,20161021,000000,8.65169,8.92761,8.65169,8.74382,0,0
SAN_PE,D,20161024,000000,8.92761,9.29692,8.92761,9.29692,0,0
SAN_PE,D,20161025,000000,9.11169,9.11169,9.11169,9.11169,0,0
SAN_PE,D,20161026,000000,9.29692,9.29692,9.11169,9.11169,0,0
SAN_PE,D,20161027,000000,9.20382,9.3881,9.20382,9.29692,0,0
SAN_PE,D,20161028,000000,9.29692,9.29692,9.29692,9.29692,0,0
SAN_PE,D,20161031,000000,9.29692,9.29692,9.29692,9.29692,0,0
SAN_PE,D,20161102,000000,9.29692,9.29692,9.20382,9.20382,0,0
SAN_PE,D,20161103,000000,9.29692,9.29692,9.29692,9.29692,0,0
SAN_PE,D,20161108,000000,8.92761,8.92761,8.83558,8.83558,0,0
SAN_PE,D,20161109,000000,8.92761,8.92761,8.83558,8.83558,0,0
SAN_PE,D,20161110,000000,9.20382,9.48023,9.20382,9.3881,0,0
SAN_PE,D,20161115,000000,9.20382,9.66354,9.20382,9.48023,0,0
SAN_PE,D,20161116,000000,8.55966,9.29692,8.55966,9.20382,0,0
SAN_PE,D,20161117,000000,8.92761,9.01936,8.92761,9.01936,0,0
SAN_PE,D,20161118,000000,9.11169,9.11169,9.01936,9.01936,0,0
SAN_PE,D,20161123,000000,8.83558,8.92761,8.83558,8.92761,0,0
SAN_PE,D,20161124,000000,9.11169,9.11169,9.11169,9.11169,0,0
SAN_PE,D,20161125,000000,9.01936,9.01936,9.01936,9.01936,0,0
SAN_PE,D,20161128,000000,9.01936,9.01936,9.01936,9.01936,0,0
SAN_PE,D,20161130,000000,9.11169,9.11169,8.74382,9.11169,0,0
SAN_PE,D,20161201,000000,9.11169,9.11169,9.01936,9.01936,0,0
SAN_PE,D,20161202,000000,8.92761,8.92761,8.83558,8.83558,0,0
SAN_PE,D,20161206,000000,9.20382,9.29692,9.20382,9.29692,0,0
SAN_PE,D,20161207,000000,9.29692,9.66354,9.29692,9.57236,0,0
SAN_PE,D,20161208,000000,9.66354,10.3085,9.66354,10.3085,0,0
SAN_PE,D,20161209,000000,10.7681,10.7681,10.2163,10.2163,0,0
SAN_PE,D,20161213,000000,10.0311,10.3085,10.0311,10.2163,0,0
SAN_PE,D,20161215,000000,10.7681,10.7681,10.7681,10.7681,0,0
SAN_PE,D,20161219,000000,10.4927,10.5849,10.4927,10.5849,0,0
SAN_PE,D,20161222,000000,9.93991,10.4927,9.93991,10.2163,0,0
SAN_PE,D,20161223,000000,10.2163,10.3085,10.2163,10.3085,0,0
SAN_PE,D,20161227,000000,10.1242,10.4927,10.1242,10.4006,0,0
SAN_PE,D,20161228,000000,9.93991,10.1242,9.29692,10.1242,0,0
SAN_PE,D,20161229,000000,10.676,10.676,10.676,10.676,0,0
SAN_PE,D,20170103,000000,10.676,10.676,10.676,10.676,0,0
SAN_PE,D,20170109,000000,10.8603,10.8603,10.8603,10.8603,0,0
SAN_PE,D,20170113,000000,10.4927,10.9524,10.4927,10.9524,0,0
SAN_PE,D,20170116,000000,10.8603,10.9524,10.8603,10.9524,0,0
SAN_PE,D,20170117,000000,10.8603,10.8603,10.7681,10.7681,0,0
SAN_PE,D,20170118,000000,10.3085,10.7681,10.3085,10.7681,0,0
SAN_PE,D,20170125,000000,10.9524,11.2298,10.9524,11.1367,0,0
SAN_PE,D,20170126,000000,11.1367,11.965,11.1367,11.1367,0,0
SAN_PE,D,20170127,000000,10.8603,11.5974,10.4927,11.5974,0,0
SAN_PE,D,20170130,000000,10.676,10.676,10.676,10.676,0,0
SAN_PE,D,20170131,000000,10.5849,11.321,10.5849,11.321,0,0
SAN_PE,D,20170201,000000,11.321,11.321,11.321,11.321,0,0
SAN_PE,D,20170203,000000,11.4132,11.4132,11.4132,11.4132,0,0
SAN_PE,D,20170207,000000,11.321,11.6886,11.321,11.6886,0,0
SAN_PE,D,20170208,000000,10.676,10.8603,10.4927,10.4927,0,0
SAN_PE,D,20170209,000000,10.4927,11.2298,10.4927,11.1367,0,0
SAN_PE,D,20170210,000000,10.4006,10.7681,10.2163,10.2163,0,0
SAN_PE,D,20170213,000000,10.676,10.676,10.4927,10.5849,0,0
SAN_PE,D,20170214,000000,10.5849,10.7681,10.4006,10.7681,0,0
SAN_PE,D,20170215,000000,10.5849,10.676,10.5849,10.5849,0,0
SAN_PE,D,20170216,000000,10.4927,10.4927,10.4927,10.4927,0,0
SAN_PE,D,20170221,000000,10.4006,10.4006,10.2163,10.3085,0,0
SAN_PE,D,20170222,000000,10.4927,10.4927,10.4927,10.4927,0,0
SAN_PE,D,20170224,000000,10.3085,10.3085,10.3085,10.3085,0,0
SAN_PE,D,20170227,000000,10.2163,10.2163,10.2163,10.2163,0,0
SAN_PE,D,20170228,000000,10.4006,10.4006,10.4006,10.4006,0,0
SAN_PE,D,20170301,000000,10.4006,10.5849,10.4006,10.5849,0,0
SAN_PE,D,20170303,000000,10.676,10.8603,10.676,10.8603,0,0
SAN_PE,D,20170306,000000,10.676,10.9524,10.676,10.8603,0,0
SAN_PE,D,20170308,000000,10.7681,10.7681,10.7681,10.7681,0,0
SAN_PE,D,20170309,000000,10.7681,10.9524,10.7681,10.9524,0,0
SAN_PE,D,20170310,000000,11.1367,11.4132,10.676,11.321,0,0
SAN_PE,D,20170316,000000,11.321,11.321,11.2298,11.321,0,0
SAN_PE,D,20170317,000000,11.321,11.5974,11.321,11.5974,0,0
SAN_PE,D,20170321,000000,11.5974,11.6886,11.5974,11.6886,0,0
SAN_PE,D,20170322,000000,11.4132,11.6886,11.4132,11.6886,0,0
SAN_PE,D,20170323,000000,11.6886,11.6886,11.5974,11.5974,0,0
SAN_PE,D,20170327,000000,11.4132,11.6886,11.2298,11.6886,0,0
SAN_PE,D,20170328,000000,11.4132,12.4256,11.4132,12.4256,0,0
SAN_PE,D,20170329,000000,12.5178,12.5178,12.5178,12.5178,0,0
SAN_PE,D,20170331,000000,12.2414,12.2414,12.2414,12.2414,0,0
SAN_PE,D,20170403,000000,12.3335,12.5178,12.3335,12.4256,0,0
SAN_PE,D,20170404,000000,12.4256,12.4256,12.3335,12.3335,0,0
SAN_PE,D,20170405,000000,12.3335,12.3335,12.3335,12.3335,0,0
SAN_PE,D,20170406,000000,12.1493,12.1493,12.1493,12.1493,0,0
SAN_PE,D,20170407,000000,12.2414,12.2414,12.2414,12.2414,0,0
SAN_PE,D,20170410,000000,12.3335,12.6089,12.3335,12.6089,0,0
SAN_PE,D,20170413,000000,11.965,11.965,11.7807,11.8729,0,0
SAN_PE,D,20170418,000000,11.8729,11.8729,11.6886,11.6886,0,0
SAN_PE,D,20170419,000000,11.965,11.965,11.965,11.965,0,0
SAN_PE,D,20170420,000000,12.2414,12.5178,12.2414,12.4256,0,0
SAN_PE,D,20170421,000000,12.1493,12.6089,12.1493,12.5178,0,0
SAN_PE,D,20170424,000000,12.5178,12.8853,12.5178,12.7011,0,0
SAN_PE,D,20170425,000000,12.7011,13.346,12.6089,13.0696,0,0
SAN_PE,D,20170427,000000,12.5178,13.0696,12.5178,13.0696,0,0
SAN_PE,D,20170428,000000,13.0696,13.0696,12.5178,13.0696,0,0
SAN_PE,D,20170502,000000,12.7932,12.7932,12.7932,12.7932,0,0
SAN_PE,D,20170504,000000,12.7932,12.8853,12.7932,12.7932,0,0
SAN_PE,D,20170505,000000,12.7011,13.0696,12.7011,13.0696,0,0
SAN_PE,D,20170508,000000,12.4256,13.0696,12.4256,12.8853,0,0
SAN_PE,D,20170509,000000,12.9765,12.9765,12.7932,12.8853,0,0
SAN_PE,D,20170510,000000,12.8853,12.8853,12.7932,12.7932,0,0
SAN_PE,D,20170512,000000,12.5178,12.5178,12.5178,12.5178,0,0
SAN_PE,D,20170515,000000,12.6089,12.6089,12.5178,12.5178,0,0
SAN_PE,D,20170517,000000,12.7011,12.7932,12.4256,12.5178,0,0
SAN_PE,D,20170518,000000,12.3335,13.1617,11.8729,12.4256,0,0
SAN_PE,D,20170519,000000,13.4372,13.4372,12.0571,12.2414,0,0
SAN_PE,D,20170522,000000,13.2539,13.2539,13.2539,13.2539,0,0
SAN_PE,D,20170523,000000,11.965,12.3335,11.8729,12.3335,0,0
SAN_PE,D,20170524,000000,13.346,13.346,12.3335,13.0696,0,0
SAN_PE,D,20170525,000000,12.3335,12.3335,12.0571,12.1493,0,0
SAN_PE,D,20170526,000000,12.1493,12.1493,12.0571,12.0571,0,0
SAN_PE,D,20170530,000000,12.0571,12.9765,12.0571,12.3335,0,0
SAN_PE,D,20170601,000000,12.1493,12.1493,11.8729,11.965,0,0
SAN_PE,D,20170602,000000,12.3335,12.3335,12.3335,12.3335,0,0
SAN_PE,D,20170606,000000,12.0571,12.0571,12.0571,12.0571,0,0
SAN_PE,D,20170607,000000,12.2414,12.2414,12.1493,12.1493,0,0
SAN_PE,D,20170608,000000,12.2414,12.7011,12.2414,12.4256,0,0
SAN_PE,D,20170609,000000,12.3335,12.6089,12.3335,12.5178,0,0
SAN_PE,D,20170612,000000,12.5178,12.8853,12.5178,12.8853,0,0
SAN_PE,D,20170613,000000,11.7807,12.1493,11.7807,12.1493,0,0
SAN_PE,D,20170614,000000,12.7011,12.7011,12.4256,12.7011,0,0
SAN_PE,D,20170616,000000,12.9765,12.9765,12.1493,12.8853,0,0
SAN_PE,D,20170619,000000,12.8853,12.8853,12.5178,12.5178,0,0
SAN_PE,D,20170627,000000,12.2414,12.3335,12.2414,12.3335,0,0
SAN_PE,D,20170628,000000,12.2414,12.3335,12.2414,12.3335,0,0
SAN_PE,D,20170630,000000,12.2414,12.2414,12.2414,12.2414,0,0
SAN_PE,D,20170703,000000,12.2414,12.3335,12.2414,12.3335,0,0
SAN_PE,D,20170704,000000,12.4256,12.4256,12.4256,12.4256,0,0
SAN_PE,D,20170705,000000,12.6089,12.6089,12.5178,12.5178,0,0
SAN_PE,D,20170706,000000,12.2414,12.7011,12.2414,12.7011,0,0
SAN_PE,D,20170707,000000,12.3335,12.3335,12.3335,12.3335,0,0
SAN_PE,D,20170710,000000,12.6089,12.7011,12.6089,12.7011,0,0
SAN_PE,D,20170711,000000,12.7011,12.7011,12.0571,12.0571,0,0
SAN_PE,D,20170713,000000,12.0571,12.3335,12.0571,12.1493,0,0
SAN_PE,D,20170714,000000,12.2414,12.2414,11.8729,11.8729,0,0
SAN_PE,D,20170717,000000,12.2414,12.2414,11.8729,11.8729,0,0
SAN_PE,D,20170719,000000,11.7807,11.7807,11.5043,11.6886,0,0
SAN_PE,D,20170720,000000,12.7011,12.7011,12.7011,12.7011,0,0
SAN_PE,D,20170721,000000,12.6089,12.6089,11.8729,11.965,0,0
SAN_PE,D,20170724,000000,12.3335,12.3335,11.965,11.965,0,0
SAN_PE,D,20170727,000000,12.2414,13.4372,12.2414,13.4372,0,0
SAN_PE,D,20170728,000000,12.7932,13.5303,12.7932,12.8853,0,0
SAN_PE,D,20170801,000000,12.8853,12.9765,12.8853,12.9765,0,0
SAN_PE,D,20170803,000000,12.5178,12.5178,12.5178,12.5178,0,0
SAN_PE,D,20170807,000000,12.7932,12.8853,12.7932,12.8853,0,0
SAN_PE,D,20170809,000000,13.0696,13.0696,12.7932,12.7932,0,0
SAN_PE,D,20170811,000000,12.3335,12.4256,12.2414,12.3335,0,0
SAN_PE,D,20170814,000000,12.3335,12.5178,12.3335,12.3335,0,0
SAN_PE,D,20170818,000000,12.1493,12.1493,12.0571,12.1493,0,0
SAN_PE,D,20170823,000000,12.0571,12.0571,12.0571,12.0571,0,0
SAN_PE,D,20170828,000000,12.4256,12.5178,12.4256,12.5178,0,0
SAN_PE,D,20170831,000000,12.0571,12.7011,12.0571,12.7011,0,0
SAN_PE,D,20170905,000000,11.965,11.965,11.965,11.965,0,0
SAN_PE,D,20170906,000000,11.965,11.965,11.8729,11.965,0,0
SAN_PE,D,20170907,000000,11.965,11.965,11.965,11.965,0,0
SAN_PE,D,20170908,000000,12.0571,12.1493,12.0571,12.1493,0,0
SAN_PE,D,20170911,000000,12.0571,12.0571,11.965,11.965,0,0
SAN_PE,D,20170912,000000,12.5178,12.5178,12.1493,12.2414,0,0
SAN_PE,D,20170913,000000,12.4256,12.4256,12.4256,12.4256,0,0
SAN_PE,D,20170914,000000,12.6089,12.6089,12.4256,12.4256,0,0
SAN_PE,D,20170915,000000,12.4256,12.4256,12.3335,12.3335,0,0
SAN_PE,D,20170918,000000,12.4256,12.4256,12.4256,12.4256,0,0
SAN_PE,D,20170921,000000,12.4256,12.6089,12.4256,12.4256,0,0
SAN_PE,D,20170926,000000,12.7932,12.8853,12.7932,12.8853,0,0
SAN_PE,D,20170927,000000,12.9765,13.1617,12.9765,13.0696,0,0
SAN_PE,D,20170928,000000,13.0696,13.0696,13.0696,13.0696,0,0
SAN_PE,D,20171002,000000,12.6089,12.6089,12.6089,12.6089,0,0
SAN_PE,D,20171003,000000,12.7932,12.7932,12.7932,12.7932,0,0
SAN_PE,D,20171005,000000,12.4256,13.1617,12.4256,13.1617,0,0
SAN_PE,D,20171009,000000,12.7932,12.7932,12.7932,12.7932,0,0
SAN_PE,D,20171010,000000,13.0696,13.0696,12.9765,12.9765,0,0
SAN_PE,D,20171012,000000,12.5178,12.6089,12.5178,12.6089,0,0
SAN_PE,D,20171013,000000,12.4256,12.4256,12.4256,12.4256,0,0
SAN_PE,D,20171016,000000,12.4256,12.4256,12.2414,12.2414,0,0
SAN_PE,D,20171018,000000,12.2414,12.2414,12.2414,12.2414,0,0
SAN_PE,D,20171024,000000,12.1493,12.2414,12.1493,12.2414,0,0
SAN_PE,D,20171027,000000,12.2414,12.2414,11.6886,12.1493,0,0
SAN_PE,D,20171030,000000,12.2414,12.3335,12.1493,12.3335,0,0
SAN_PE,D,20171031,000000,12.4256,12.4256,12.3335,12.4256,0,0
SAN_PE,D,20171103,000000,12.3335,12.3335,12.3335,12.3335,0,0
SAN_PE,D,20171106,000000,12.6089,12.6089,12.2414,12.2414,0,0
SAN_PE,D,20171108,000000,11.8729,12.3335,11.8729,12.3335,0,0
SAN_PE,D,20171109,000000,12.0571,12.3335,12.0571,12.0571,0,0
SAN_PE,D,20171110,000000,12.0571,12.0571,12.0571,12.0571,0,0
SAN_PE,D,20171113,000000,12.3335,12.3335,12.3335,12.3335,0,0
SAN_PE,D,20171114,000000,11.8729,12.3335,11.8729,11.8729,0,0
SAN_PE,D,20171115,000000,12.2414,12.2414,11.6886,11.6886,0,0
SAN_PE,D,20171116,000000,11.6886,12.0571,11.6886,11.965,0,0
SAN_PE,D,20171117,000000,11.6886,11.965,11.6886,11.6886,0,0
SAN_PE,D,20171121,000000,11.8729,11.8729,11.8729,11.8729,0,0
SAN_PE,D,20171122,000000,11.5974,11.965,11.5974,11.965,0,0
SAN_PE,D,20171123,000000,12.3335,12.3335,11.8729,11.8729,0,0
SAN_PE,D,20171127,000000,11.965,12.1493,11.965,12.1493,0,0
SAN_PE,D,20171128,000000,12.7011,12.7011,12.7011,12.7011,0,0
SAN_PE,D,20171129,000000,12.7011,12.7011,12.7011,12.7011,0,0
SAN_PE,D,20171204,000000,12.6089,12.6089,12.6089,12.6089,0,0
SAN_PE,D,20171206,000000,12.4256,12.4256,12.4256,12.4256,0,0
SAN_PE,D,20171207,000000,11.5043,11.8729,11.5043,11.6886,0,0
SAN_PE,D,20171208,000000,12.1493,12.6089,11.6886,11.965,0,0
SAN_PE,D,20171211,000000,12.6089,12.6089,11.965,12.2414,0,0
SAN_PE,D,20171212,000000,12.0571,12.0571,12.0571,12.0571,0,0
SAN_PE,D,20171213,000000,12.1493,12.1493,12.1493,12.1493,0,0
SAN_PE,D,20171214,000000,12.0571,12.0571,11.965,11.965,0,0
SAN_PE,D,20171215,000000,11.965,11.965,11.965,11.965,0,0
SAN_PE,D,20171218,000000,11.965,11.965,11.965,11.965,0,0
SAN_PE,D,20171219,000000,11.965,12.0571,11.965,12.0571,0,0
SAN_PE,D,20171220,000000,12.0571,12.1493,12.0571,12.1493,0,0
SAN_PE,D,20171221,000000,12.0571,12.0571,12.0571,12.0571,0,0
SAN_PE,D,20171222,000000,12.0571,12.0571,12.0571,12.0571,0,0
SAN_PE,D,20171227,000000,12.2414,12.2414,12.2414,12.2414,0,0
SAN_PE,D,20171228,000000,11.7807,11.965,11.7807,11.965,0,0
SAN_PE,D,20171229,000000,11.7807,12.3335,11.7807,12.2414,0,0
SAN_PE,D,20180103,000000,12.0571,12.1493,12.0571,12.1493,0,0
SAN_PE,D,20180104,000000,11.7807,12.3335,11.7807,12.3335,0,0
SAN_PE,D,20180108,000000,12.4256,12.4256,12.3335,12.3335,0,0
SAN_PE,D,20180109,000000,12.2414,12.7011,12.2414,12.6089,0,0
SAN_PE,D,20180111,000000,11.8729,12.6089,11.8729,12.6089,0,0
SAN_PE,D,20180112,000000,12.6089,12.6089,12.6089,12.6089,0,0
SAN_PE,D,20180115,000000,12.7932,12.7932,12.7932,12.7932,0,0
SAN_PE,D,20180122,000000,12.7932,12.7932,12.7932,12.7932,0,0
SAN_PE,D,20180124,000000,12.9765,12.9765,12.9765,12.9765,0,0
SAN_PE,D,20180126,000000,12.9765,13.0696,12.9765,13.0696,0,0
SAN_PE,D,20180129,000000,13.0696,13.0696,13.0696,13.0696,0,0
SAN_PE,D,20180130,000000,12.8853,12.8853,12.6089,12.6089,0,0
SAN_PE,D,20180131,000000,13.1617,13.1617,13.1617,13.1617,0,0
SAN_PE,D,20180202,000000,12.5178,12.5178,12.1493,12.1493,0,0
SAN_PE,D,20180205,000000,12.5178,12.5178,11.7807,12.5178,0,0
SAN_PE,D,20180206,000000,11.4132,12.5178,11.4132,12.5178,0,0
SAN_PE,D,20180207,000000,12.5178,12.5178,11.5974,11.5974,0,0
SAN_PE,D,20180209,000000,11.4132,11.8729,11.4132,11.8729,0,0
SAN_PE,D,20180212,000000,11.1367,11.4132,11.1367,11.321,0,0
SAN_PE,D,20180213,000000,11.321,11.321,11.321,11.321,0,0
SAN_PE,D,20180219,000000,11.4132,11.8729,11.4132,11.8729,0,0
SAN_PE,D,20180221,000000,12.6089,13.0696,12.6089,12.6089,0,0
SAN_PE,D,20180222,000000,12.9765,12.9765,12.8853,12.8853,0,0
SAN_PE,D,20180223,000000,12.8853,12.8853,12.7932,12.7932,0,0
SAN_PE,D,20180227,000000,12.8853,12.9765,12.7932,12.9765,0,0
SAN_PE,D,20180302,000000,12.5178,12.5178,12.3335,12.3335,0,0
SAN_PE,D,20180305,000000,12.7932,12.7932,12.7932,12.7932,0,0
SAN_PE,D,20180306,000000,12.3335,12.8853,12.3335,12.8853,0,0
SAN_PE,D,20180309,000000,12.4256,12.4256,12.4256,12.4256,0,0
SAN_PE,D,20180312,000000,12.5178,12.5178,12.4256,12.4256,0,0
SAN_PE,D,20180314,000000,12.3335,12.3335,12.3335,12.3335,0,0
SAN_PE,D,20180319,000000,12.3335,12.3335,12.3335,12.3335,0,0
SAN_PE,D,20180320,000000,12.2414,12.2414,12.2414,12.2414,0,0
SAN_PE,D,20180322,000000,11.8729,11.8729,11.7807,11.7807,0,0
SAN_PE,D,20180326,000000,12.2414,12.2414,12.1493,12.1493,0,0
SAN_PE,D,20180328,000000,11.6886,11.6886,11.4132,11.5043,0,0
SAN_PE,D,20180404,000000,11.8729,11.8729,11.5974,11.5974,0,0
SAN_PE,D,20180405,000000,11.8729,11.8729,11.8729,11.8729,0,0
SAN_PE,D,20180416,000000,11.965,11.965,11.965,11.965,0,0
SAN_PE,D,20180423,000000,12.4256,12.4256,12.4256,12.4256,0,0
SAN_PE,D,20180424,000000,12.4256,12.9765,12.4256,12.5178,0,0
SAN_PE,D,20180425,000000,11.7807,11.7807,11.7807,11.7807,0,0
SAN_PE,D,20180426,000000,12.4256,12.4256,11.6886,11.6886,0,0
SAN_PE,D,20180427,000000,11.7807,11.7807,11.7807,11.7807,0,0
SAN_PE,D,20180430,000000,11.7807,11.7807,11.7807,11.7807,0,0
SAN_PE,D,20180504,000000,12.3335,12.3335,11.5974,11.5974,0,0
SAN_PE,D,20180507,000000,11.5974,11.5974,11.5974,11.5974,0,0
SAN_PE,D,20180514,000000,11.965,11.965,11.965,11.965,0,0
SAN_PE,D,20180518,000000,11.5974,12.1493,11.5974,12.1493,0,0
SAN_PE,D,20180521,000000,11.6886,12.1493,11.6886,12.1493,0,0
SAN_PE,D,20180523,000000,11.965,11.965,11.965,11.965,0,0
SAN_PE,D,20180524,000000,11.6886,11.6886,10.9524,10.9524,0,0
SAN_PE,D,20180525,000000,9.93991,10.8603,9.93991,10.8603,0,0
SAN_PE,D,20180528,000000,10.9524,11.0445,10.7681,10.7681,0,0
SAN_PE,D,20180529,000000,10.3085,10.7681,10.1242,10.1242,0,0
SAN_PE,D,20180601,000000,10.4006,10.676,10.4006,10.676,0,0
SAN_PE,D,20180604,000000,10.4006,10.4927,10.4006,10.4927,0,0
SAN_PE,D,20180605,000000,10.676,10.676,10.676,10.676,0,0
SAN_PE,D,20180606,000000,10.676,10.676,10.676,10.676,0,0
SAN_PE,D,20180611,000000,10.2163,11.0445,10.2163,10.9524,0,0
SAN_PE,D,20180620,000000,10.4927,10.4927,10.4006,10.4006,0,0
SAN_PE,D,20180626,000000,10.4006,10.4006,10.4006,10.4006,0,0
SAN_PE,D,20180628,000000,10.4927,10.4927,10.4927,10.4927,0,0
SAN_PE,D,20180704,000000,10.4006,10.4006,10.4006,10.4006,0,0
SAN_PE,D,20180706,000000,10.4006,10.4006,10.4006,10.4006,0,0
SAN_PE,D,20180713,000000,10.3085,10.3085,10.1242,10.2163,0,0
SAN_PE,D,20180716,000000,10.3085,10.3085,10.2163,10.2163,0,0
SAN_PE,D,20180726,000000,10.2163,10.2163,9.8478,9.8478,0,0
SAN_PE,D,20180727,000000,10.2163,10.3085,9.8478,10.3085,0,0
SAN_PE,D,20180730,000000,10.2163,10.2163,10.2163,10.2163,0,0
SAN_PE,D,20180731,000000,10.2163,10.2163,10.2163,10.2163,0,0
SAN_PE,D,20180802,000000,10.2163,10.2163,9.93991,9.93991,0,0
SAN_PE,D,20180803,000000,9.93991,9.93991,9.93991,9.93991,0,0
SAN_PE,D,20180809,000000,9.8478,9.8478,9.8478,9.8478,0,0
SAN_PE,D,20180810,000000,9.8478,9.8478,9.57236,9.57236,0,0
SAN_PE,D,20180813,000000,9.29692,9.57236,9.29692,9.29692,0,0
SAN_PE,D,20180816,000000,9.3881,9.3881,9.29692,9.29692,0,0
SAN_PE,D,20180817,000000,9.29692,9.29692,9.20382,9.20382,0,0
SAN_PE,D,20180820,000000,9.20382,9.20382,9.20382,9.20382,0,0
SAN_PE,D,20180822,000000,9.3881,9.3881,9.29692,9.29692,0,0
SAN_PE,D,20180828,000000,9.29692,9.29692,9.20382,9.20382,0,0
SAN_PE,D,20180829,000000,9.75663,9.75663,9.75663,9.75663,0,0
SAN_PE,D,20180830,000000,9.66354,9.66354,9.57236,9.57236,0,0
SAN_PE,D,20180831,000000,9.48023,9.48023,9.3881,9.3881,0,0
SAN_PE,D,20180903,000000,10.2163,10.3085,10.2163,10.3085,0,0
SAN_PE,D,20180904,000000,9.57236,9.57236,9.11169,9.11169,0,0
SAN_PE,D,20180905,000000,8.92761,9.48023,8.92761,9.3881,0,0
SAN_PE,D,20180906,000000,9.29692,9.29692,9.29692,9.29692,0,0
SAN_PE,D,20180907,000000,8.83558,8.83558,8.83558,8.83558,0,0
SAN_PE,D,20180910,000000,9.20382,9.75663,9.20382,9.75663,0,0
SAN_PE,D,20180911,000000,10.2163,10.2163,9.01936,10.0311,0,0
SAN_PE,D,20180912,000000,9.01936,9.3881,8.83558,9.01936,0,0
SAN_PE,D,20180913,000000,9.01936,9.48023,8.92761,8.92761,0,0
SAN_PE,D,20180917,000000,9.20382,9.66354,9.20382,9.66354,0,0
SAN_PE,D,20180918,000000,9.57236,9.57236,9.11169,9.20382,0,0
SAN_PE,D,20180921,000000,9.75663,9.75663,9.66354,9.66354,0,0
SAN_PE,D,20180924,000000,9.66354,9.66354,9.57236,9.57236,0,0
SAN_PE,D,20180925,000000,9.57236,9.57236,9.57236,9.57236,0,0
SAN_PE,D,20180926,000000,9.57236,9.57236,9.57236,9.57236,0,0
SAN_PE,D,20180927,000000,9.66354,9.66354,9.3881,9.3881,0,0
SAN_PE,D,20180928,000000,9.29692,9.29692,9.11169,9.20382,0,0
SAN_PE,D,20181001,000000,9.3881,9.75663,9.20382,9.75663,0,0
SAN_PE,D,20181004,000000,9.75663,9.93991,9.20382,9.93991,0,0
SAN_PE,D,20181005,000000,9.29692,9.66354,9.29692,9.66354,0,0
SAN_PE,D,20181008,000000,9.29692,9.66354,9.29692,9.66354,0,0
SAN_PE,D,20181009,000000,9.66354,9.66354,9.57236,9.57236,0,0
SAN_PE,D,20181010,000000,9.48023,9.48023,9.01936,9.3881,0,0
SAN_PE,D,20181011,000000,9.3881,9.3881,9.3881,9.3881,0,0
SAN_PE,D,20181012,000000,9.01936,9.01936,9.01936,9.01936,0,0
SAN_PE,D,20181015,000000,9.01936,9.01936,8.83558,9.01936,0,0
SAN_PE,D,20181016,000000,8.92761,8.92761,8.92761,8.92761,0,0
SAN_PE,D,20181017,000000,9.3881,9.3881,9.20382,9.29692,0,0
SAN_PE,D,20181018,000000,9.3881,9.3881,8.92761,8.92761,0,0
SAN_PE,D,20181019,000000,8.92761,9.3881,8.65169,9.3881,0,0
SAN_PE,D,20181022,000000,8.83558,8.83558,8.65169,8.65169,0,0
SAN_PE,D,20181024,000000,9.11169,9.11169,9.01936,9.01936,0,0
SAN_PE,D,20181025,000000,8.74382,9.3881,8.74382,9.3881,0,0
SAN_PE,D,20181029,000000,9.29692,9.3881,8.65169,8.65169,0,0
SAN_PE,D,20181030,000000,8.65169,8.65169,8.65169,8.65169,0,0
SAN_PE,D,20181105,000000,9.3881,9.3881,9.29692,9.29692,0,0
SAN_PE,D,20181106,000000,9.29692,9.29692,9.29692,9.29692,0,0
SAN_PE,D,20181107,000000,9.29692,9.29692,8.92761,9.01936,0,0
SAN_PE,D,20181108,000000,9.01936,9.3881,9.01936,9.29692,0,0
SAN_PE,D,20181114,000000,9.29692,9.3881,9.29692,9.3881,0,0
SAN_PE,D,20181115,000000,9.3881,9.3881,9.29692,9.29692,0,0
SAN_PE,D,20181121,000000,9.20382,9.20382,9.20382,9.20382,0,0
SAN_PE,D,20181122,000000,9.20382,9.20382,8.46761,8.74382,0,0
SAN_PE,D,20181123,000000,8.74382,8.74382,8.65169,8.65169,0,0
SAN_PE,D,20181126,000000,8.83558,8.83558,8.74382,8.74382,0,0
SAN_PE,D,20181127,000000,8.74382,9.20382,8.74382,9.20382,0,0
SAN_PE,D,20181128,000000,9.20382,9.20382,8.83558,8.92761,0,0
SAN_PE,D,20181130,000000,8.83558,9.20382,8.83558,9.20382,0,0
SAN_PE,D,20181203,000000,9.11169,9.20382,8.65169,9.20382,0,0
SAN_PE,D,20181204,000000,9.20382,9.20382,9.11169,9.11169,0,0
SAN_PE,D,20181205,000000,9.11169,9.11169,9.01936,9.01936,0,0
SAN_PE,D,20181206,000000,9.20382,9.20382,8.46761,8.55966,0,0
SAN_PE,D,20181207,000000,8.65169,8.65169,8.55966,8.55966,0,0
SAN_PE,D,20181210,000000,8.83558,8.83558,8.46761,8.46761,0,0
SAN_PE,D,20181211,000000,8.46761,8.46761,8.37558,8.37558,0,0
SAN_PE,D,20181212,000000,8.74382,8.74382,8.55966,8.65169,0,0
SAN_PE,D,20181213,000000,8.65169,8.65169,8.65169,8.65169,0,0
SAN_PE,D,20181214,000000,8.65169,8.65169,8.55966,8.55966,0,0
SAN_PE,D,20181218,000000,8.55966,8.55966,8.55966,8.55966,0,0
SAN_PE,D,20181219,000000,8.28353,8.74382,8.28353,8.65169,0,0
SAN_PE,D,20181220,000000,8.65169,8.65169,8.55966,8.55966,0,0
SAN_PE,D,20181221,000000,8.55966,8.55966,8.37558,8.37558,0,0
SAN_PE,D,20181227,000000,8.37558,8.74382,8.28353,8.28353,0,0
SAN_PE,D,20181228,000000,8.28353,8.28353,8.28353,8.28353,0,0
SAN_PE,D,20190102,000000,8.55966,8.55966,8.28353,8.55966,0,0
SAN_PE,D,20190103,000000,8.55966,8.55966,8.46761,8.46761,0,0
SAN_PE,D,20190104,000000,8.55966,8.74382,8.55966,8.74382,0,0
SAN_PE,D,20190107,000000,8.74382,9.01936,8.74382,8.92761,0,0
SAN_PE,D,20190109,000000,8.92761,9.11169,8.92761,9.01936,0,0
SAN_PE,D,20190110,000000,9.01936,9.11169,9.01936,9.11169,0,0
SAN_PE,D,20190111,000000,9.11169,9.20382,9.11169,9.11169,0,0
SAN_PE,D,20190114,000000,9.11169,9.11169,9.01936,9.01936,0,0
SAN_PE,D,20190115,000000,9.11169,9.11169,9.01936,9.11169,0,0
SAN_PE,D,20190116,000000,9.11169,9.11169,9.01936,9.11169,0,0
SAN_PE,D,20190117,000000,9.11169,9.11169,8.92761,9.11169,0,0
SAN_PE,D,20190118,000000,9.29692,9.29692,9.20382,9.20382,0,0
SAN_PE,D,20190121,000000,9.29692,9.29692,9.20382,9.29692,0,0
SAN_PE,D,20190122,000000,9.29692,9.29692,9.29692,9.29692,0,0
SAN_PE,D,20190124,000000,9.29692,9.29692,9.20382,9.29692,0,0
SAN_PE,D,20190125,000000,9.29692,9.3881,9.29692,9.29692,0,0
SAN_PE,D,20190128,000000,9.20382,9.29692,9.20382,9.29692,0,0
SAN_PE,D,20190129,000000,9.29692,9.75663,9.20382,9.20382,0,0
SAN_PE,D,20190130,000000,9.29692,9.29692,7.91539,7.91539,0,0
SAN_PE,D,20190131,000000,7.82325,8.00742,7.54723,7.54723,0,0
SAN_PE,D,20190201,000000,7.54723,7.63927,7.36306,7.63927,0,0
SAN_PE,D,20190204,000000,7.54723,7.73131,7.36306,7.73131,0,0
SAN_PE,D,20190205,000000,7.73131,7.73131,7.54723,7.54723,0,0
SAN_PE,D,20190206,000000,7.63927,7.63927,7.54723,7.54723,0,0
SAN_PE,D,20190207,000000,7.54723,7.54723,7.54723,7.54723,0,0
SAN_PE,D,20190208,000000,7.54723,7.82325,7.45519,7.45519,0,0
SAN_PE,D,20190211,000000,7.54723,7.54723,7.45519,7.45519,0,0
SAN_PE,D,20190212,000000,7.54723,7.63927,7.54723,7.63927,0,0
SAN_PE,D,20190213,000000,7.54723,7.54723,7.45519,7.45519,0,0
SAN_PE,D,20190214,000000,7.73131,7.73131,7.73131,7.73131,0,0
SAN_PE,D,20190215,000000,7.45519,7.73131,7.45519,7.45519,0,0
SAN_PE,D,20190218,000000,7.63927,7.73131,7.63927,7.73131,0,0
SAN_PE,D,20190219,000000,7.73131,7.73131,7.63927,7.63927,0,0
SAN_PE,D,20190220,000000,7.73131,7.73131,7.63927,7.63927,0,0
SAN_PE,D,20190222,000000,7.63927,7.73131,7.63927,7.73131,0,0
SAN_PE,D,20190225,000000,7.73131,7.82325,7.73131,7.73131,0,0
SAN_PE,D,20190226,000000,7.82325,7.91539,7.82325,7.91539,0,0
SAN_PE,D,20190227,000000,7.91539,7.91539,7.54723,7.82325,0,0
SAN_PE,D,20190228,000000,7.82325,7.82325,7.82325,7.82325,0,0
SAN_PE,D,20190301,000000,7.91539,7.91539,7.91539,7.91539,0,0
SAN_PE,D,20190304,000000,8.00742,8.00742,7.91539,8.00742,0,0
SAN_PE,D,20190305,000000,8.00742,8.00742,7.73131,8.00742,0,0
SAN_PE,D,20190306,000000,7.82325,8.00742,7.82325,8.00742,0,0
SAN_PE,D,20190307,000000,8.00742,8.00742,7.73131,8.00742,0,0
SAN_PE,D,20190308,000000,8.00742,8.00742,7.63927,7.63927,0,0
SAN_PE,D,20190311,000000,8.00742,8.00742,7.63927,7.63927,0,0
SAN_PE,D,20190312,000000,7.82325,7.82325,7.73131,7.73131,0,0
SAN_PE,D,20190313,000000,7.82325,7.82325,7.82325,7.82325,0,0
SAN_PE,D,20190314,000000,7.91539,8.00742,7.91539,8.00742,0,0
SAN_PE,D,20190315,000000,8.00742,8.00742,8.00742,8.00742,0,0
SAN_PE,D,20190318,000000,8.09947,8.1915,8.09947,8.1915,0,0
SAN_PE,D,20190319,000000,8.1915,8.37558,8.00742,8.1915,0,0
SAN_PE,D,20190320,000000,8.1915,8.1915,8.1915,8.1915,0,0
SAN_PE,D,20190321,000000,8.00742,8.00742,8.00742,8.00742,0,0
SAN_PE,D,20190322,000000,8.00742,8.00742,8.00742,8.00742,0,0
SAN_PE,D,20190325,000000,8.00742,8.00742,8.00742,8.00742,0,0
SAN_PE,D,20190326,000000,7.82325,7.82325,7.63927,7.63927,0,0
SAN_PE,D,20190327,000000,7.63927,7.91539,7.63927,7.73131,0,0
SAN_PE,D,20190328,000000,7.73131,7.73131,7.63927,7.73131,0,0
SAN_PE,D,20190329,000000,7.82325,7.82325,7.73131,7.73131,0,0
SAN_PE,D,20190401,000000,7.91539,7.91539,7.82325,7.82325,0,0
SAN_PE,D,20190402,000000,7.82325,8.00742,7.82325,7.91539,0,0
SAN_PE,D,20190403,000000,7.91539,8.1915,7.91539,8.09947,0,0
SAN_PE,D,20190404,000000,8.09947,8.1915,7.91539,8.00742,0,0
SAN_PE,D,20190405,000000,8.1915,8.1915,8.09947,8.09947,0,0
SAN_PE,D,20190408,000000,8.09947,8.1915,8.09947,8.1915,0,0
SAN_PE,D,20190409,000000,8.46761,8.46761,8.1915,8.37558,0,0
SAN_PE,D,20190410,000000,8.1915,8.37558,8.1915,8.28353,0,0
SAN_PE,D,20190411,000000,8.28353,8.28353,8.00742,8.28353,0,0
SAN_PE,D,20190412,000000,8.00742,8.46761,8.00742,8.46761,0,0
SAN_PE,D,20190415,000000,8.55966,8.55966,8.55966,8.55966,0,0
SAN_PE,D,20190416,000000,8.55966,8.55966,8.55966,8.55966,0,0
SAN_PE,D,20190417,000000,8.55966,8.65169,8.55966,8.65169,0,0
SAN_PE,D,20190423,000000,8.65169,8.65169,8.1915,8.1915,0,0
SAN_PE,D,20190424,000000,8.1915,8.65169,8.1915,8.46761,0,0
SAN_PE,D,20190425,000000,8.46761,8.46761,8.46761,8.46761,0,0
SAN_PE,D,20190426,000000,8.46761,8.46761,8.1915,8.1915,0,0
SAN_PE,D,20190429,000000,8.55966,8.55966,8.1915,8.1915,0,0
SAN_PE,D,20190430,000000,8.1915,8.28353,8.1915,8.1915,0,0
SAN_PE,D,20190502,000000,8.1915,8.28353,8.1915,8.1915,0,0
SAN_PE,D,20190506,000000,8.55966,8.55966,7.91539,8.1915,0,0
SAN_PE,D,20190507,000000,8.1915,8.1915,8.1915,8.1915,0,0
SAN_PE,D,20190508,000000,8.1915,8.1915,8.09947,8.09947,0,0
SAN_PE,D,20190509,000000,8.09947,8.09947,8.00742,8.00742,0,0
SAN_PE,D,20190510,000000,8.00742,8.09947,7.91539,7.91539,0,0
SAN_PE,D,20190513,000000,7.91539,7.91539,7.91539,7.91539,0,0
SAN_PE,D,20190514,000000,7.91539,7.91539,7.82325,7.91539,0,0
SAN_PE,D,20190515,000000,7.82325,7.82325,7.73131,7.73131,0,0
SAN_PE,D,20190516,000000,7.73131,8.1915,7.73131,8.1915,0,0
SAN_PE,D,20190517,000000,8.1915,8.1915,8.1915,8.1915,0,0
SAN_PE,D,20190521,000000,8.1915,8.1915,8.1915,8.1915,0,0
SAN_PE,D,20190522,000000,8.1915,8.1915,7.82325,8.09947,0,0
SAN_PE,D,20190523,000000,7.73131,8.1915,7.73131,7.73131,0,0
SAN_PE,D,20190524,000000,7.73131,7.73131,7.73131,7.73131,0,0
SAN_PE,D,20190527,000000,7.27111,7.54723,7.27111,7.54723,0,0
SAN_PE,D,20190528,000000,7.91539,8.00742,7.91539,8.00742,0,0
SAN_PE,D,20190529,000000,7.54723,7.54723,7.54723,7.54723,0,0
SAN_PE,D,20190530,000000,7.63927,7.63927,7.63927,7.63927,0,0
SAN_PE,D,20190531,000000,7.91539,7.91539,7.54723,7.91539,0,0
SAN_PE,D,20190603,000000,7.63927,7.91539,7.54723,7.54723,0,0
SAN_PE,D,20190604,000000,7.54723,7.54723,7.54723,7.54723,0,0
SAN_PE,D,20190605,000000,8.00742,8.00742,7.54723,7.54723,0,0
SAN_PE,D,20190606,000000,8.00742,8.00742,7.54723,7.54723,0,0
SAN_PE,D,20190607,000000,7.91539,7.91539,7.54723,7.63927,0,0
SAN_PE,D,20190610,000000,7.63927,7.63927,7.63927,7.63927,0,0
SAN_PE,D,20190611,000000,8.00742,8.00742,7.91539,7.91539,0,0
SAN_PE,D,20190612,000000,7.82325,7.82325,7.63927,7.63927,0,0
SAN_PE,D,20190613,000000,7.54723,7.63927,7.54723,7.63927,0,0
SAN_PE,D,20190614,000000,7.54723,7.54723,7.54723,7.54723,0,0
SAN_PE,D,20190617,000000,7.54723,7.63927,7.54723,7.63927,0,0
SAN_PE,D,20190618,000000,7.54723,7.54723,7.54723,7.54723,0,0
SAN_PE,D,20190619,000000,7.54723,7.63927,7.54723,7.63927,0,0
SAN_PE,D,20190624,000000,7.73131,7.82325,7.54723,7.54723,0,0
SAN_PE,D,20190625,000000,7.54723,7.54723,7.54723,7.54723,0,0
SAN_PE,D,20190626,000000,7.82325,7.82325,7.54723,7.54723,0,0
SAN_PE,D,20190627,000000,7.73131,7.73131,7.73131,7.73131,0,0
SAN_PE,D,20190628,000000,7.82325,7.91539,7.82325,7.91539,0,0
SAN_PE,D,20190701,000000,7.91539,7.91539,7.82325,7.82325,0,0
SAN_PE,D,20190702,000000,7.82325,7.91539,7.82325,7.91539,0,0
SAN_PE,D,20190703,000000,7.91539,7.91539,7.82325,7.82325,0,0
SAN_PE,D,20190704,000000,7.91539,7.91539,7.91539,7.91539,0,0
SAN_PE,D,20190705,000000,8.00742,8.00742,8.00742,8.00742,0,0
SAN_PE,D,20190708,000000,8.00742,8.09947,8.00742,8.09947,0,0
SAN_PE,D,20190709,000000,8.09947,8.09947,8.09947,8.09947,0,0
SAN_PE,D,20190710,000000,8.09947,8.09947,8.00742,8.00742,0,0
SAN_PE,D,20190711,000000,8.00742,8.00742,8.00742,8.00742,0,0
SAN_PE,D,20190712,000000,8.00742,8.00742,8.00742,8.00742,0,0
SAN_PE,D,20190715,000000,8.00742,8.00742,7.54723,7.54723,0,0
SAN_PE,D,20190716,000000,7.54723,7.63927,7.54723,7.63927,0,0
SAN_PE,D,20190718,000000,8.09947,8.09947,8.00742,8.00742,0,0
SAN_PE,D,20190719,000000,7.82325,7.82325,7.73131,7.82325,0,0
SAN_PE,D,20190722,000000,7.82325,7.82325,7.63927,7.63927,0,0
SAN_PE,D,20190724,000000,8.37558,8.37558,8.09947,8.09947,0,0
SAN_PE,D,20190725,000000,8.1915,8.28353,8.09947,8.28353,0,0
SAN_PE,D,20190729,000000,8.1915,8.1915,8.09947,8.09947,0,0
SAN_PE,D,20190730,000000,8.09947,8.28353,7.82325,7.82325,0,0
SAN_PE,D,20190731,000000,7.82325,7.91539,7.45519,7.45519,0,0
SAN_PE,D,20190801,000000,7.54723,7.54723,7.45519,7.45519,0,0
SAN_PE,D,20190802,000000,7.36306,7.36306,7.08695,7.27111,0,0
SAN_PE,D,20190805,000000,7.54723,7.54723,7.17898,7.17898,0,0
SAN_PE,D,20190806,000000,7.45519,7.45519,7.08695,7.08695,0,0
SAN_PE,D,20190807,000000,7.08695,7.08695,6.90297,6.90297,0,0
SAN_PE,D,20190808,000000,6.90297,7.08695,6.90297,7.08695,0,0
SAN_PE,D,20190809,000000,6.90297,6.90297,6.90297,6.90297,0,0
SAN_PE,D,20190812,000000,6.90297,6.90297,6.90297,6.90297,0,0
SAN_PE,D,20190813,000000,7.17898,7.17898,6.71889,6.71889,0,0
SAN_PE,D,20190814,000000,6.71889,6.71889,6.71889,6.71889,0,0
SAN_PE,D,20190816,000000,6.71889,6.71889,6.71889,6.71889,0,0
SAN_PE,D,20190819,000000,6.71889,6.71889,6.71889,6.71889,0,0
SAN_PE,D,20190820,000000,6.995,6.995,6.71889,6.71889,0,0
SAN_PE,D,20190821,000000,6.81102,6.81102,6.71889,6.71889,0,0
SAN_PE,D,20190822,000000,6.71889,6.81102,6.71889,6.81102,0,0
SAN_PE,D,20190823,000000,6.71889,6.71889,6.71889,6.71889,0,0
SAN_PE,D,20190826,000000,7.08695,7.08695,6.71889,6.71889,0,0
SAN_PE,D,20190827,000000,6.995,6.995,6.995,6.995,0,0
SAN_PE,D,20190828,000000,6.995,6.995,6.995,6.995,0,0
SAN_PE,D,20190903,000000,6.90297,6.90297,6.90297,6.90297,0,0
SAN_PE,D,20190904,000000,6.995,6.995,6.53481,6.62685,0,0
SAN_PE,D,20190905,000000,6.62685,6.62685,6.53481,6.62685,0,0
SAN_PE,D,20190906,000000,6.71889,6.71889,6.53481,6.53481,0,0
SAN_PE,D,20190909,000000,6.62685,6.62685,6.53481,6.62685,0,0
SAN_PE,D,20190911,000000,6.62685,7.36306,6.62685,7.36306,0,0
SAN_PE,D,20190912,000000,7.36306,7.36306,7.17898,7.27111,0,0
SAN_PE,D,20190913,000000,7.45519,7.45519,7.45519,7.45519,0,0
SAN_PE,D,20190916,000000,7.27111,7.45519,7.27111,7.36306,0,0
SAN_PE,D,20190917,000000,7.36306,7.45519,7.27111,7.45519,0,0
SAN_PE,D,20190918,000000,7.45519,7.45519,7.27111,7.27111,0,0
SAN_PE,D,20190919,000000,7.45519,7.45519,7.45519,7.45519,0,0
SAN_PE,D,20190920,000000,7.45519,7.45519,7.45519,7.45519,0,0
SAN_PE,D,20190923,000000,7.45519,7.45519,7.17898,7.27111,0,0
SAN_PE,D,20190924,000000,7.27111,7.45519,7.27111,7.45519,0,0
SAN_PE,D,20190925,000000,7.73131,7.73131,7.73131,7.73131,0,0
SAN_PE,D,20190926,000000,7.45519,7.45519,7.45519,7.45519,0,0
SAN_PE,D,20190927,000000,7.45519,7.45519,7.45519,7.45519,0,0
SAN_PE,D,20190930,000000,7.73131,7.73131,7.73131,7.73131,0,0
SAN_PE,D,20191002,000000,7.73131,7.73131,7.54723,7.73131,0,0
SAN_PE,D,20191003,000000,7.54723,7.91539,7.17898,7.17898,0,0
SAN_PE,D,20191004,000000,7.82325,7.82325,7.17898,7.27111,0,0
SAN_PE,D,20191008,000000,7.82325,7.82325,7.08695,7.17898,0,0
SAN_PE,D,20191010,000000,7.17898,7.36306,7.17898,7.36306,0,0
SAN_PE,D,20191011,000000,7.63927,7.63927,7.63927,7.63927,0,0
SAN_PE,D,20191015,000000,7.63927,7.82325,7.63927,7.82325,0,0
SAN_PE,D,20191016,000000,7.54723,7.82325,7.54723,7.82325,0,0
SAN_PE,D,20191017,000000,7.82325,8.00742,7.82325,8.00742,0,0
SAN_PE,D,20191018,000000,7.91539,8.1915,7.91539,8.1915,0,0
SAN_PE,D,20191021,000000,7.82325,8.1915,7.82325,7.82325,0,0
SAN_PE,D,20191022,000000,8.1915,8.28353,8.1915,8.28353,0,0
SAN_PE,D,20191023,000000,8.28353,8.37558,8.09947,8.28353,0,0
SAN_PE,D,20191024,000000,8.28353,8.28353,8.28353,8.28353,0,0
SAN_PE,D,20191025,000000,8.09947,8.09947,7.73131,7.82325,0,0
SAN_PE,D,20191028,000000,7.82325,8.00742,7.45519,7.73131,0,0
SAN_PE,D,20191029,000000,8.1915,8.28353,8.1915,8.28353,0,0
SAN_PE,D,20191030,000000,8.1915,10.0311,8.09947,10.0311,0,0
SAN_PE,D,20191031,000000,9.57236,9.75663,9.11169,9.29692,0,0
SAN_PE,D,20191104,000000,9.3881,9.48023,9.20382,9.48023,0,0
SAN_PE,D,20191105,000000,9.48023,9.66354,9.48023,9.66354,0,0
SAN_PE,D,20191107,000000,9.48023,9.48023,9.48023,9.48023,0,0
SAN_PE,D,20191108,000000,9.48023,9.48023,9.48023,9.48023,0,0
SAN_PE,D,20191112,000000,9.48023,9.48023,9.3881,9.48023,0,0
SAN_PE,D,20191113,000000,9.48023,9.48023,9.48023,9.48023,0,0
SAN_PE,D,20191114,000000,9.3881,9.3881,9.11169,9.11169,0,0
SAN_PE,D,20191115,000000,9.01936,9.11169,9.01936,9.11169,0,0
SAN_PE,D,20191118,000000,9.20382,9.20382,9.11169,9.11169,0,0
SAN_PE,D,20191119,000000,9.3881,9.3881,9.01936,9.11169,0,0
SAN_PE,D,20191120,000000,9.11169,9.48023,9.11169,9.3881,0,0
SAN_PE,D,20191121,000000,9.3881,9.3881,9.01936,9.11169,0,0
SAN_PE,D,20191122,000000,9.3881,9.3881,9.3881,9.3881,0,0
SAN_PE,D,20191125,000000,9.29692,9.29692,9.11169,9.20382,0,0
SAN_PE,D,20191127,000000,9.11169,9.11169,9.11169,9.11169,0,0
SAN_PE,D,20191128,000000,9.29692,9.29692,9.11169,9.29692,0,0
SAN_PE,D,20191129,000000,9.29692,9.29692,9.11169,9.11169,0,0
SAN_PE,D,20191202,000000,9.11169,9.3881,8.83558,8.83558,0,0
SAN_PE,D,20191203,000000,8.83558,8.83558,8.74382,8.74382,0,0
SAN_PE,D,20191204,000000,8.74382,8.74382,8.74382,8.74382,0,0
SAN_PE,D,20191205,000000,8.74382,8.83558,8.74382,8.83558,0,0
SAN_PE,D,20191206,000000,8.83558,9.20382,8.83558,9.20382,0,0
SAN_PE,D,20191209,000000,9.3881,9.3881,9.20382,9.3881,0,0
SAN_PE,D,20191210,000000,9.20382,9.20382,9.20382,9.20382,0,0
SAN_PE,D,20191211,000000,9.20382,9.20382,9.20382,9.20382,0,0
SAN_PE,D,20191212,000000,9.20382,9.3881,9.20382,9.3881,0,0
SAN_PE,D,20191213,000000,9.3881,9.48023,9.29692,9.3881,0,0
SAN_PE,D,20191216,000000,9.57236,9.57236,9.11169,9.20382,0,0
SAN_PE,D,20191217,000000,9.48023,9.48023,9.20382,9.20382,0,0
SAN_PE,D,20191218,000000,9.20382,9.20382,9.20382,9.20382,0,0
SAN_PE,D,20191219,000000,9.20382,9.57236,9.20382,9.20382,0,0
SAN_PE,D,20191220,000000,9.20382,9.48023,9.20382,9.48023,0,0
SAN_PE,D,20191223,000000,9.48023,9.48023,9.48023,9.48023,0,0
SAN_PE,D,20191227,000000,9.48023,9.48023,9.48023,9.48023,0,0
SAN_PE,D,20191230,000000,9.01936,9.3881,9.01936,9.20382,0,0
SAN_PE,D,20200102,000000,9.20382,9.57236,9.20382,9.57236,0,0
SAN_PE,D,20200103,000000,9.66354,9.66354,9.3881,9.57236,0,0
SAN_PE,D,20200107,000000,9.57236,9.57236,9.48023,9.57236,0,0
SAN_PE,D,20200108,000000,9.66354,9.66354,9.20382,9.20382,0,0
SAN_PE,D,20200110,000000,9.57236,9.57236,9.20382,9.29692,0,0
SAN_PE,D,20200113,000000,9.29692,9.29692,9.29692,9.29692,0,0
SAN_PE,D,20200114,000000,9.48023,9.48023,9.20382,9.20382,0,0
SAN_PE,D,20200115,000000,9.20382,9.20382,9.11169,9.11169,0,0
SAN_PE,D,20200116,000000,9.11169,9.29692,9.11169,9.11169,0,0
SAN_PE,D,20200117,000000,9.01936,9.3881,9.01936,9.3881,0,0
SAN_PE,D,20200120,000000,9.3881,9.3881,9.11169,9.20382,0,0
SAN_PE,D,20200121,000000,9.20382,9.29692,9.20382,9.20382,0,0
SAN_PE,D,20200122,000000,9.29692,9.29692,9.01936,9.01936,0,0
SAN_PE,D,20200123,000000,9.29692,9.29692,9.29692,9.29692,0,0
SAN_PE,D,20200124,000000,9.29692,9.3881,9.29692,9.29692,0,0
SAN_PE,D,20200127,000000,9.29692,9.29692,8.92761,9.29692,0,0
SAN_PE,D,20200128,000000,9.20382,9.20382,8.92761,9.20382,0,0
SAN_PE,D,20200129,000000,9.20382,9.20382,8.55966,8.55966,0,0
SAN_PE,D,20200130,000000,8.1915,8.28353,8.1915,8.28353,0,0
SAN_PE,D,20200131,000000,8.28353,8.28353,8.28353,8.28353,0,0
SAN_PE,D,20200203,000000,8.28353,8.28353,8.1915,8.28353,0,0
SAN_PE,D,20200204,000000,8.28353,8.65169,8.28353,8.55966,0,0
SAN_PE,D,20200205,000000,8.55966,8.65169,8.55966,8.65169,0,0
SAN_PE,D,20200206,000000,8.65169,9.01936,8.55966,8.65169,0,0
SAN_PE,D,20200207,000000,8.65169,8.65169,8.65169,8.65169,0,0
SAN_PE,D,20200210,000000,8.83558,9.11169,8.65169,9.11169,0,0
SAN_PE,D,20200211,000000,9.11169,9.20382,8.65169,8.74382,0,0
SAN_PE,D,20200212,000000,9.11169,9.11169,8.74382,8.74382,0,0
SAN_PE,D,20200214,000000,8.92761,9.11169,8.92761,9.11169,0,0
SAN_PE,D,20200217,000000,9.11169,9.20382,8.83558,9.20382,0,0
SAN_PE,D,20200218,000000,9.20382,9.20382,9.20382,9.20382,0,0
SAN_PE,D,20200219,000000,9.20382,9.20382,9.11169,9.20382,0,0
SAN_PE,D,20200220,000000,9.20382,9.20382,8.74382,8.74382,0,0
SAN_PE,D,20200221,000000,9.11169,9.11169,8.74382,8.74382,0,0
SAN_PE,D,20200224,000000,8.74382,8.74382,8.55966,8.55966,0,0
SAN_PE,D,20200225,000000,8.46761,8.46761,8.28353,8.28353,0,0
SAN_PE,D,20200226,000000,8.37558,8.37558,8.1915,8.37558,0,0
SAN_PE,D,20200227,000000,8.92761,8.92761,8.09947,8.09947,0,0
SAN_PE,D,20200228,000000,8.09947,8.09947,7.82325,7.91539,0,0
SAN_PE,D,20200302,000000,7.91539,7.91539,7.54723,7.73131,0,0
SAN_PE,D,20200303,000000,7.73131,8.09947,7.73131,8.09947,0,0
SAN_PE,D,20200304,000000,8.09947,8.09947,7.73131,7.73131,0,0
SAN_PE,D,20200305,000000,8.00742,8.00742,7.36306,7.36306,0,0
SAN_PE,D,20200306,000000,7.17898,7.36306,7.08695,7.27111,0,0
SAN_PE,D,20200309,000000,7.82325,7.82325,6.35074,6.44277,0,0
SAN_PE,D,20200310,000000,6.62685,6.81102,6.25869,6.25869,0,0
SAN_PE,D,20200311,000000,6.53481,6.53481,6.44277,6.44277,0,0
SAN_PE,D,20200312,000000,6.16666,6.16666,5.61434,5.61434,0,0
SAN_PE,D,20200313,000000,5.61434,6.07462,5.33822,5.33822,0,0
SAN_PE,D,20200316,000000,5.33822,5.33822,4.78608,4.78608,0,0
SAN_PE,D,20200317,000000,5.24618,5.33822,4.78608,5.33822,0,0
SAN_PE,D,20200318,000000,5.52239,5.52239,5.0622,5.15414,0,0
SAN_PE,D,20200319,000000,5.15414,5.24618,5.0622,5.15414,0,0
SAN_PE,D,20200320,000000,5.33822,5.43026,5.15414,5.15414,0,0
SAN_PE,D,20200323,000000,5.0622,5.52239,4.87813,5.24618,0,0
SAN_PE,D,20200324,000000,5.43026,5.7985,5.43026,5.7985,0,0
SAN_PE,D,20200325,000000,5.98258,6.25869,5.7985,6.07462,0,0
SAN_PE,D,20200326,000000,6.07462,6.25869,6.07462,6.25869,0,0
SAN_PE,D,20200327,000000,6.25869,6.25869,5.7985,6.07462,0,0
SAN_PE,D,20200330,000000,6.07462,6.07462,5.43026,5.89045,0,0
SAN_PE,D,20200331,000000,5.7985,5.7985,5.52239,5.61434,0,0
SAN_PE,D,20200401,000000,5.70647,5.70647,5.33822,5.52239,0,0
SAN_PE,D,20200402,000000,5.61434,5.61434,5.43026,5.43026,0,0
SAN_PE,D,20200403,000000,5.43026,5.7985,5.24618,5.52239,0,0
SAN_PE,D,20200406,000000,5.61434,5.61434,5.52239,5.52239,0,0
SAN_PE,D,20200407,000000,5.61434,5.89045,5.52239,5.70647,0,0
SAN_PE,D,20200408,000000,5.70647,5.70647,5.43026,5.61434,0,0
SAN_PE,D,20200409,000000,5.70647,5.70647,5.52239,5.61434,0,0
SAN_PE,D,20200414,000000,5.70647,5.7985,5.43026,5.43026,0,0
SAN_PE,D,20200415,000000,5.61434,5.61434,5.0622,5.24618,0,0
SAN_PE,D,20200416,000000,5.24618,5.24618,4.97006,5.0622,0,0
SAN_PE,D,20200417,000000,5.15414,5.15414,4.97006,4.97006,0,0
SAN_PE,D,20200420,000000,5.0622,5.0622,4.78608,4.97006,0,0
SAN_PE,D,20200421,000000,4.97006,4.97006,4.69405,4.78608,0,0
SAN_PE,D,20200422,000000,4.87813,4.87813,4.69405,4.87813,0,0
SAN_PE,D,20200423,000000,4.87813,5.0622,4.87813,4.97006,0,0
SAN_PE,D,20200424,000000,4.97006,4.97006,4.78608,4.87813,0,0
SAN_PE,D,20200427,000000,5.0622,5.0622,4.87813,4.97006,0,0
SAN_PE,D,20200428,000000,4.97006,6.62685,4.87813,6.62685,0,0
SAN_PE,D,20200429,000000,6.81102,7.08695,6.71889,6.90297,0,0
SAN_PE,D,20200430,000000,6.995,6.995,6.62685,6.90297,0,0
SAN_PE,D,20200504,000000,6.90297,6.90297,6.53481,6.62685,0,0
SAN_PE,D,20200505,000000,6.71889,6.71889,6.44277,6.53481,0,0
SAN_PE,D,20200506,000000,6.44277,6.53481,6.35074,6.44277,0,0
SAN_PE,D,20200507,000000,6.44277,6.44277,6.35074,6.44277,0,0
SAN_PE,D,20200508,000000,6.53481,6.53481,6.44277,6.53481,0,0
SAN_PE,D,20200511,000000,6.62685,6.71889,6.44277,6.44277,0,0
SAN_PE,D,20200512,000000,6.53481,6.53481,6.35074,6.44277,0,0
SAN_PE,D,20200513,000000,6.53481,6.53481,6.25869,6.25869,0,0
SAN_PE,D,20200514,000000,6.35074,6.35074,5.89045,6.16666,0,0
SAN_PE,D,20200515,000000,6.16666,6.25869,5.98258,6.16666,0,0
SAN_PE,D,20200518,000000,6.16666,6.25869,6.07462,6.16666,0,0
SAN_PE,D,20200519,000000,6.25869,6.44277,5.89045,5.98258,0,0
SAN_PE,D,20200520,000000,6.07462,6.07462,5.89045,6.07462,0,0
SAN_PE,D,20200521,000000,6.07462,6.16666,6.07462,6.16666,0,0
SAN_PE,D,20200522,000000,6.16666,6.25869,5.98258,6.07462,0,0
SAN_PE,D,20200525,000000,6.25869,6.25869,6.07462,6.25869,0,0
SAN_PE,D,20200526,000000,6.25869,6.53481,6.16666,6.16666,0,0
SAN_PE,D,20200527,000000,6.25869,6.53481,6.25869,6.35074,0,0
SAN_PE,D,20200528,000000,6.53481,6.62685,6.35074,6.53481,0,0
SAN_PE,D,20200529,000000,6.53481,6.53481,6.25869,6.25869,0,0
SAN_PE,D,20200601,000000,6.44277,6.53481,6.25869,6.44277,0,0
SAN_PE,D,20200602,000000,6.53481,6.71889,6.44277,6.62685,0,0
SAN_PE,D,20200603,000000,6.62685,6.90297,6.62685,6.81102,0,0
SAN_PE,D,20200604,000000,6.995,7.08695,6.81102,6.995,0,0
SAN_PE,D,20200605,000000,7.27111,7.73131,7.27111,7.54723,0,0
SAN_PE,D,20200608,000000,7.82325,7.91539,7.63927,7.73131,0,0
SAN_PE,D,20200609,000000,8.28353,8.28353,7.54723,7.63927,0,0
SAN_PE,D,20200610,000000,7.63927,7.91539,7.36306,7.36306,0,0
SAN_PE,D,20200612,000000,6.81102,6.995,6.71889,6.90297,0,0
SAN_PE,D,20200615,000000,6.90297,6.90297,6.44277,6.53481,0,0
SAN_PE,D,20200616,000000,6.71889,6.995,6.71889,6.995,0,0
SAN_PE,D,20200617,000000,6.995,6.995,6.81102,6.90297,0,0
SAN_PE,D,20200618,000000,6.90297,6.90297,6.71889,6.71889,0,0
SAN_PE,D,20200619,000000,6.90297,6.90297,6.62685,6.71889,0,0
SAN_PE,D,20200622,000000,6.71889,6.81102,6.44277,6.62685,0,0
SAN_PE,D,20200623,000000,6.81102,6.90297,6.62685,6.71889,0,0
SAN_PE,D,20200624,000000,6.71889,6.90297,6.62685,6.62685,0,0
SAN_PE,D,20200625,000000,6.53481,6.62685,6.44277,6.62685,0,0
SAN_PE,D,20200626,000000,6.71889,6.71889,6.53481,6.62685,0,0
SAN_PE,D,20200629,000000,6.62685,6.81102,6.53481,6.71889,0,0
SAN_PE,D,20200630,000000,6.71889,6.71889,6.53481,6.53481,0,0
SAN_PE,D,20200701,000000,6.53481,6.62685,6.53481,6.62685,0,0
SAN_PE,D,20200702,000000,6.71889,7.08695,6.71889,6.90297,0,0
SAN_PE,D,20200703,000000,6.995,6.995,6.81102,6.81102,0,0
SAN_PE,D,20200706,000000,6.90297,7.17898,6.90297,6.90297,0,0
SAN_PE,D,20200707,000000,7.27111,7.27111,6.90297,6.995,0,0
SAN_PE,D,20200708,000000,6.995,6.995,6.71889,6.995,0,0
SAN_PE,D,20200709,000000,6.81102,6.995,6.71889,6.90297,0,0
SAN_PE,D,20200710,000000,6.71889,6.81102,6.53481,6.81102,0,0
SAN_PE,D,20200713,000000,6.995,6.995,6.81102,6.90297,0,0
SAN_PE,D,20200714,000000,6.90297,6.90297,6.71889,6.81102,0,0
SAN_PE,D,20200715,000000,6.71889,6.90297,6.62685,6.90297,0,0
SAN_PE,D,20200716,000000,6.90297,6.995,6.81102,6.90297,0,0
SAN_PE,D,20200717,000000,6.90297,6.90297,6.71889,6.81102,0,0
SAN_PE,D,20200720,000000,6.81102,6.81102,6.62685,6.81102,0,0
SAN_PE,D,20200721,000000,6.81102,6.995,6.71889,6.81102,0,0
SAN_PE,D,20200722,000000,6.81102,6.81102,6.62685,6.62685,0,0
SAN_PE,D,20200723,000000,6.62685,6.62685,6.44277,6.62685,0,0
SAN_PE,D,20200724,000000,6.53481,6.53481,6.44277,6.53481,0,0
SAN_PE,D,20200727,000000,6.44277,6.44277,6.25869,6.35074,0,0
SAN_PE,D,20200728,000000,6.53481,6.53481,6.35074,6.35074,0,0
SAN_PE,D,20200729,000000,6.53481,6.53481,6.16666,6.16666,0,0
SAN_PE,D,20210728,000000,8.63778,8.63778,8.63778,8.63778,0,0
SAN_PE,D,20210729,000000,8.08046,8.82348,8.08046,8.82348,0,0
SAN_PE,D,20210730,000000,8.91648,8.91648,8.63778,8.73067,0,0
SAN_PE,D,20210802,000000,8.91648,9.009,8.73067,8.73067,0,0
SAN_PE,D,20210803,000000,8.73067,8.82348,8.63778,8.73067,0,0
SAN_PE,D,20210804,000000,8.82348,8.82348,8.73067,8.82348,0,0
SAN_PE,D,20210805,000000,8.73067,8.91648,8.73067,8.73067,0,0
SAN_PE,D,20210806,000000,8.73067,9.10228,8.73067,9.10228,0,0
SAN_PE,D,20210809,000000,9.10228,9.19423,9.009,9.009,0,0
SAN_PE,D,20210810,000000,8.73067,9.19423,8.73067,9.19423,0,0
SAN_PE,D,20210811,000000,9.19423,9.28828,9.19423,9.19423,0,0
SAN_PE,D,20210812,000000,9.10228,9.28828,9.10228,9.19423,0,0
SAN_PE,D,20210813,000000,9.19423,9.28828,9.19423,9.28828,0,0
SAN_PE,D,20210816,000000,9.28828,9.28828,9.10228,9.10228,0,0
SAN_PE,D,20210817,000000,9.10228,9.10228,8.91648,8.91648,0,0
SAN_PE,D,20210818,000000,9.28828,9.28828,8.82348,8.82348,0,0
SAN_PE,D,20210819,000000,8.82348,8.82348,8.73067,8.82348,0,0
SAN_PE,D,20210820,000000,8.82348,8.82348,8.54497,8.63778,0,0
SAN_PE,D,20210823,000000,8.63778,8.82348,8.63778,8.82348,0,0
SAN_PE,D,20210824,000000,8.82348,8.82348,8.73067,8.82348,0,0
SAN_PE,D,20210825,000000,8.91648,8.91648,8.82348,8.91648,0,0
SAN_PE,D,20210826,000000,8.91648,9.009,8.91648,9.009,0,0
SAN_PE,D,20210827,000000,9.009,9.009,8.82348,8.91648,0,0
SAN_PE,D,20210830,000000,8.82348,8.91648,8.82348,8.82348,0,0
SAN_PE,D,20210831,000000,9.009,9.009,8.63778,8.82348,0,0
SAN_PE,D,20210901,000000,9.10228,9.10228,8.91648,9.009,0,0
SAN_PE,D,20210902,000000,9.10228,9.10228,8.82348,8.91648,0,0
SAN_PE,D,20210903,000000,8.91648,8.91648,8.73067,8.73067,0,0
SAN_PE,D,20210906,000000,8.82348,8.91648,8.73067,8.82348,0,0
SAN_PE,D,20210907,000000,8.82348,8.82348,8.82348,8.82348,0,0
SAN_PE,D,20210908,000000,8.82348,8.82348,8.63778,8.73067,0,0
SAN_PE,D,20210909,000000,8.73067,8.73067,8.63778,8.63778,0,0
SAN_PE,D,20210910,000000,8.82348,8.82348,8.63778,8.63778,0,0
SAN_PE,D,20210913,000000,8.82348,8.82348,8.63778,8.82348,0,0
SAN_PE,D,20210914,000000,8.82348,8.91648,8.73067,8.73067,0,0
SAN_PE,D,20210915,000000,8.73067,8.73067,8.73067,8.73067,0,0
SAN_PE,D,20210916,000000,8.91648,8.91648,8.82348,8.82348,0,0
SAN_PE,D,20210917,000000,8.73067,8.91648,8.63778,8.63778,0,0
SAN_PE,D,20210920,000000,8.63778,8.63778,8.17345,8.26626,0,0
SAN_PE,D,20210921,000000,8.26626,8.45197,8.26626,8.26626,0,0
SAN_PE,D,20210922,000000,8.35916,8.54497,8.35916,8.45197,0,0
SAN_PE,D,20210923,000000,8.54497,8.63778,8.45197,8.63778,0,0
SAN_PE,D,20210924,000000,8.63778,8.73067,8.54497,8.73067,0,0
SAN_PE,D,20210927,000000,8.73067,9.009,8.73067,9.009,0,0
SAN_PE,D,20210928,000000,8.82348,9.10228,8.82348,8.82348,0,0
SAN_PE,D,20210929,000000,8.91648,8.91648,8.73067,8.82348,0,0
SAN_PE,D,20210930,000000,8.73067,9.009,8.73067,8.82348,0,0
SAN_PE,D,20211001,000000,8.91648,8.91648,8.54497,8.82348,0,0
SAN_PE,D,20211004,000000,8.82348,8.91648,8.73067,8.82348,0,0
SAN_PE,D,20211005,000000,8.82348,9.19423,8.82348,9.19423,0,0
SAN_PE,D,20211006,000000,9.28828,9.28828,9.10228,9.10228,0,0
SAN_PE,D,20211007,000000,9.19423,9.47351,9.10228,9.47351,0,0
SAN_PE,D,20211008,000000,9.47351,9.6597,9.47351,9.56661,0,0
SAN_PE,D,20211011,000000,9.56661,9.56661,9.47351,9.47351,0,0
SAN_PE,D,20211012,000000,9.47351,9.47351,9.38137,9.47351,0,0
SAN_PE,D,20211013,000000,9.56661,9.56661,9.19423,9.28828,0,0
SAN_PE,D,20211014,000000,9.47351,9.47351,9.28828,9.28828,0,0
SAN_PE,D,20211015,000000,9.28828,9.47351,9.28828,9.47351,0,0
SAN_PE,D,20211018,000000,9.38137,9.47351,9.38137,9.38137,0,0
SAN_PE,D,20211019,000000,9.28828,9.47351,9.28828,9.47351,0,0
SAN_PE,D,20211020,000000,9.47351,9.47351,9.38137,9.47351,0,0
SAN_PE,D,20211021,000000,9.38137,9.47351,9.28828,9.38137,0,0
SAN_PE,D,20211022,000000,9.38137,9.47351,9.38137,9.38137,0,0
SAN_PE,D,20211025,000000,9.38137,9.47351,9.38137,9.38137,0,0
SAN_PE,D,20211026,000000,9.47351,9.47351,9.38137,9.47351,0,0
SAN_PE,D,20211027,000000,9.47351,9.47351,8.63778,8.63778,0,0
SAN_PE,D,20211028,000000,8.6707,8.76494,8.4822,8.76494,0,0
SAN_PE,D,20211029,000000,8.76494,8.85918,8.6707,8.6707,0,0
SAN_PE,D,20211102,000000,8.6707,8.85918,8.6707,8.76494,0,0
SAN_PE,D,20211103,000000,9.23645,9.23645,8.57645,8.6707,0,0
SAN_PE,D,20211104,000000,8.6707,8.76494,8.57645,8.6707,0,0
SAN_PE,D,20211105,000000,8.85918,8.85918,8.6707,8.6707,0,0
SAN_PE,D,20211108,000000,8.6707,8.76494,8.57645,8.57645,0,0
SAN_PE,D,20211109,000000,8.57645,8.6707,8.57645,8.57645,0,0
SAN_PE,D,20211110,000000,8.57645,8.76494,8.57645,8.57645,0,0
SAN_PE,D,20211112,000000,8.57645,8.57645,8.4822,8.4822,0,0
SAN_PE,D,20211115,000000,8.4822,8.57645,8.38796,8.4822,0,0
SAN_PE,D,20211116,000000,8.29371,8.57645,8.29371,8.57645,0,0
SAN_PE,D,20211117,000000,8.4822,8.4822,8.4822,8.4822,0,0
SAN_PE,D,20211118,000000,8.4822,8.4822,8.29371,8.29371,0,0
SAN_PE,D,20211119,000000,8.01098,8.38796,8.01098,8.10522,0,0
SAN_PE,D,20211122,000000,8.10522,8.38796,8.10522,8.29371,0,0
SAN_PE,D,20211123,000000,8.29371,8.29371,8.10522,8.19946,0,0
SAN_PE,D,20211124,000000,8.19946,8.19946,8.01098,8.01098,0,0
SAN_PE,D,20211125,000000,8.01098,8.10522,8.01098,8.10522,0,0
SAN_PE,D,20211126,000000,8.10522,8.10522,7.4454,7.53974,0,0
SAN_PE,D,20211129,000000,7.53974,7.53974,7.35116,7.4454,0,0
SAN_PE,D,20211130,000000,7.35116,7.4454,7.25691,7.35116,0,0
SAN_PE,D,20211201,000000,7.634,7.634,7.35116,7.4454,0,0
SAN_PE,D,20211202,000000,7.53974,7.53974,7.35116,7.53974,0,0
SAN_PE,D,20211203,000000,7.53974,7.53974,7.35116,7.35116,0,0
SAN_PE,D,20211206,000000,7.4454,7.4454,7.35116,7.4454,0,0
SAN_PE,D,20211207,000000,7.53974,7.53974,7.4454,7.53974,0,0
SAN_PE,D,20211208,000000,7.634,7.634,7.35116,7.35116,0,0
SAN_PE,D,20211209,000000,7.4454,7.4454,7.25691,7.25691,0,0
SAN_PE,D,20211210,000000,7.25691,7.25691,7.25691,7.25691,0,0
SAN_PE,D,20211213,000000,7.35116,7.35116,7.16267,7.16267,0,0
SAN_PE,D,20211214,000000,7.25691,7.25691,7.06842,7.16267,0,0
SAN_PE,D,20211215,000000,7.16267,7.16267,7.06842,7.06842,0,0
SAN_PE,D,20211216,000000,7.06842,7.35116,7.06842,7.35116,0,0
SAN_PE,D,20211217,000000,7.4454,7.4454,7.35116,7.35116,0,0
SAN_PE,D,20211220,000000,7.72824,7.72824,7.16267,7.25691,0,0
SAN_PE,D,20211221,000000,7.35116,7.4454,7.25691,7.4454,0,0
SAN_PE,D,20211222,000000,7.4454,7.53974,7.4454,7.4454,0,0
SAN_PE,D,20211223,000000,7.4454,7.72824,7.4454,7.72824,0,0
SAN_PE,D,20211227,000000,7.72824,7.72824,7.53974,7.72824,0,0
SAN_PE,D,20211228,000000,7.82248,7.82248,7.72824,7.72824,0,0
SAN_PE,D,20211229,000000,7.72824,7.82248,7.72824,7.82248,0,0
SAN_PE,D,20211230,000000,7.82248,7.82248,7.72824,7.82248,0,0
SAN_PE,D,20220103,000000,7.82248,8.01098,7.82248,7.82248,0,0
SAN_PE,D,20220104,000000,8.01098,8.01098,7.82248,8.01098,0,0
SAN_PE,D,20220105,000000,8.10522,8.10522,8.10522,8.10522,0,0
SAN_PE,D,20220107,000000,8.10522,8.19946,8.10522,8.19946,0,0
SAN_PE,D,20220110,000000,8.19946,8.29371,8.19946,8.29371,0,0
SAN_PE,D,20220111,000000,8.38796,8.38796,8.29371,8.29371,0,0
SAN_PE,D,20220112,000000,8.38796,8.38796,8.29371,8.38796,0,0
SAN_PE,D,20220113,000000,8.38796,8.38796,8.29371,8.38796,0,0
SAN_PE,D,20220114,000000,8.29371,8.4822,8.29371,8.38796,0,0
SAN_PE,D,20220117,000000,8.4822,8.4822,8.38796,8.38796,0,0
SAN_PE,D,20220118,000000,8.38796,8.38796,8.29371,8.29371,0,0
SAN_PE,D,20220119,000000,8.19946,8.38796,8.19946,8.38796,0,0
SAN_PE,D,20220120,000000,8.29371,8.38796,8.29371,8.29371,0,0
SAN_PE,D,20220121,000000,8.10522,8.19946,8.10522,8.19946,0,0
SAN_PE,D,20220124,000000,8.19946,8.19946,7.82248,7.91672,0,0
SAN_PE,D,20220125,000000,7.53974,8.19946,7.53974,8.10522,0,0
SAN_PE,D,20220126,000000,8.10522,8.4822,8.10522,8.29371,0,0
SAN_PE,D,20220127,000000,7.82248,8.57645,7.82248,8.57645,0,0
SAN_PE,D,20220128,000000,8.4822,8.4822,8.38796,8.38796,0,0
SAN_PE,D,20220131,000000,8.38796,8.4822,8.19946,8.29371,0,0
SAN_PE,D,20220201,000000,8.29371,8.38796,8.19946,8.38796,0,0
SAN_PE,D,20220202,000000,8.38796,8.4822,6.40871,6.40871,0,0
SAN_PE,D,20220203,000000,6.40871,6.69144,6.40871,6.59719,0,0
SAN_PE,D,20220204,000000,6.59719,6.69144,6.50295,6.59719,0,0
SAN_PE,D,20220207,000000,6.59719,6.59719,6.59719,6.59719,0,0
SAN_PE,D,20220208,000000,6.59719,6.78569,6.59719,6.78569,0,0
SAN_PE,D,20220209,000000,6.78569,6.87993,6.69144,6.78569,0,0
SAN_PE,D,20220210,000000,6.78569,6.97418,6.78569,6.97418,0,0
SAN_PE,D,20220211,000000,6.78569,6.97418,6.78569,6.97418,0,0
SAN_PE,D,20220214,000000,6.87993,6.87993,6.69144,6.69144,0,0
SAN_PE,D,20220215,000000,6.69144,6.87993,6.69144,6.87993,0,0
SAN_PE,D,20220216,000000,6.87993,6.97418,6.78569,6.78569,0,0
SAN_PE,D,20220217,000000,6.69144,6.78569,6.69144,6.78569,0,0
SAN_PE,D,20220218,000000,6.78569,6.78569,6.69144,6.69144,0,0
SAN_PE,D,20220221,000000,6.50295,6.69144,6.50295,6.59719,0,0
SAN_PE,D,20220222,000000,6.59719,6.78569,6.40871,6.69144,0,0
SAN_PE,D,20220224,000000,6.31445,6.40871,6.03173,6.12597,0,0
SAN_PE,D,20220225,000000,6.03173,6.31445,5.93747,6.22021,0,0
SAN_PE,D,20220228,000000,6.22021,6.22021,5.93747,6.03173,0,0
SAN_PE,D,20220301,000000,6.03173,6.03173,5.74899,5.74899,0,0
SAN_PE,D,20220302,000000,5.93747,5.93747,5.65473,5.84323,0,0
SAN_PE,D,20220303,000000,5.84323,5.84323,5.74899,5.84323,0,0
SAN_PE,D,20220304,000000,5.84323,5.84323,5.56049,5.56049,0,0
SAN_PE,D,20220307,000000,5.46625,5.56049,5.08926,5.372,0,0
SAN_PE,D,20220308,000000,5.56049,5.56049,5.27775,5.46625,0,0
SAN_PE,D,20220309,000000,5.56049,5.74899,5.56049,5.74899,0,0
SAN_PE,D,20220310,000000,6.22021,6.22021,5.65473,5.84323,0,0
SAN_PE,D,20220311,000000,6.12597,6.12597,5.74899,5.84323,0,0
SAN_PE,D,20220314,000000,6.12597,6.12597,5.74899,5.93747,0,0
SAN_PE,D,20220315,000000,6.03173,6.03173,5.74899,5.93747,0,0
SAN_PE,D,20220316,000000,5.93747,6.31445,5.93747,6.31445,0,0
SAN_PE,D,20220317,000000,6.31445,6.31445,6.12597,6.31445,0,0
SAN_PE,D,20220318,000000,6.31445,6.31445,6.22021,6.22021,0,0
SAN_PE,D,20220321,000000,6.22021,6.31445,6.22021,6.31445,0,0
SAN_PE,D,20220322,000000,6.31445,6.40871,6.31445,6.40871,0,0
SAN_PE,D,20220323,000000,6.40871,6.40871,6.31445,6.31445,0,0
SAN_PE,D,20220324,000000,6.31445,6.31445,6.12597,6.22021,0,0
SAN_PE,D,20220325,000000,6.22021,6.22021,6.12597,6.22021,0,0
SAN_PE,D,20220328,000000,6.22021,6.31445,6.22021,6.22021,0,0
SAN_PE,D,20220329,000000,6.22021,6.40871,6.22021,6.40871,0,0
SAN_PE,D,20220330,000000,6.40871,6.40871,6.22021,6.31445,0,0
SAN_PE,D,20220331,000000,6.31445,6.40871,6.22021,6.31445,0,0
SAN_PE,D,20220401,000000,6.31445,6.50295,6.31445,6.50295,0,0
SAN_PE,D,20220404,000000,6.50295,6.50295,6.40871,6.40871,0,0
SAN_PE,D,20220405,000000,6.40871,6.40871,6.31445,6.31445,0,0
SAN_PE,D,20220406,000000,6.40871,6.40871,6.03173,6.12597,0,0
SAN_PE,D,20220407,000000,6.22021,6.22021,6.12597,6.22021,0,0
SAN_PE,D,20220408,000000,6.31445,6.40871,6.22021,6.22021,0,0
SAN_PE,D,20220411,000000,6.22021,6.40871,6.22021,6.31445,0,0
SAN_PE,D,20220412,000000,6.12597,6.40871,6.12597,6.40871,0,0
SAN_PE,D,20220413,000000,6.40871,6.40871,6.22021,6.22021,0,0
SAN_PE,D,20220414,000000,6.22021,6.40871,6.22021,6.40871,0,0
SAN_PE,D,20220419,000000,6.50295,6.50295,6.31445,6.40871,0,0
SAN_PE,D,20220420,000000,6.40871,6.50295,6.31445,6.50295,0,0
SAN_PE,D,20220421,000000,6.40871,6.50295,6.40871,6.50295,0,0
SAN_PE,D,20220422,000000,6.50295,6.50295,6.40871,6.40871,0,0
SAN_PE,D,20220425,000000,6.31445,6.31445,6.22021,6.22021,0,0
SAN_PE,D,20220426,000000,6.22021,6.40871,5.74899,5.84323,0,0
SAN_PE,D,20220427,000000,5.65473,5.84323,5.65473,5.65473,0,0
SAN_PE,D,20220428,000000,5.75839,5.85436,5.56644,5.56644,0,0
SAN_PE,D,20220429,000000,5.75839,5.75839,5.56644,5.75839,0,0
SAN_PE,D,20220502,000000,5.66241,5.75839,4.9906,4.9906,0,0
SAN_PE,D,20220504,000000,5.08657,5.18255,5.08657,5.08657,0,0
SAN_PE,D,20220505,000000,5.18255,5.18255,4.89463,4.9906,0,0
SAN_PE,D,20220506,000000,4.89463,4.89463,4.79866,4.79866,0,0
SAN_PE,D,20220509,000000,4.89463,4.89463,4.70268,4.79866,0,0
SAN_PE,D,20220510,000000,4.79866,4.89463,4.79866,4.79866,0,0
SAN_PE,D,20220511,000000,4.79866,4.89463,4.70268,4.89463,0,0
SAN_PE,D,20220512,000000,4.79866,4.79866,4.70268,4.70268,0,0
SAN_PE,D,20220513,000000,4.70268,4.9906,4.70268,4.9906,0,0
SAN_PE,D,20220516,000000,4.9906,4.9906,4.89463,4.89463,0,0
SAN_PE,D,20220517,000000,5.18255,5.18255,4.9906,4.9906,0,0
SAN_PE,D,20220518,000000,4.9906,4.9906,4.89463,4.9906,0,0
SAN_PE,D,20220519,000000,4.9906,4.9906,4.89463,4.9906,0,0
SAN_PE,D,20220520,000000,5.08657,5.08657,4.9906,4.9906,0,0
SAN_PE,D,20220523,000000,4.9906,5.08657,4.9906,5.08657,0,0
SAN_PE,D,20220524,000000,5.3745,5.3745,5.08657,5.18255,0,0
SAN_PE,D,20220525,000000,5.18255,5.3745,5.18255,5.3745,0,0
SAN_PE,D,20220526,000000,5.3745,5.47047,5.3745,5.3745,0,0
SAN_PE,D,20220527,000000,5.3745,5.47047,5.3745,5.47047,0,0
SAN_PE,D,20220530,000000,5.47047,5.47047,5.47047,5.47047,0,0
SAN_PE,D,20220531,000000,5.56644,5.56644,5.47047,5.47047,0,0
SAN_PE,D,20220601,000000,5.47047,5.47047,5.47047,5.47047,0,0
SAN_PE,D,20220602,000000,5.3745,5.3745,5.3745,5.3745,0,0
SAN_PE,D,20220603,000000,5.3745,5.3745,5.3745,5.3745,0,0
SAN_PE,D,20220606,000000,5.27853,5.47047,5.27853,5.47047,0,0
SAN_PE,D,20220607,000000,5.47047,5.47047,5.3745,5.3745,0,0
SAN_PE,D,20220608,000000,5.27853,5.47047,5.27853,5.47047,0,0
SAN_PE,D,20220609,000000,5.3745,5.47047,5.3745,5.3745,0,0
SAN_PE,D,20220610,000000,5.3745,5.3745,4.89463,4.9906,0,0
SAN_PE,D,20220613,000000,4.9906,4.9906,4.70268,4.79866,0,0
SAN_PE,D,20220614,000000,4.79866,4.89463,4.79866,4.79866,0,0
SAN_PE,D,20220615,000000,4.79866,4.89463,4.79866,4.89463,0,0
SAN_PE,D,20220617,000000,4.51074,4.9906,4.51074,4.89463,0,0
SAN_PE,D,20220620,000000,4.89463,5.08657,4.89463,5.08657,0,0
SAN_PE,D,20220621,000000,5.08657,5.18255,5.08657,5.08657,0,0
SAN_PE,D,20220622,000000,5.18255,5.18255,4.9906,5.18255,0,0
SAN_PE,D,20220623,000000,5.27853,5.27853,4.9906,4.9906,0,0
SAN_PE,D,20220624,000000,4.9906,4.9906,4.89463,4.9906,0,0
SAN_PE,D,20220627,000000,4.9906,4.9906,4.9906,4.9906,0,0
SAN_PE,D,20220628,000000,4.9906,4.9906,4.9906,4.9906,0,0
SAN_PE,D,20220629,000000,4.9906,4.9906,4.89463,4.9906,0,0
SAN_PE,D,20220630,000000,4.89463,4.89463,4.79866,4.89463,0,0
SAN_PE,D,20220701,000000,4.89463,4.9906,4.70268,4.70268,0,0
SAN_PE,D,20220704,000000,4.70268,4.89463,4.70268,4.89463,0,0
SAN_PE,D,20220705,000000,4.89463,4.89463,4.70268,4.70268,0,0
SAN_PE,D,20220706,000000,4.60671,4.60671,4.51074,4.51074,0,0
SAN_PE,D,20220707,000000,4.51074,4.70268,4.51074,4.70268,0,0
SAN_PE,D,20220708,000000,4.60671,4.70268,4.60671,4.70268,0,0
SAN_PE,D,20220711,000000,4.70268,4.70268,4.60671,4.60671,0,0
SAN_PE,D,20220712,000000,4.70268,4.70268,4.31879,4.31879,0,0
SAN_PE,D,20220713,000000,4.31879,4.41477,4.31879,4.31879,0,0
SAN_PE,D,20220714,000000,4.41477,4.41477,4.12684,4.12684,0,0
SAN_PE,D,20220715,000000,4.22282,4.31879,4.22282,4.22282,0,0
SAN_PE,D,20220718,000000,4.31879,4.31879,4.22282,4.31879,0,0
SAN_PE,D,20220719,000000,4.31879,4.41477,4.31879,4.41477,0,0
SAN_PE,D,20220720,000000,4.51074,4.51074,4.31879,4.41477,0,0
SAN_PE,D,20220721,000000,4.70268,4.70268,4.31879,4.41477,0,0
SAN_PE,D,20220722,000000,4.70268,4.70268,4.31879,4.31879,0,0
SAN_PE,D,20220725,000000,4.31879,4.41477,4.31879,4.41477,0,0
SAN_PE,D,20220726,000000,4.41477,4.41477,4.31879,4.31879,0,0
SAN_PE,D,20220727,000000,4.41477,4.41477,4.41477,4.41477,0,0
SAN_PE,D,20220728,000000,4.41477,4.41477,4.12684,4.12684,0,0
SAN_PE,D,20220729,000000,4.12684,4.22282,4.03087,4.22282,0,0
SAN_PE,D,20220801,000000,4.31879,4.31879,4.12684,4.12684,0,0
SAN_PE,D,20220802,000000,4.22282,4.22282,4.03087,4.12684,0,0
SAN_PE,D,20220803,000000,4.12684,4.22282,4.12684,4.22282,0,0
SAN_PE,D,20220804,000000,4.22282,4.31879,4.22282,4.22282,0,0
SAN_PE,D,20220805,000000,4.22282,4.31879,4.22282,4.31879,0,0
SAN_PE,D,20220808,000000,4.31879,4.41477,4.31879,4.41477,0,0
SAN_PE,D,20220809,000000,4.41477,4.41477,4.41477,4.41477,0,0
SAN_PE,D,20220810,000000,4.51074,4.51074,4.41477,4.51074,0,0
SAN_PE,D,20220811,000000,4.51074,4.60671,4.51074,4.60671,0,0
SAN_PE,D,20220812,000000,4.60671,4.60671,4.60671,4.60671,0,0
SAN_PE,D,20220816,000000,4.70268,4.70268,4.60671,4.60671,0,0
SAN_PE,D,20220817,000000,4.79866,4.79866,4.51074,4.51074,0,0
SAN_PE,D,20220818,000000,4.60671,4.60671,4.51074,4.51074,0,0
SAN_PE,D,20220819,000000,4.51074,4.51074,4.41477,4.41477,0,0
SAN_PE,D,20220822,000000,4.31879,4.31879,4.22282,4.22282,0,0
SAN_PE,D,20220823,000000,4.31879,4.31879,4.22282,4.31879,0,0
SAN_PE,D,20220824,000000,4.31879,4.31879,4.22282,4.22282,0,0
SAN_PE,D,20220825,000000,4.31879,4.31879,4.22282,4.31879,0,0
SAN_PE,D,20220826,000000,4.31879,4.31879,4.22282,4.22282,0,0
SAN_PE,D,20220829,000000,4.12684,4.22282,4.12684,4.12684,0,0
SAN_PE,D,20220830,000000,4.12684,4.31879,4.12684,4.22282,0,0
SAN_PE,D,20220831,000000,4.12684,4.12684,4.12684,4.12684,0,0
SAN_PE,D,20220901,000000,4.22282,4.22282,4.03087,4.12684,0,0
SAN_PE,D,20220902,000000,4.12684,4.22282,4.03087,4.22282,0,0
SAN_PE,D,20220905,000000,4.31879,4.31879,4.12684,4.12684,0,0
SAN_PE,D,20220906,000000,4.31879,4.31879,4.12684,4.12684,0,0
SAN_PE,D,20220907,000000,4.03087,4.03087,4.03087,4.03087,0,0
SAN_PE,D,20220908,000000,4.03087,4.22282,4.03087,4.22282,0,0
SAN_PE,D,20220909,000000,4.31879,4.41477,4.31879,4.31879,0,0
SAN_PE,D,20220912,000000,4.31879,4.51074,4.31879,4.51074,0,0
SAN_PE,D,20220913,000000,4.51074,4.51074,4.41477,4.41477,0,0
SAN_PE,D,20220914,000000,4.41477,4.41477,4.41477,4.41477,0,0
SAN_PE,D,20220915,000000,4.51074,4.60671,4.41477,4.60671,0,0
SAN_PE,D,20220916,000000,4.31879,4.60671,4.31879,4.51074,0,0
SAN_PE,D,20220919,000000,4.60671,4.60671,4.60671,4.60671,0,0
SAN_PE,D,20220920,000000,4.51074,4.60671,4.51074,4.51074,0,0
SAN_PE,D,20220922,000000,4.60671,4.60671,4.60671,4.60671,0,0
SAN_PE,D,20220923,000000,4.31879,4.41477,4.31879,4.41477,0,0
SAN_PE,D,20220926,000000,4.31879,4.31879,4.31879,4.31879,0,0
SAN_PE,D,20220927,000000,4.31879,4.31879,4.22282,4.22282,0,0
SAN_PE,D,20220928,000000,4.22282,4.22282,4.22282,4.22282,0,0
SAN_PE,D,20220929,000000,4.22282,4.22282,4.22282,4.22282,0,0
SAN_PE,D,20220930,000000,4.22282,4.31879,4.22282,4.31879,0,0
SAN_PE,D,20221003,000000,4.31879,4.31879,4.22282,4.31879,0,0
SAN_PE,D,20221004,000000,4.51074,4.60671,4.51074,4.60671,0,0
SAN_PE,D,20221005,000000,4.60671,4.60671,4.51074,4.51074,0,0
SAN_PE,D,20221006,000000,4.60671,4.60671,4.51074,4.51074,0,0
SAN_PE,D,20221007,000000,4.41477,4.51074,4.31879,4.31879,0,0
SAN_PE,D,20221010,000000,4.31879,4.41477,4.31879,4.41477,0,0
SAN_PE,D,20221011,000000,4.31879,4.31879,4.31879,4.31879,0,0
SAN_PE,D,20221012,000000,4.31879,4.31879,4.12684,4.12684,0,0
SAN_PE,D,20221013,000000,4.22282,4.22282,4.22282,4.22282,0,0
SAN_PE,D,20221014,000000,4.31879,4.31879,4.31879,4.31879,0,0
SAN_PE,D,20221017,000000,4.31879,4.41477,4.31879,4.41477,0,0
SAN_PE,D,20221018,000000,4.41477,4.51074,4.41477,4.51074,0,0
SAN_PE,D,20221019,000000,4.51074,4.51074,4.41477,4.51074,0,0
SAN_PE,D,20221020,000000,4.51074,4.60671,4.51074,4.60671,0,0
SAN_PE,D,20221021,000000,4.60671,4.60671,4.51074,4.51074,0,0
SAN_PE,D,20221024,000000,4.60671,4.70268,4.60671,4.70268,0,0
SAN_PE,D,20221025,000000,4.51074,4.79866,4.51074,4.70268,0,0
SAN_PE,D,20221026,000000,4.70268,4.70268,4.51074,4.51074,0,0
SAN_PE,D,20221027,000000,4.51074,4.51074,4.41477,4.41477,0,0
SAN_PE,D,20221028,000000,4.41857,4.51676,4.41857,4.51676,0,0
SAN_PE,D,20221031,000000,4.61495,4.71314,4.51676,4.51676,0,0
SAN_PE,D,20221102,000000,4.51676,4.61495,4.51676,4.51676,0,0
SAN_PE,D,20221103,000000,4.61495,4.61495,4.41857,4.41857,0,0
SAN_PE,D,20221104,000000,4.51676,4.61495,4.51676,4.61495,0,0
SAN_PE,D,20221107,000000,4.71314,4.71314,4.51676,4.51676,0,0
SAN_PE,D,20221108,000000,4.51676,4.61495,4.51676,4.61495,0,0
SAN_PE,D,20221109,000000,4.61495,4.61495,4.51676,4.51676,0,0
SAN_PE,D,20221110,000000,4.51676,4.51676,4.41857,4.41857,0,0
SAN_PE,D,20221114,000000,4.51676,4.51676,4.41857,4.51676,0,0
SAN_PE,D,20221115,000000,4.51676,4.51676,4.51676,4.51676,0,0
SAN_PE,D,20221116,000000,4.51676,4.51676,4.41857,4.41857,0,0
SAN_PE,D,20221117,000000,4.41857,4.41857,4.32038,4.32038,0,0
SAN_PE,D,20221118,000000,4.32038,4.41857,4.32038,4.41857,0,0
SAN_PE,D,20221121,000000,4.51676,4.61495,4.51676,4.61495,0,0
SAN_PE,D,20221122,000000,4.61495,4.81133,4.61495,4.71314,0,0
SAN_PE,D,20221123,000000,4.71314,4.71314,4.61495,4.71314,0,0
SAN_PE,D,20221124,000000,4.71314,4.81133,4.71314,4.81133,0,0
SAN_PE,D,20221125,000000,4.71314,4.81133,4.71314,4.81133,0,0
SAN_PE,D,20221128,000000,4.81133,4.90952,4.81133,4.90952,0,0
SAN_PE,D,20221129,000000,4.90952,4.90952,4.81133,4.81133,0,0
SAN_PE,D,20221130,000000,4.81133,4.90952,4.81133,4.90952,0,0
SAN_PE,D,20221201,000000,4.90952,5.00771,4.90952,4.90952,0,0
SAN_PE,D,20221202,000000,4.90952,4.90952,4.81133,4.81133,0,0
SAN_PE,D,20221205,000000,4.81133,5.00771,4.81133,4.81133,0,0
SAN_PE,D,20221206,000000,4.81133,4.81133,4.71314,4.81133,0,0
SAN_PE,D,20221207,000000,4.90952,4.90952,4.81133,4.81133,0,0
SAN_PE,D,20221208,000000,4.71314,4.81133,4.71314,4.71314,0,0
SAN_PE,D,20221209,000000,4.71314,4.81133,4.71314,4.81133,0,0
SAN_PE,D,20221212,000000,4.71314,4.81133,4.71314,4.81133,0,0
SAN_PE,D,20221213,000000,4.81133,4.90952,4.81133,4.81133,0,0
SAN_PE,D,20221214,000000,4.81133,4.81133,4.81133,4.81133,0,0
SAN_PE,D,20221215,000000,4.71314,4.71314,4.61495,4.71314,0,0
SAN_PE,D,20221216,000000,4.61495,4.71314,4.61495,4.71314,0,0
SAN_PE,D,20221219,000000,4.90952,4.90952,4.71314,4.71314,0,0
SAN_PE,D,20221220,000000,4.61495,4.81133,4.61495,4.81133,0,0
SAN_PE,D,20221221,000000,4.81133,4.81133,4.71314,4.81133,0,0
SAN_PE,D,20221222,000000,4.81133,4.81133,4.81133,4.81133,0,0
SAN_PE,D,20221223,000000,4.71314,4.81133,4.71314,4.81133,0,0
SAN_PE,D,20221227,000000,4.90952,4.90952,4.81133,4.81133,0,0
SAN_PE,D,20221229,000000,4.90952,4.90952,4.81133,4.81133,0,0
SAN_PE,D,20221230,000000,4.81133,4.81133,4.71314,4.81133,0,0
SAN_PE,D,20230102,000000,4.81133,4.90952,4.81133,4.90952,0,0
SAN_PE,D,20230103,000000,5.00771,5.00771,5.00771,5.00771,0,0
SAN_PE,D,20230104,000000,5.1059,5.1059,5.00771,5.00771,0,0
SAN_PE,D,20230105,000000,5.1059,5.1059,5.00771,5.1059,0,0
SAN_PE,D,20230109,000000,5.1059,5.20409,5.1059,5.20409,0,0
SAN_PE,D,20230110,000000,5.30228,5.30228,5.20409,5.20409,0,0
SAN_PE,D,20230111,000000,5.20409,5.20409,5.1059,5.20409,0,0
SAN_PE,D,20230112,000000,5.20409,5.30228,5.20409,5.30228,0,0
SAN_PE,D,20230113,000000,5.30228,5.49866,5.30228,5.30228,0,0
SAN_PE,D,20230116,000000,5.30228,5.40047,5.30228,5.30228,0,0
SAN_PE,D,20230117,000000,5.30228,5.30228,5.20409,5.30228,0,0
SAN_PE,D,20230118,000000,5.30228,5.40047,5.30228,5.30228,0,0
SAN_PE,D,20230119,000000,5.40047,5.40047,5.30228,5.40047,0,0
SAN_PE,D,20230120,000000,5.30228,5.30228,5.30228,5.30228,0,0
SAN_PE,D,20230123,000000,5.20409,5.40047,5.20409,5.30228,0,0
SAN_PE,D,20230124,000000,5.30228,5.40047,5.30228,5.30228,0,0
SAN_PE,D,20230125,000000,5.20409,5.40047,5.20409,5.30228,0,0
SAN_PE,D,20230126,000000,5.40047,5.49866,5.40047,5.49866,0,0
SAN_PE,D,20230127,000000,5.49866,5.49866,5.40047,5.40047,0,0
SAN_PE,D,20230130,000000,5.49866,5.49866,5.40047,5.40047,0,0
SAN_PE,D,20230131,000000,5.40047,5.59685,5.40047,5.59685,0,0
SAN_PE,D,20230201,000000,5.59685,5.69504,5.59685,5.59685,0,0
SAN_PE,D,20230202,000000,5.59685,5.98961,5.59685,5.79323,0,0
SAN_PE,D,20230203,000000,5.79323,5.98961,5.79323,5.98961,0,0
SAN_PE,D,20230206,000000,5.98961,5.98961,5.89142,5.89142,0,0
SAN_PE,D,20230207,000000,5.89142,6.0878,5.89142,5.98961,0,0
SAN_PE,D,20230208,000000,5.89142,6.0878,5.89142,6.0878,0,0
SAN_PE,D,20230209,000000,5.98961,6.0878,5.98961,6.0878,0,0
SAN_PE,D,20230210,000000,5.98961,5.98961,5.89142,5.89142,0,0
SAN_PE,D,20230213,000000,5.89142,6.0878,5.89142,5.98961,0,0
SAN_PE,D,20230214,000000,5.89142,5.98961,5.89142,5.89142,0,0
SAN_PE,D,20230215,000000,5.89142,5.89142,5.89142,5.89142,0,0
SAN_PE,D,20230216,000000,5.89142,6.0878,5.89142,6.0878,0,0
SAN_PE,D,20230217,000000,5.98961,6.18599,5.98961,5.98961,0,0
SAN_PE,D,20230220,000000,5.98961,6.0878,5.89142,5.98961,0,0
SAN_PE,D,20230221,000000,5.89142,5.98961,5.89142,5.98961,0,0
SAN_PE,D,20230222,000000,5.98961,5.98961,5.89142,5.89142,0,0
SAN_PE,D,20230223,000000,5.98961,5.98961,5.98961,5.98961,0,0
SAN_PE,D,20230224,000000,5.98961,6.0878,5.98961,5.98961,0,0
SAN_PE,D,20230227,000000,5.89142,6.0878,5.89142,6.0878,0,0
SAN_PE,D,20230228,000000,6.18599,6.48056,6.18599,6.38237,0,0
SAN_PE,D,20230301,000000,6.18599,6.38237,6.18599,6.28418,0,0
SAN_PE,D,20230302,000000,6.28418,6.28418,6.18599,6.28418,0,0
SAN_PE,D,20230303,000000,6.38237,6.57875,6.38237,6.57875,0,0
SAN_PE,D,20230306,000000,6.57875,6.67694,6.57875,6.57875,0,0
SAN_PE,D,20230307,000000,6.57875,6.67694,6.48056,6.48056,0,0
SAN_PE,D,20230308,000000,6.48056,6.57875,6.48056,6.48056,0,0
SAN_PE,D,20230309,000000,6.48056,6.57875,6.48056,6.57875,0,0
SAN_PE,D,20230310,000000,6.57875,6.57875,6.0878,6.18599,0,0
SAN_PE,D,20230313,000000,6.18599,6.18599,5.59685,5.79323,0,0
SAN_PE,D,20230314,000000,5.69504,5.98961,5.69504,5.98961,0,0
SAN_PE,D,20230315,000000,5.98961,5.98961,5.49866,5.59685,0,0
SAN_PE,D,20230316,000000,5.59685,5.69504,5.49866,5.49866,0,0
SAN_PE,D,20230317,000000,5.59685,5.79323,5.40047,5.49866,0,0
SAN_PE,D,20230320,000000,5.30228,5.59685,5.1059,5.59685,0,0
SAN_PE,D,20230321,000000,6.18599,6.18599,5.69504,5.69504,0,0
SAN_PE,D,20230322,000000,5.59685,5.89142,5.59685,5.69504,0,0
SAN_PE,D,20230323,000000,5.69504,5.69504,5.49866,5.69504,0,0
SAN_PE,D,20230324,000000,5.59685,5.59685,5.30228,5.40047,0,0
SAN_PE,D,20230327,000000,5.30228,5.59685,5.30228,5.49866,0,0
SAN_PE,D,20230328,000000,5.49866,5.69504,5.49866,5.49866,0,0
SAN_PE,D,20230329,000000,5.49866,5.69504,5.49866,5.59685,0,0
SAN_PE,D,20230330,000000,5.69504,5.89142,5.69504,5.69504,0,0
SAN_PE,D,20230331,000000,5.49866,5.79323,5.49866,5.79323,0,0
SAN_PE,D,20230403,000000,6.0878,6.0878,5.79323,5.79323,0,0
SAN_PE,D,20230404,000000,5.79323,5.79323,5.79323,5.79323,0,0
SAN_PE,D,20230405,000000,5.79323,5.89142,5.79323,5.79323,0,0
SAN_PE,D,20230406,000000,5.79323,5.89142,5.79323,5.79323,0,0
SAN_PE,D,20230411,000000,5.79323,5.89142,5.79323,5.79323,0,0
SAN_PE,D,20230412,000000,5.49866,5.89142,5.49866,5.89142,0,0
SAN_PE,D,20230413,000000,5.89142,5.89142,5.79323,5.89142,0,0
SAN_PE,D,20230414,000000,5.89142,6.0878,5.89142,6.0878,0,0
SAN_PE,D,20230417,000000,6.18599,6.18599,5.89142,5.98961,0,0
SAN_PE,D,20230418,000000,5.98961,6.0878,5.98961,5.98961,0,0
SAN_PE,D,20230419,000000,6.0878,6.0878,5.98961,6.0878,0,0
SAN_PE,D,20230420,000000,6.18599,6.18599,5.98961,5.98961,0,0
SAN_PE,D,20230421,000000,5.98961,5.98961,5.98961,5.98961,0,0
SAN_PE,D,20230424,000000,5.98961,5.98961,5.89142,5.98961,0,0
SAN_PE,D,20230425,000000,5.79323,5.98961,5.59685,5.59685,0,0
SAN_PE,D,20230426,000000,5.59685,5.59685,5.40047,5.49866,0,0
SAN_PE,D,20230427,000000,6,6,5.6,5.6,0,0
SAN_PE,D,20230428,000000,5.5,5.5,5.4,5.5,0,0
SAN_PE,D,20230502,000000,5.9,5.9,5.3,5.3,0,0
SAN_PE,D,20230504,000000,5.3,5.3,5.2,5.3,0,0
SAN_PE,D,20230505,000000,5.4,5.4,5.3,5.3,0,0
SAN_PE,D,20230508,000000,5.3,5.6,5.3,5.5,0,0
SAN_PE,D,20230509,000000,5.5,5.5,5.5,5.5,0,0
SAN_PE,D,20230510,000000,5.6,5.6,5.4,5.4,0,0
SAN_PE,D,20230511,000000,5.4,5.4,5.3,5.3,0,0
SAN_PE,D,20230512,000000,5.4,5.5,5.4,5.5,0,0
SAN_PE,D,20230515,000000,5.4,5.4,5.4,5.4,0,0
SAN_PE,D,20230516,000000,5.4,5.4,5.4,5.4,0,0
SAN_PE,D,20230517,000000,5.4,5.4,5.3,5.4,0,0
SAN_PE,D,20230518,000000,5.4,5.5,5.4,5.4,0,0
SAN_PE,D,20230519,000000,5.5,5.5,5.5,5.5,0,0
SAN_PE,D,20230522,000000,5.4,5.6,5.4,5.5,0,0
SAN_PE,D,20230523,000000,5.6,5.6,5.5,5.5,0,0
SAN_PE,D,20230524,000000,5.5,5.5,5.3,5.4,0,0
SAN_PE,D,20230525,000000,5.4,5.4,5.3,5.3,0,0
SAN_PE,D,20230526,000000,5.4,5.4,5.3,5.4,0,0
SAN_PE,D,20230529,000000,5.5,5.5,5.3,5.4,0,0
SAN_PE,D,20230530,000000,5.4,5.4,5.3,5.3,0,0
SAN_PE,D,20230531,000000,5.3,5.3,5.3,5.3,0,0
SAN_PE,D,20230601,000000,5.3,5.4,5.3,5.4,0,0
SAN_PE,D,20230602,000000,5.4,5.4,5.4,5.4,0,0
SAN_PE,D,20230605,000000,5.4,5.5,5.4,5.4,0,0
SAN_PE,D,20230606,000000,5.4,5.5,5.4,5.4,0,0
SAN_PE,D,20230607,000000,5.4,5.5,5.4,5.4,0,0
SAN_PE,D,20230609,000000,5.4,5.5,5.4,5.5,0,0
SAN_PE,D,20230612,000000,5.5,5.5,5.4,5.5,0,0
SAN_PE,D,20230613,000000,5.4,5.5,5.4,5.4,0,0
SAN_PE,D,20230614,000000,5.5,5.6,5.5,5.6,0,0
SAN_PE,D,20230615,000000,5.6,5.6,5.4,5.5,0,0
SAN_PE,D,20230616,000000,5.5,5.5,5.5,5.5,0,0
SAN_PE,D,20230619,000000,5.5,5.5,5.4,5.5,0,0
SAN_PE,D,20230620,000000,5.6,5.6,5.5,5.5,0,0
SAN_PE,D,20230621,000000,5.4,5.5,5.4,5.5,0,0
SAN_PE,D,20230622,000000,5.5,5.5,5.4,5.4,0,0
SAN_PE,D,20230623,000000,5.3,5.4,5.3,5.3,0,0
SAN_PE,D,20230626,000000,5.3,5.3,5.2,5.3,0,0
SAN_PE,D,20230627,000000,5.3,5.4,5.3,5.4,0,0
SAN_PE,D,20230628,000000,5.5,5.7,5.5,5.6,0,0
SAN_PE,D,20230629,000000,5.6,5.7,5.6,5.7,0,0
SAN_PE,D,20230630,000000,5.8,5.9,5.8,5.8,0,0
SAN_PE,D,20230703,000000,5.9,5.9,5.7,5.7,0,0
SAN_PE,D,20230704,000000,5.7,5.7,5.7,5.7,0,0
SAN_PE,D,20230705,000000,5.6,5.8,5.6,5.7,0,0
SAN_PE,D,20230706,000000,5.6,5.6,5.4,5.4,0,0
SAN_PE,D,20230707,000000,5.4,5.5,5.4,5.4,0,0
SAN_PE,D,20230710,000000,5.4,5.5,5.4,5.5,0,0
SAN_PE,D,20230711,000000,5.5,5.7,5.5,5.7,0,0
SAN_PE,D,20230712,000000,5.7,5.8,5.7,5.7,0,0
SAN_PE,D,20230713,000000,5.8,5.9,5.7,5.9,0,0
SAN_PE,D,20230714,000000,5.9,6,5.9,5.9,0,0
SAN_PE,D,20230717,000000,6,6,5.7,5.7,0,0
SAN_PE,D,20230718,000000,5.7,5.9,5.7,5.9,0,0
SAN_PE,D,20230719,000000,5.9,5.9,5.9,5.9,0,0
SAN_PE,D,20230720,000000,6,6,5.9,5.9,0,0
SAN_PE,D,20230721,000000,5.9,6,5.7,5.9,0,0
SAN_PE,D,20230724,000000,5.9,5.9,5.7,5.9,0,0
SAN_PE,D,20230725,000000,5.8,5.9,5.8,5.9,0,0
SAN_PE,D,20230726,000000,6,6.1,5.9,5.9,0,0
SAN_PE,D,20230727,000000,5.9,6,5.9,5.9,0,0
SAN_PE,D,20230728,000000,5.9,6,5.9,6,0,0
SAN_PE,D,20230731,000000,5.9,6.1,5.9,6.1,0,0
SAN_PE,D,20230801,000000,6,6,5.8,5.8,0,0
SAN_PE,D,20230802,000000,5.8,5.8,5.7,5.7,0,0
SAN_PE,D,20230803,000000,5.9,5.9,5.8,5.8,0,0
SAN_PE,D,20230804,000000,5.8,5.9,5.8,5.9,0,0
SAN_PE,D,20230807,000000,5.9,5.9,5.9,5.9,0,0
SAN_PE,D,20230808,000000,5.9,5.9,5.716,5.8,0,0
SAN_PE,D,20230809,000000,5.897,5.897,5.7,5.7,0,0
SAN_PE,D,20230810,000000,5.873,5.909,5.873,5.9,0,0
SAN_PE,D,20230811,000000,5.9,5.909,5.9,5.9,0,0
SAN_PE,D,20230814,000000,5.89,6,5.89,6,0,0
SAN_PE,D,20230816,000000,5.773,5.942,5.773,5.9,0,0
SAN_PE,D,20230817,000000,5.771,5.867,5.771,5.8,0,0
SAN_PE,D,20230818,000000,5.8,5.8,5.7,5.7,0,0
SAN_PE,D,20230821,000000,5.853,5.857,5.7,5.7,0,0
SAN_PE,D,20230822,000000,5.733,5.9,5.733,5.9,0,0
SAN_PE,D,20230824,000000,5.762,5.832,5.762,5.8,0,0
SAN_PE,D,20230825,000000,5.8,5.8,5.7,5.7,0,0
SAN_PE,D,20230828,000000,5.462,5.823,5.462,5.8,0,0
SAN_PE,D,20230829,000000,5.822,5.906,5.768,5.9,0,0
SAN_PE,D,20230830,000000,5.973,6.047,5.877,6,0,0
SAN_PE,D,20230901,000000,5.776,5.776,5.7,5.7,0,0
SAN_PE,D,20230904,000000,5.626,5.8,5.626,5.8,0,0
SAN_PE,D,20230905,000000,5.8,5.8,5.608,5.7,0,0
SAN_PE,D,20230906,000000,5.7,5.7,5.569,5.6,0,0
SAN_PE,D,20230907,000000,5.889,5.889,5.564,5.6,0,0
SAN_PE,D,20230908,000000,5.604,5.634,5.485,5.6,0,0
SAN_PE,D,20230911,000000,5.6,5.676,5.57,5.6,0,0
SAN_PE,D,20230912,000000,5.355,5.706,5.355,5.5,0,0
SAN_PE,D,20230913,000000,5.651,5.7,5.475,5.7,0,0
SAN_PE,D,20230914,000000,5.74,5.754,5.7,5.7,0,0
SAN_PE,D,20230915,000000,5.761,5.814,5.7,5.7,0,0
SAN_PE,D,20230918,000000,5.701,5.701,5.581,5.6,0,0
SAN_PE,D,20230919,000000,5.633,5.7,5.619,5.7,0,0
SAN_PE,D,20230920,000000,5.7,5.805,5.7,5.8,0,0
SAN_PE,D,20230921,000000,5.66,5.7,5.646,5.7,0,0
SAN_PE,D,20230922,000000,5.65,5.657,5.6,5.6,0,0
SAN_PE,D,20230925,000000,5.599,5.6,5.599,5.6,0,0
SAN_PE,D,20230926,000000,5.516,5.516,5.459,5.5,0,0
SAN_PE,D,20230927,000000,5.5,5.741,5.5,5.6,0,0
SAN_PE,D,20230928,000000,5.758,5.916,5.6,5.9,0,0
SAN_PE,D,20230929,000000,5.997,6,5.9,6,0,0
SAN_PE,D,20231002,000000,6,6,5.8,5.8,0,0
SAN_PE,D,20231003,000000,5.839,5.9,5.667,5.9,0,0
SAN_PE,D,20231004,000000,5.875,5.875,5.6,5.6,0,0
