<TICKER>,<PER>,<DATE>,<TIME>,<OPEN>,<HIGH>,<LOW>,<CLOSE>,<VOL>,<OPENINT>
SHO_PB,D,20210709,000000,93.1,93.1,93.1,93.1,0,0
SHO_PB,D,20210712,000000,93.12,98.24,93.12,98.1,0,0
SHO_PB,D,20210713,000000,98.24,106.51,98.1,106.51,0,0
SHO_PB,D,20210714,000000,109.95,113.85,107.14,107.46,0,0
SHO_PB,D,20210715,000000,107.82,111.35,107.82,109.59,0,0
SHO_PB,D,20210716,000000,109.95,109.95,108.95,109.41,0,0
SHO_PB,D,20210719,000000,109.75,109.75,105.57,107.32,0,0
SHO_PB,D,20210720,000000,107.3,115.27,106.59,115.27,0,0
SHO_PB,D,20210721,000000,115.8,117.8,111.74,115.27,0,0
SHO_PB,D,20210722,000000,116.86,116.86,111.7,111.7,0,0
SHO_PB,D,20210723,000000,111.72,114.56,110.16,114.56,0,0
SHO_PB,D,20210726,000000,116.15,116.15,112.62,113.94,0,0
SHO_PB,D,20210727,000000,113.94,115.96,111.36,113.49,0,0
SHO_PB,D,20210728,000000,113.49,113.49,110.02,111.51,0,0
SHO_PB,D,20210729,000000,111.01,112.61,110.83,112.61,0,0
SHO_PB,D,20210730,000000,111.72,111.72,109.95,109.95,0,0
SHO_PB,D,20210802,000000,109.95,109.95,108.35,109.95,0,0
SHO_PB,D,20210803,000000,110.12,110.12,106.65,109.95,0,0
SHO_PB,D,20210804,000000,109.95,111.72,108.17,111.72,0,0
SHO_PB,D,20210805,000000,109.08,112.43,109.06,111.68,0,0
SHO_PB,D,20210806,000000,111.7,111.7,109.08,110.3,0,0
SHO_PB,D,20210809,000000,108.17,109.77,108.17,108.97,0,0
SHO_PB,D,20210810,000000,108.97,109.15,108.97,109.15,0,0
SHO_PB,D,20210811,000000,109.06,109.91,108.17,109.91,0,0
SHO_PB,D,20210812,000000,109.91,109.91,108.19,109.59,0,0
SHO_PB,D,20210813,000000,109.61,111.72,109.59,111.72,0,0
SHO_PB,D,20210816,000000,111.72,111.72,104.27,108.3,0,0
SHO_PB,D,20210817,000000,109.95,118.55,109.95,117.93,0,0
SHO_PB,D,20210818,000000,118.81,120.21,118.79,119.26,0,0
SHO_PB,D,20210819,000000,120.04,120.04,118.81,119.7,0,0
SHO_PB,D,20210820,000000,119.79,122.36,119.79,122.32,0,0
SHO_PB,D,20210823,000000,122.36,132.98,120.59,132.96,0,0
SHO_PB,D,20210824,000000,131.24,137.43,125.57,129.45,0,0
SHO_PB,D,20210825,000000,130.53,132.98,130.34,130.34,0,0
SHO_PB,D,20210826,000000,132.98,132.98,125.55,125.55,0,0
SHO_PB,D,20210827,000000,130.87,130.87,120.57,122.8,0,0
SHO_PB,D,20210830,000000,124.13,124.13,121.47,121.47,0,0
SHO_PB,D,20210831,000000,121.49,125.02,121.47,124.13,0,0
SHO_PB,D,20210901,000000,123.25,123.78,122.38,122.55,0,0
SHO_PB,D,20210902,000000,122.55,123.41,121.47,122.71,0,0
SHO_PB,D,20210903,000000,123.07,123.07,119.7,120.57,0,0
SHO_PB,D,20210906,000000,120.57,120.59,113.49,120.21,0,0
SHO_PB,D,20210907,000000,118.81,120.21,118.81,120.04,0,0
SHO_PB,D,20210908,000000,120.04,120.21,115.94,116.15,0,0
SHO_PB,D,20210909,000000,115.27,117.04,113.67,117.04,0,0
SHO_PB,D,20210910,000000,114.84,117.04,114.84,116.33,0,0
SHO_PB,D,20210913,000000,118.81,118.81,113.49,113.85,0,0
SHO_PB,D,20210914,000000,116.86,116.86,113.49,116.86,0,0
SHO_PB,D,20210915,000000,117.02,118.81,117.02,117.04,0,0
SHO_PB,D,20210916,000000,117.04,117.48,116.99,117.09,0,0
SHO_PB,D,20210917,000000,117.04,123.07,117.04,123.07,0,0
SHO_PB,D,20210920,000000,123.23,123.74,118.81,120.59,0,0
SHO_PB,D,20210921,000000,120.53,125.91,120.53,125.91,0,0
SHO_PB,D,20210922,000000,125.89,125.91,124.15,125.55,0,0
SHO_PB,D,20210923,000000,125.52,125.52,70.16,70.16,0,0
SHO_PB,D,20210924,000000,70.15,70.15,66.23,66.63,0,0
SHO_PB,D,20210927,000000,66.79,70.14,66.79,70.14,0,0
SHO_PB,D,20210928,000000,69.63,69.63,66.19,68.63,0,0
SHO_PB,D,20210929,000000,67.14,67.14,66.63,66.93,0,0
SHO_PB,D,20210930,000000,67.12,67.13,66.16,66.93,0,0
SHO_PB,D,20211001,000000,67.13,67.13,65.14,65.14,0,0
SHO_PB,D,20211004,000000,65.33,65.43,65.13,65.43,0,0
SHO_PB,D,20211005,000000,65.28,66.92,65.13,66.13,0,0
SHO_PB,D,20211006,000000,66.13,66.93,66.13,66.93,0,0
SHO_PB,D,20211007,000000,66.93,68.53,66.17,68.53,0,0
SHO_PB,D,20211008,000000,67.14,68.52,66.95,66.96,0,0
SHO_PB,D,20211011,000000,67.04,68.53,67.03,68.53,0,0
SHO_PB,D,20211012,000000,68.13,69.53,68.13,69.53,0,0
SHO_PB,D,20211013,000000,69.53,70.02,68.84,69.23,0,0
SHO_PB,D,20211014,000000,68.14,70.34,68.14,70.34,0,0
SHO_PB,D,20211015,000000,70.14,70.14,69.1,70.14,0,0
SHO_PB,D,20211018,000000,70.14,70.54,69.13,70.34,0,0
SHO_PB,D,20211019,000000,70.15,71.76,70.15,71.14,0,0
SHO_PB,D,20211020,000000,71.14,71.74,70.68,71.54,0,0
SHO_PB,D,20211021,000000,71.14,73.25,70.85,73.25,0,0
SHO_PB,D,20211022,000000,73.14,75.12,73.14,74.92,0,0
SHO_PB,D,20211025,000000,74.15,76.14,74.14,74.83,0,0
SHO_PB,D,20211026,000000,75.13,75.15,74.14,75.15,0,0
SHO_PB,D,20211027,000000,75.04,75.04,74.56,74.74,0,0
SHO_PB,D,20211028,000000,74.64,75.11,74.64,74.64,0,0
SHO_PB,D,20211029,000000,74.64,74.68,74.33,74.54,0,0
SHO_PB,D,20211102,000000,75.15,76.14,75.15,75.85,0,0
SHO_PB,D,20211103,000000,75.84,77.99,75.22,77.94,0,0
SHO_PB,D,20211104,000000,77.95,79.15,77.95,78.75,0,0
SHO_PB,D,20211105,000000,78.91,80.84,78.67,80.56,0,0
SHO_PB,D,20211108,000000,81.45,86.17,80.56,83.16,0,0
SHO_PB,D,20211109,000000,84.16,89.47,84.16,87.97,0,0
SHO_PB,D,20211110,000000,89.17,91.97,82.86,85.46,0,0
SHO_PB,D,20211112,000000,86.17,88.17,86.17,86.17,0,0
SHO_PB,D,20211115,000000,87.17,88.67,86.17,86.17,0,0
SHO_PB,D,20211116,000000,87.67,87.67,86.17,86.67,0,0
SHO_PB,D,20211117,000000,86.37,87.17,86.37,86.58,0,0
SHO_PB,D,20211118,000000,86.19,87.17,85.16,87.17,0,0
SHO_PB,D,20211119,000000,87.87,87.87,81.16,85.15,0,0
SHO_PB,D,20211122,000000,83.62,83.62,77.98,80.15,0,0
SHO_PB,D,20211123,000000,77.15,78.65,71.98,73.74,0,0
SHO_PB,D,20211124,000000,73.64,75.15,64.06,64.06,0,0
SHO_PB,D,20211125,000000,64.06,64.06,63.18,64.06,0,0
SHO_PB,D,20211126,000000,64.06,64.06,60.49,62.69,0,0
SHO_PB,D,20211129,000000,63.14,63.14,61.31,61.31,0,0
SHO_PB,D,20211130,000000,61.77,63.6,61.13,63.6,0,0
SHO_PB,D,20211201,000000,64.06,64.69,63.6,64.06,0,0
SHO_PB,D,20211202,000000,67.54,67.99,65.89,65.89,0,0
SHO_PB,D,20211203,000000,67.63,67.63,66.71,66.71,0,0
SHO_PB,D,20211206,000000,68.19,69.55,66.35,66.79,0,0
SHO_PB,D,20211207,000000,66.8,66.8,65.58,66.8,0,0
SHO_PB,D,20211208,000000,66.8,66.8,66.04,66.8,0,0
SHO_PB,D,20211209,000000,66.8,68.55,65.71,66.8,0,0
SHO_PB,D,20211210,000000,66.8,67.54,64.62,65.16,0,0
SHO_PB,D,20211213,000000,66.61,66.61,65.33,66.58,0,0
SHO_PB,D,20211214,000000,66.53,68.16,62.27,62.27,0,0
SHO_PB,D,20211215,000000,62.96,62.96,61.31,62.23,0,0
SHO_PB,D,20211216,000000,62.33,64.51,62.33,64.33,0,0
SHO_PB,D,20211217,000000,64.31,64.33,63.6,64.06,0,0
SHO_PB,D,20211220,000000,63.6,64.06,62.67,62.67,0,0
SHO_PB,D,20211221,000000,62.04,63.09,61.61,62.22,0,0
SHO_PB,D,20211222,000000,61.34,63.55,61.34,62.32,0,0
SHO_PB,D,20211223,000000,61.51,63.55,61.51,63.12,0,0
SHO_PB,D,20211227,000000,63.12,63.69,61.41,62.23,0,0
SHO_PB,D,20211228,000000,63.05,63.14,61.46,63.14,0,0
SHO_PB,D,20211229,000000,63.13,65.52,62.28,65.52,0,0
SHO_PB,D,20211230,000000,65.54,66.34,62.24,63.14,0,0
SHO_PB,D,20220103,000000,66.8,66.8,63.87,64.08,0,0
SHO_PB,D,20220104,000000,64.52,64.52,63.51,63.69,0,0
SHO_PB,D,20220105,000000,64.07,65.45,63.14,65.34,0,0
SHO_PB,D,20220107,000000,66.86,66.86,62.59,62.69,0,0
SHO_PB,D,20220110,000000,62.69,64.06,62.69,62.69,0,0
SHO_PB,D,20220111,000000,63.14,63.14,61.31,63.14,0,0
SHO_PB,D,20220112,000000,63.94,63.94,61.36,61.36,0,0
SHO_PB,D,20220113,000000,62.22,62.23,61.59,62.14,0,0
SHO_PB,D,20220114,000000,62.23,62.66,61.22,61.22,0,0
SHO_PB,D,20220117,000000,62.66,62.66,60.86,60.86,0,0
SHO_PB,D,20220118,000000,60.86,62.04,60.86,60.86,0,0
SHO_PB,D,20220119,000000,61.13,61.4,58.11,59.48,0,0
SHO_PB,D,20220120,000000,58.59,59.57,58.59,58.59,0,0
SHO_PB,D,20220121,000000,58.57,58.57,55,55,0,0
SHO_PB,D,20220124,000000,54.91,54.91,48.5,48.78,0,0
SHO_PB,D,20220125,000000,49.87,54.63,49.87,52.16,0,0
SHO_PB,D,20220126,000000,53.08,53.7,51.43,51.45,0,0
SHO_PB,D,20220127,000000,51.46,51.46,48.59,50.33,0,0
SHO_PB,D,20220128,000000,50.7,50.79,48.78,48.78,0,0
SHO_PB,D,20220131,000000,51.98,51.98,48.78,49.97,0,0
SHO_PB,D,20220201,000000,49.88,52.16,49.88,51.8,0,0
SHO_PB,D,20220202,000000,51.25,52.77,51.25,51.8,0,0
SHO_PB,D,20220203,000000,52.25,52.25,50.33,51.25,0,0
SHO_PB,D,20220204,000000,51.06,51.25,50.33,51.06,0,0
SHO_PB,D,20220207,000000,50.33,50.33,49.42,49.6,0,0
SHO_PB,D,20220208,000000,50.33,50.33,48.78,48.78,0,0
SHO_PB,D,20220209,000000,49.87,49.87,48.78,48.87,0,0
SHO_PB,D,20220210,000000,49.83,49.87,48.96,49.76,0,0
SHO_PB,D,20220211,000000,50.33,51.05,48.71,48.96,0,0
SHO_PB,D,20220214,000000,47.13,47.13,45.44,45.48,0,0
SHO_PB,D,20220215,000000,46.69,47.13,45.48,46.21,0,0
SHO_PB,D,20220216,000000,45.77,46.2,42.7,43.16,0,0
SHO_PB,D,20220217,000000,43.24,43.84,42.1,42.1,0,0
SHO_PB,D,20220218,000000,42.1,42.91,42.1,42.55,0,0
SHO_PB,D,20220221,000000,41.27,43.01,38.43,41.45,0,0
SHO_PB,D,20220222,000000,41.45,42.59,40.27,41.18,0,0
SHO_PB,D,20220223,000000,43.01,45.76,43.01,44.84,0,0
SHO_PB,D,20220224,000000,41.18,45.56,38.53,44.84,0,0
SHO_PB,D,20220225,000000,44.84,47.13,44.81,45.76,0,0
SHO_PB,D,20220228,000000,46.67,46.67,43.93,45.76,0,0
SHO_PB,D,20220301,000000,45.75,45.91,43.41,43.93,0,0
SHO_PB,D,20220302,000000,41.18,43.93,41.18,43.01,0,0
SHO_PB,D,20220303,000000,42.19,43.82,42.19,43.82,0,0
SHO_PB,D,20220304,000000,42.28,43.29,42.28,42.55,0,0
SHO_PB,D,20220307,000000,42.1,45.57,39.46,43.93,0,0
SHO_PB,D,20220308,000000,44.84,44.84,43.02,43.93,0,0
SHO_PB,D,20220309,000000,44.84,44.84,43.02,43.04,0,0
SHO_PB,D,20220310,000000,44.84,46.95,43.93,46.95,0,0
SHO_PB,D,20220311,000000,47.04,49.42,47.04,49.42,0,0
SHO_PB,D,20220314,000000,49.42,52.75,48.14,49.42,0,0
SHO_PB,D,20220315,000000,49.87,50.33,49.43,50.33,0,0
SHO_PB,D,20220316,000000,50.95,53.68,50.33,52.89,0,0
SHO_PB,D,20220317,000000,52.16,54.45,52.16,54.16,0,0
SHO_PB,D,20220318,000000,54.3,54.45,52.63,53.99,0,0
SHO_PB,D,20220321,000000,53.99,54.14,52.62,54.14,0,0
SHO_PB,D,20220322,000000,54.36,54.36,53.53,53.99,0,0
SHO_PB,D,20220323,000000,53.99,53.99,52.16,52.16,0,0
SHO_PB,D,20220324,000000,53.08,53.53,52.89,52.99,0,0
SHO_PB,D,20220325,000000,53.08,54.91,52.89,54.82,0,0
SHO_PB,D,20220328,000000,54.82,54.82,53.73,54.71,0,0
SHO_PB,D,20220329,000000,54.9,54.9,52.71,52.71,0,0
SHO_PB,D,20220330,000000,52.71,53.98,52.71,53.9,0,0
SHO_PB,D,20220331,000000,53.99,53.99,50.56,50.79,0,0
SHO_PB,D,20220401,000000,50.51,53.53,50.51,53.53,0,0
SHO_PB,D,20220404,000000,53.53,53.53,52.16,53.08,0,0
SHO_PB,D,20220405,000000,51.71,52.61,50.51,51.7,0,0
SHO_PB,D,20220406,000000,50.52,50.52,49.42,50.15,0,0
SHO_PB,D,20220407,000000,51.51,51.51,50.33,50.7,0,0
SHO_PB,D,20220408,000000,48.81,50.7,47.59,48.03,0,0
SHO_PB,D,20220411,000000,45.76,48.03,45.76,47.04,0,0
SHO_PB,D,20220412,000000,47.4,47.4,45.57,45.76,0,0
SHO_PB,D,20220413,000000,45.76,45.76,43.51,44.84,0,0
SHO_PB,D,20220414,000000,44.84,44.84,42.05,44.11,0,0
SHO_PB,D,20220419,000000,44.11,44.75,42.74,43.7,0,0
SHO_PB,D,20220420,000000,43.74,44.93,43.61,43.61,0,0
SHO_PB,D,20220421,000000,43.65,46.12,43.65,45.85,0,0
SHO_PB,D,20220422,000000,45.71,45.71,43.06,43.19,0,0
SHO_PB,D,20220425,000000,42.23,42.23,34.91,34.91,0,0
SHO_PB,D,20220426,000000,34.21,34.98,32.18,32.18,0,0
SHO_PB,D,20220427,000000,32.07,37.16,32.03,36.93,0,0
SHO_PB,D,20220428,000000,36.93,36.93,35.02,35.53,0,0
SHO_PB,D,20220429,000000,35.1,35.72,33.89,33.89,0,0
SHO_PB,D,20220502,000000,34.59,34.98,33.54,34.98,0,0
SHO_PB,D,20220504,000000,33.82,34.59,33.51,33.78,0,0
SHO_PB,D,20220505,000000,33.97,34.59,33.82,33.82,0,0
SHO_PB,D,20220506,000000,33.54,33.54,31.72,31.95,0,0
SHO_PB,D,20220509,000000,32.77,33.08,31.8,31.8,0,0
SHO_PB,D,20220510,000000,32.65,32.65,29.39,29.58,0,0
SHO_PB,D,20220511,000000,29.7,30.78,26.9,27.21,0,0
SHO_PB,D,20220512,000000,27.75,27.99,24.99,25.27,0,0
SHO_PB,D,20220513,000000,26.43,27.01,25.73,25.77,0,0
SHO_PB,D,20220516,000000,27.21,27.21,25.11,26.39,0,0
SHO_PB,D,20220517,000000,26.39,26.39,22.78,24.29,0,0
SHO_PB,D,20220518,000000,24.41,26.04,22.71,22.71,0,0
SHO_PB,D,20220519,000000,22.34,22.92,21.21,22.92,0,0
SHO_PB,D,20220520,000000,22.92,23.95,22.58,23.26,0,0
SHO_PB,D,20220523,000000,23.95,24.9,23.95,24.9,0,0
SHO_PB,D,20220524,000000,24.97,24.97,23.4,23.4,0,0
SHO_PB,D,20220525,000000,24.49,24.49,23.95,24.29,0,0
SHO_PB,D,20220526,000000,24.63,24.63,23.3,23.74,0,0
SHO_PB,D,20220527,000000,23.95,23.95,21.89,22.51,0,0
SHO_PB,D,20220530,000000,22.58,22.88,21.28,21.55,0,0
SHO_PB,D,20220531,000000,21.55,24.63,21.55,23.95,0,0
SHO_PB,D,20220601,000000,23.95,24.63,23.95,24.63,0,0
SHO_PB,D,20220602,000000,24.63,24.63,23.36,24.29,0,0
SHO_PB,D,20220603,000000,24.22,24.22,23.4,24.08,0,0
SHO_PB,D,20220606,000000,24.15,24.15,23.4,24.15,0,0
SHO_PB,D,20220607,000000,25.31,25.31,23.4,23.95,0,0
SHO_PB,D,20220608,000000,24.49,24.49,22.82,23.26,0,0
SHO_PB,D,20220609,000000,23.91,23.95,22.17,22.71,0,0
SHO_PB,D,20220610,000000,22.2,22.58,21.89,22.58,0,0
SHO_PB,D,20220613,000000,21.89,22.58,20.25,20.52,0,0
SHO_PB,D,20220614,000000,20.66,20.7,20.18,20.18,0,0
SHO_PB,D,20220615,000000,20.49,20.52,20.25,20.52,0,0
SHO_PB,D,20220617,000000,20.56,22.17,20.52,21.82,0,0
SHO_PB,D,20220620,000000,21.35,21.35,20.73,21.21,0,0
SHO_PB,D,20220621,000000,21.17,22.03,21.17,21.55,0,0
SHO_PB,D,20220622,000000,21.76,21.76,21.07,21.45,0,0
SHO_PB,D,20220623,000000,21.62,21.62,21.55,21.55,0,0
SHO_PB,D,20220624,000000,21.82,22.65,21.07,22.58,0,0
SHO_PB,D,20220627,000000,22.58,22.58,21.96,22.58,0,0
SHO_PB,D,20220628,000000,21.89,22.58,21.89,22.03,0,0
SHO_PB,D,20220629,000000,22.03,23.26,21.24,23.26,0,0
SHO_PB,D,20220630,000000,24.29,24.49,23.26,24.46,0,0
SHO_PB,D,20220701,000000,24.49,24.63,23.67,24.49,0,0
SHO_PB,D,20220704,000000,23.71,24.63,23.71,24.46,0,0
SHO_PB,D,20220705,000000,24.46,25.48,24.25,25.48,0,0
SHO_PB,D,20220706,000000,25.31,26.54,24.63,25.24,0,0
SHO_PB,D,20220707,000000,25.24,27.5,25.24,27.47,0,0
SHO_PB,D,20220708,000000,27.47,27.91,25.11,26.54,0,0
SHO_PB,D,20220711,000000,26.65,30.79,25.69,28.73,0,0
SHO_PB,D,20220712,000000,28.73,30.48,28.6,29.42,0,0
SHO_PB,D,20220713,000000,28.73,29.11,26.27,27.37,0,0
SHO_PB,D,20220714,000000,26.68,27.37,26.68,27.37,0,0
SHO_PB,D,20220715,000000,26.03,27.37,26.03,26.65,0,0
SHO_PB,D,20220718,000000,26.07,27.4,26.03,27.4,0,0
SHO_PB,D,20220719,000000,27.37,27.37,26.1,26.13,0,0
SHO_PB,D,20220720,000000,26.13,26.2,26.13,26.2,0,0
SHO_PB,D,20220721,000000,26.68,26.92,26.68,26.92,0,0
SHO_PB,D,20220722,000000,26.54,26.99,26.54,26.99,0,0
SHO_PB,D,20220725,000000,26.99,26.99,26.68,26.89,0,0
SHO_PB,D,20220727,000000,26.68,27.02,26.13,26.13,0,0
SHO_PB,D,20220728,000000,26.13,26.54,26.07,26.07,0,0
SHO_PB,D,20220729,000000,26.44,26.44,26,26,0,0
SHO_PB,D,20220801,000000,26.41,26.68,26,26,0,0
SHO_PB,D,20220802,000000,26,26,25.89,25.89,0,0
SHO_PB,D,20220803,000000,25.89,27.19,25.89,27.19,0,0
SHO_PB,D,20220804,000000,26.1,27.02,25.93,27.02,0,0
SHO_PB,D,20220805,000000,26.1,26.48,25.86,26.48,0,0
SHO_PB,D,20220808,000000,26.48,26.48,26,26.44,0,0
SHO_PB,D,20220809,000000,26.44,26.48,24.29,25.18,0,0
SHO_PB,D,20220810,000000,25.93,26.44,25.69,26.44,0,0
SHO_PB,D,20220811,000000,26.44,26.48,25.72,26.44,0,0
SHO_PB,D,20220812,000000,25.72,26.44,25.66,25.66,0,0
SHO_PB,D,20220816,000000,25.04,26,24.9,25.31,0,0
SHO_PB,D,20220817,000000,24.63,25.31,24.63,24.97,0,0
SHO_PB,D,20220818,000000,24.9,25.31,24.9,24.9,0,0
SHO_PB,D,20220819,000000,24.66,24.9,24.32,24.9,0,0
SHO_PB,D,20220822,000000,24.66,25.24,24.66,25.24,0,0
SHO_PB,D,20220823,000000,24.66,25.24,23.4,23.4,0,0
SHO_PB,D,20220824,000000,23.77,23.77,22.17,23.67,0,0
SHO_PB,D,20220825,000000,22.65,23.26,22.65,23.26,0,0
SHO_PB,D,20220826,000000,22.68,23.88,22.68,23.88,0,0
SHO_PB,D,20220829,000000,23.67,23.67,22.58,23.6,0,0
SHO_PB,D,20220830,000000,23.6,23.6,21.89,21.89,0,0
SHO_PB,D,20220831,000000,22.27,23.16,21.07,21.07,0,0
SHO_PB,D,20220901,000000,21.89,22.51,21.89,21.89,0,0
SHO_PB,D,20220902,000000,21.89,21.89,21.35,21.89,0,0
SHO_PB,D,20220905,000000,21.35,22.58,21.35,21.89,0,0
SHO_PB,D,20220906,000000,21.55,22.41,21.28,21.35,0,0
SHO_PB,D,20220907,000000,21.89,23.6,21.28,23.6,0,0
SHO_PB,D,20220908,000000,23.53,23.53,23.12,23.12,0,0
SHO_PB,D,20220909,000000,22.71,23.26,22.23,22.92,0,0
SHO_PB,D,20220912,000000,23.4,23.4,22.58,23.26,0,0
SHO_PB,D,20220913,000000,23.4,23.6,22.75,23.6,0,0
SHO_PB,D,20220914,000000,23.26,23.26,22.47,23.06,0,0
SHO_PB,D,20220915,000000,23.06,23.19,22.58,23.19,0,0
SHO_PB,D,20220916,000000,23.19,23.19,23.19,23.19,0,0
SHO_PB,D,20220919,000000,22.44,23.26,22.44,23.26,0,0
SHO_PB,D,20220920,000000,23.26,23.33,22.44,23.33,0,0
SHO_PB,D,20220921,000000,22.44,23.6,22.44,23.6,0,0
SHO_PB,D,20220922,000000,23.26,25.18,23.26,25.04,0,0
SHO_PB,D,20220923,000000,25.07,25.07,23.95,23.95,0,0
SHO_PB,D,20220926,000000,23.95,23.95,22.92,23.26,0,0
SHO_PB,D,20220927,000000,23.26,23.67,22.03,22.92,0,0
SHO_PB,D,20220928,000000,22.85,23.5,22.58,22.58,0,0
SHO_PB,D,20220929,000000,23.26,23.26,23.26,23.26,0,0
SHO_PB,D,20220930,000000,23.26,24.73,23.26,23.6,0,0
SHO_PB,D,20221003,000000,22.85,24.63,22.85,24.63,0,0
SHO_PB,D,20221004,000000,24.63,25.55,23.33,23.33,0,0
SHO_PB,D,20221005,000000,24.63,24.63,23.84,23.84,0,0
SHO_PB,D,20221006,000000,24.63,38.45,24.63,38.45,0,0
SHO_PB,D,20221007,000000,38.07,38.45,37.22,37.22,0,0
SHO_PB,D,20221010,000000,36.9,36.9,34.71,36.1,0,0
SHO_PB,D,20221011,000000,35.78,35.78,33.43,35.24,0,0
SHO_PB,D,20221012,000000,35.94,36.2,35.94,36.2,0,0
SHO_PB,D,20221013,000000,36.2,36.2,34.71,35.24,0,0
SHO_PB,D,20221014,000000,35.24,36.31,34.71,35.24,0,0
SHO_PB,D,20221017,000000,34.55,35.24,34.12,35.24,0,0
SHO_PB,D,20221019,000000,34.18,35.35,34.18,34.82,0,0
SHO_PB,D,20221020,000000,34.71,34.71,34.55,34.55,0,0
SHO_PB,D,20221021,000000,34.5,35.24,34.5,34.82,0,0
SHO_PB,D,20221024,000000,35.14,35.14,33.64,33.96,0,0
SHO_PB,D,20221025,000000,34.18,34.18,33.64,34.07,0,0
SHO_PB,D,20221026,000000,34.18,34.18,32.89,32.89,0,0
SHO_PB,D,20221027,000000,32.89,32.89,31.67,31.93,0,0
SHO_PB,D,20221028,000000,33.05,33.86,31.99,33.86,0,0
SHO_PB,D,20221031,000000,34.18,34.6,34.07,34.6,0,0
SHO_PB,D,20221102,000000,34.6,37.59,33.86,37.59,0,0
SHO_PB,D,20221103,000000,36.31,37.38,35.56,35.99,0,0
SHO_PB,D,20221104,000000,37.86,37.86,30.67,30.67,0,0
SHO_PB,D,20221107,000000,31.98,31.98,30.36,31.53,0,0
SHO_PB,D,20221108,000000,30.08,31.08,28.24,28.28,0,0
SHO_PB,D,20221109,000000,28.42,28.82,27.56,27.56,0,0
SHO_PB,D,20221110,000000,27.06,27.06,26.61,26.79,0,0
SHO_PB,D,20221114,000000,26.79,28.42,26.79,26.79,0,0
SHO_PB,D,20221115,000000,27.51,27.87,26.88,27.24,0,0
SHO_PB,D,20221116,000000,27.06,27.87,26.39,26.39,0,0
SHO_PB,D,20221117,000000,25.98,26.66,25.71,25.71,0,0
SHO_PB,D,20221118,000000,25.98,26.61,25.75,25.75,0,0
SHO_PB,D,20221121,000000,26.07,26.07,25.66,25.66,0,0
SHO_PB,D,20221122,000000,25.35,25.98,25.26,25.26,0,0
SHO_PB,D,20221123,000000,25.48,26.43,25.48,26.21,0,0
SHO_PB,D,20221124,000000,26.43,27.06,26.43,27.06,0,0
SHO_PB,D,20221125,000000,27.51,27.92,27.11,27.78,0,0
SHO_PB,D,20221128,000000,27.92,29.23,27.92,28.96,0,0
SHO_PB,D,20221129,000000,28.78,28.96,27.92,28.42,0,0
SHO_PB,D,20221130,000000,28.64,28.64,27.24,27.29,0,0
SHO_PB,D,20221201,000000,27.87,27.87,26.93,27.06,0,0
SHO_PB,D,20221202,000000,26.93,27.6,26.61,26.61,0,0
SHO_PB,D,20221205,000000,27.74,27.74,26.97,27.02,0,0
SHO_PB,D,20221206,000000,27.15,27.15,26.97,26.97,0,0
SHO_PB,D,20221207,000000,26.97,26.97,26.57,26.61,0,0
SHO_PB,D,20221208,000000,26.52,26.61,25.71,25.75,0,0
SHO_PB,D,20221209,000000,26.16,26.61,25.75,25.84,0,0
SHO_PB,D,20221212,000000,25.8,26.57,25.71,26.57,0,0
SHO_PB,D,20221213,000000,26.57,26.57,26.07,26.07,0,0
SHO_PB,D,20221214,000000,26.16,26.61,25.94,26.12,0,0
SHO_PB,D,20221215,000000,26.57,26.57,24.45,24.49,0,0
SHO_PB,D,20221216,000000,24.45,25.12,23.36,24.4,0,0
SHO_PB,D,20221219,000000,24.81,25.21,24.45,25.21,0,0
SHO_PB,D,20221220,000000,24.45,24.81,24.45,24.58,0,0
SHO_PB,D,20221221,000000,24.54,25.08,24.54,25.08,0,0
SHO_PB,D,20221222,000000,25.17,25.98,23.72,24.27,0,0
SHO_PB,D,20221223,000000,24.27,24.9,24.13,24.13,0,0
SHO_PB,D,20221227,000000,24.13,24.13,23.63,24.09,0,0
SHO_PB,D,20221228,000000,24.09,24.09,23.41,23.45,0,0
SHO_PB,D,20221229,000000,23.36,23.63,23.18,23.45,0,0
SHO_PB,D,20221230,000000,23.27,23.63,22.69,22.73,0,0
SHO_PB,D,20230102,000000,23.91,23.91,22.73,23.41,0,0
SHO_PB,D,20230103,000000,23.68,23.68,22.82,22.82,0,0
SHO_PB,D,20230104,000000,23,23.36,22.55,22.55,0,0
SHO_PB,D,20230105,000000,22.78,23.18,22.64,22.78,0,0
SHO_PB,D,20230109,000000,23.18,25.26,23,24.36,0,0
SHO_PB,D,20230110,000000,24.49,25.12,24.49,24.81,0,0
SHO_PB,D,20230111,000000,24.9,25.17,24.36,24.94,0,0
SHO_PB,D,20230112,000000,24.45,24.85,23.95,24.31,0,0
SHO_PB,D,20230113,000000,24.58,24.58,23.72,24.18,0,0
SHO_PB,D,20230116,000000,24.27,24.85,24,24.85,0,0
SHO_PB,D,20230117,000000,24.81,25.66,24.4,25.53,0,0
SHO_PB,D,20230118,000000,25.71,26.43,25.57,25.94,0,0
SHO_PB,D,20230119,000000,26.43,26.43,25.48,25.84,0,0
SHO_PB,D,20230120,000000,25.71,25.84,25.3,25.35,0,0
SHO_PB,D,20230123,000000,25.3,25.71,24.45,25.44,0,0
SHO_PB,D,20230124,000000,25.44,25.44,24.9,24.9,0,0
SHO_PB,D,20230125,000000,24.63,25.08,24.09,24.09,0,0
SHO_PB,D,20230126,000000,25.35,25.35,24.18,24.18,0,0
SHO_PB,D,20230127,000000,24.72,24.72,24.18,24.63,0,0
SHO_PB,D,20230130,000000,24.49,24.58,24.27,24.58,0,0
SHO_PB,D,20230131,000000,24.36,24.54,24.22,24.22,0,0
SHO_PB,D,20230201,000000,24.36,24.49,24.18,24.27,0,0
SHO_PB,D,20230202,000000,24.36,24.67,24.09,24.09,0,0
SHO_PB,D,20230203,000000,24.09,24.36,23.63,23.63,0,0
SHO_PB,D,20230206,000000,23.63,23.77,23.32,23.32,0,0
SHO_PB,D,20230207,000000,23.32,25.12,23.32,24.18,0,0
SHO_PB,D,20230208,000000,25.03,26.25,25.03,25.66,0,0
SHO_PB,D,20230209,000000,25.8,26.39,25.35,25.89,0,0
SHO_PB,D,20230210,000000,26.16,26.16,25.53,25.71,0,0
SHO_PB,D,20230213,000000,25.71,25.8,25.57,25.8,0,0
SHO_PB,D,20230214,000000,25.94,25.94,25.62,25.66,0,0
SHO_PB,D,20230215,000000,26.03,26.03,25.62,25.89,0,0
SHO_PB,D,20230216,000000,26.12,26.12,25.17,25.17,0,0
SHO_PB,D,20230217,000000,25.21,25.71,25.08,25.08,0,0
SHO_PB,D,20230220,000000,25.08,25.26,24.99,25.26,0,0
SHO_PB,D,20230221,000000,25.26,25.44,24.54,25.44,0,0
SHO_PB,D,20230222,000000,25.26,25.26,24.36,24.36,0,0
SHO_PB,D,20230223,000000,25.17,25.17,25.12,25.17,0,0
SHO_PB,D,20230224,000000,24.63,24.81,24.36,24.36,0,0
SHO_PB,D,20230227,000000,24.36,25.35,24.36,25.17,0,0
SHO_PB,D,20230228,000000,25.17,25.26,24.45,24.67,0,0
SHO_PB,D,20230301,000000,25.98,25.98,24.81,24.81,0,0
SHO_PB,D,20230302,000000,24.67,24.67,24.27,24.49,0,0
SHO_PB,D,20230303,000000,24.72,24.99,24.45,24.9,0,0
SHO_PB,D,20230306,000000,25.08,25.08,24.81,24.85,0,0
SHO_PB,D,20230307,000000,24.81,24.94,23.91,23.91,0,0
SHO_PB,D,20230308,000000,24.76,24.76,23.91,24.36,0,0
SHO_PB,D,20230309,000000,24.54,24.72,24.31,24.45,0,0
SHO_PB,D,20230310,000000,24.45,24.72,24.27,24.67,0,0
SHO_PB,D,20230313,000000,24.63,24.63,23.45,23.86,0,0
SHO_PB,D,20230314,000000,24,24,23.36,23.36,0,0
SHO_PB,D,20230315,000000,23.68,23.77,22.69,22.82,0,0
SHO_PB,D,20230316,000000,22.55,23.32,22.51,23.27,0,0
SHO_PB,D,20230317,000000,23.32,23.91,23.32,23.72,0,0
SHO_PB,D,20230320,000000,23.72,24.27,22.78,24,0,0
SHO_PB,D,20230321,000000,23.91,24.27,22.91,23,0,0
SHO_PB,D,20230322,000000,23.82,23.82,23,23.36,0,0
SHO_PB,D,20230323,000000,23.77,24,23.45,24,0,0
SHO_PB,D,20230324,000000,23.72,23.72,23.45,23.45,0,0
SHO_PB,D,20230327,000000,23.18,25.26,23.18,24.36,0,0
SHO_PB,D,20230328,000000,24.36,25.84,24.36,25.35,0,0
SHO_PB,D,20230329,000000,25.44,25.75,25.26,25.71,0,0
SHO_PB,D,20230330,000000,25.21,25.71,25.21,25.71,0,0
SHO_PB,D,20230331,000000,25.66,26.34,24.94,26.34,0,0
SHO_PB,D,20230403,000000,26.21,26.97,26.12,26.97,0,0
SHO_PB,D,20230404,000000,26.97,28.42,26.7,28.15,0,0
SHO_PB,D,20230405,000000,28.42,29.05,22.64,22.64,0,0
SHO_PB,D,20230406,000000,22.64,22.64,21.6,21.64,0,0
SHO_PB,D,20230411,000000,21.64,22.93,21.35,22.93,0,0
SHO_PB,D,20230412,000000,22.93,22.93,21.82,22,0,0
SHO_PB,D,20230413,000000,22,22.43,21.06,22.28,0,0
SHO_PB,D,20230414,000000,22.28,23.29,22.28,23.07,0,0
SHO_PB,D,20230417,000000,23.25,24.04,23,24.04,0,0
SHO_PB,D,20230418,000000,24.04,24.44,23.72,24.4,0,0
SHO_PB,D,20230419,000000,24.44,24.44,23.47,24.15,0,0
SHO_PB,D,20230420,000000,24.15,24.15,22.86,23.72,0,0
SHO_PB,D,20230421,000000,23.36,23.36,23.07,23.22,0,0
SHO_PB,D,20230424,000000,23.15,23.72,23,23,0,0
SHO_PB,D,20230425,000000,22.86,23,22.28,22.64,0,0
SHO_PB,D,20230426,000000,22.64,22.64,22.43,22.64,0,0
SHO_PB,D,20230427,000000,22.43,22.64,19.08,19.08,0,0
SHO_PB,D,20230428,000000,19.45,19.45,18.66,19.08,0,0
SHO_PB,D,20230502,000000,20.06,20.06,18.84,18.84,0,0
SHO_PB,D,20230504,000000,19.02,19.21,18.59,18.9,0,0
SHO_PB,D,20230505,000000,18.72,18.84,18.1,18.35,0,0
SHO_PB,D,20230508,000000,18.1,18.66,18.1,18.35,0,0
SHO_PB,D,20230509,000000,18.35,18.41,17.31,17.43,0,0
SHO_PB,D,20230510,000000,17.43,19.08,17.25,18.29,0,0
SHO_PB,D,20230511,000000,17.86,18.59,17.74,18.23,0,0
SHO_PB,D,20230512,000000,18.53,18.53,17.74,17.74,0,0
SHO_PB,D,20230515,000000,18.35,19.08,17.74,18.53,0,0
SHO_PB,D,20230516,000000,18.66,19.82,18.35,19.39,0,0
SHO_PB,D,20230517,000000,19.69,19.88,19.51,19.82,0,0
SHO_PB,D,20230518,000000,19.76,19.76,19.21,19.57,0,0
SHO_PB,D,20230519,000000,19.14,19.57,19.14,19.57,0,0
SHO_PB,D,20230522,000000,19.63,19.88,19.02,19.14,0,0
SHO_PB,D,20230523,000000,19.14,19.39,18.41,18.66,0,0
SHO_PB,D,20230524,000000,18.59,18.96,18.35,18.35,0,0
SHO_PB,D,20230525,000000,18.9,18.9,17.8,17.8,0,0
SHO_PB,D,20230526,000000,18.23,18.23,17.86,18.04,0,0
SHO_PB,D,20230529,000000,18.1,18.1,17.8,17.86,0,0
SHO_PB,D,20230530,000000,17.8,18.9,17.8,18.66,0,0
SHO_PB,D,20230531,000000,18.47,18.66,18.47,18.66,0,0
SHO_PB,D,20230601,000000,18.72,18.78,18.1,18.66,0,0
SHO_PB,D,20230602,000000,18.78,18.78,17.74,18.23,0,0
SHO_PB,D,20230605,000000,18.23,18.9,18.17,18.23,0,0
SHO_PB,D,20230606,000000,18.35,18.47,18.04,18.04,0,0
SHO_PB,D,20230607,000000,18.04,18.17,17.8,17.8,0,0
SHO_PB,D,20230609,000000,18.1,18.1,17.55,17.92,0,0
SHO_PB,D,20230612,000000,17.92,17.92,17.43,17.43,0,0
SHO_PB,D,20230613,000000,17.43,17.86,17.43,17.86,0,0
SHO_PB,D,20230614,000000,17.74,17.98,17.74,17.8,0,0
SHO_PB,D,20230615,000000,17.86,17.92,17.8,17.8,0,0
SHO_PB,D,20230616,000000,17.98,18.29,17.74,17.8,0,0
SHO_PB,D,20230619,000000,17.98,17.98,17.74,17.92,0,0
SHO_PB,D,20230620,000000,17.98,17.98,17.8,17.8,0,0
SHO_PB,D,20230621,000000,17.98,18.04,17.8,18.04,0,0
SHO_PB,D,20230622,000000,17.8,17.98,17.8,17.92,0,0
SHO_PB,D,20230623,000000,17.86,17.86,17.8,17.86,0,0
SHO_PB,D,20230626,000000,17.98,17.98,17.86,17.86,0,0
SHO_PB,D,20230627,000000,18.04,18.04,17.86,18.04,0,0
SHO_PB,D,20230628,000000,17.98,17.98,17.8,17.92,0,0
SHO_PB,D,20230629,000000,17.8,17.92,17.74,17.86,0,0
SHO_PB,D,20230630,000000,17.86,17.86,17.68,17.74,0,0
SHO_PB,D,20230703,000000,17.74,18.53,17.74,18.47,0,0
SHO_PB,D,20230704,000000,18.47,19.02,18.47,19.02,0,0
SHO_PB,D,20230705,000000,19.02,19.08,18.66,19.08,0,0
SHO_PB,D,20230706,000000,19.08,19.33,18.66,19.27,0,0
SHO_PB,D,20230707,000000,19.33,19.57,18.78,18.96,0,0
SHO_PB,D,20230710,000000,19.27,20.43,19.27,20.18,0,0
SHO_PB,D,20230711,000000,20.37,20.37,19.94,20.25,0,0
SHO_PB,D,20230712,000000,20.18,20.49,20.18,20.49,0,0
SHO_PB,D,20230713,000000,20.37,20.67,20.12,20.67,0,0
SHO_PB,D,20230714,000000,20.31,20.55,20.06,20.55,0,0
SHO_PB,D,20230717,000000,20.61,20.61,19.88,20.12,0,0
SHO_PB,D,20230718,000000,19.94,20.18,19.94,19.94,0,0
SHO_PB,D,20230719,000000,20.49,20.49,19.88,19.94,0,0
SHO_PB,D,20230720,000000,19.63,20.18,19.63,19.63,0,0
SHO_PB,D,20230721,000000,19.57,20,19.57,20,0,0
SHO_PB,D,20230724,000000,20,20.18,20,20.18,0,0
SHO_PB,D,20230725,000000,20,20.31,20,20.18,0,0
SHO_PB,D,20230726,000000,20.61,20.61,20.18,20.61,0,0
SHO_PB,D,20230727,000000,20.61,21.96,20.61,21.35,0,0
SHO_PB,D,20230728,000000,21.53,23.18,21.53,23.18,0,0
SHO_PB,D,20230731,000000,23.24,23.49,22.08,22.57,0,0
SHO_PB,D,20230801,000000,22.94,22.94,22.69,22.94,0,0
SHO_PB,D,20230802,000000,23,23.12,22.57,22.57,0,0
SHO_PB,D,20230803,000000,22.51,22.57,22.08,22.26,0,0
SHO_PB,D,20230804,000000,22.33,22.632,22.02,22.51,0,0
SHO_PB,D,20230807,000000,22.51,22.51,22.018,22.203,0,0
SHO_PB,D,20230808,000000,22.203,22.203,21.652,21.652,0,0
SHO_PB,D,20230809,000000,22.263,22.263,21.714,21.714,0,0
SHO_PB,D,20230810,000000,22.018,22.141,21.714,21.774,0,0
SHO_PB,D,20230811,000000,21.774,22.203,21.774,21.774,0,0
SHO_PB,D,20230814,000000,21.652,21.836,21.408,21.408,0,0
SHO_PB,D,20230816,000000,21.408,21.836,21.408,21.714,0,0
SHO_PB,D,20230817,000000,21.408,21.958,20.307,20.796,0,0
SHO_PB,D,20230818,000000,20.184,20.918,20.184,20.307,0,0
SHO_PB,D,20230821,000000,20.184,20.551,20.184,20.307,0,0
SHO_PB,D,20230822,000000,20.551,20.551,20.246,20.246,0,0
SHO_PB,D,20230823,000000,20.307,21.652,20.307,21.652,0,0
SHO_PB,D,20230824,000000,21.652,22.263,21.652,22.018,0,0
SHO_PB,D,20230825,000000,21.958,21.958,21.224,21.408,0,0
SHO_PB,D,20230829,000000,21.714,21.714,21.285,21.285,0,0
SHO_PB,D,20230830,000000,21.408,21.408,20.613,20.613,0,0
SHO_PB,D,20230831,000000,20.796,20.796,20.735,20.735,0,0
SHO_PB,D,20230901,000000,21.102,21.285,21.041,21.041,0,0
SHO_PB,D,20230904,000000,21.163,21.652,20.796,20.796,0,0
SHO_PB,D,20230905,000000,20.735,21.408,20.674,21.102,0,0
SHO_PB,D,20230906,000000,21.408,21.408,20.674,21.163,0,0
SHO_PB,D,20230907,000000,21.163,21.163,20.735,20.735,0,0
SHO_PB,D,20230908,000000,20.735,21.346,20.735,20.796,0,0
SHO_PB,D,20230911,000000,20.979,21.714,20.979,21.408,0,0
SHO_PB,D,20230912,000000,21.469,22.632,21.469,22.632,0,0
SHO_PB,D,20230913,000000,22.632,23.243,22.632,22.876,0,0
SHO_PB,D,20230914,000000,22.876,23.121,22.876,22.937,0,0
SHO_PB,D,20230915,000000,23.243,23.488,22.754,23.243,0,0
SHO_PB,D,20230918,000000,23.243,23.61,22.876,23.61,0,0
SHO_PB,D,20230919,000000,23.243,25.95,22.141,25.95,0,0
SHO_PB,D,20230920,000000,25.948,26.09,25.663,26.02,0,0
SHO_PB,D,20230921,000000,26.59,26.59,25.308,25.593,0,0
SHO_PB,D,20230922,000000,25.593,26.02,25.308,26.02,0,0
SHO_PB,D,20230925,000000,26.02,26.59,25.663,26.02,0,0
SHO_PB,D,20230926,000000,25.805,25.948,24.951,24.951,0,0
SHO_PB,D,20230927,000000,25.093,25.378,24.808,24.808,0,0
SHO_PB,D,20230928,000000,24.808,24.808,24.594,24.737,0,0
SHO_PB,D,20230929,000000,24.594,25.52,24.594,25.308,0,0
SHO_PB,D,20231002,000000,24.666,25.308,24.666,25.235,0,0
SHO_PB,D,20231003,000000,24.666,25.235,24.666,24.666,0,0
SHO_PB,D,20231004,000000,25.235,25.235,24.666,24.666,0,0
