<TICKER>,<PER>,<DATE>,<TIME>,<OPEN>,<HIGH>,<LOW>,<CLOSE>,<VOL>,<OPENINT>
SPH_MV,D,20111128,000000,753.71,753.71,753.71,753.71,0,0
SPH_MV,D,20111129,000000,713.533,753.71,708.48,723.563,0,0
SPH_MV,D,20111201,000000,703.465,703.465,703.465,703.465,0,0
SPH_MV,D,20111202,000000,703.465,703.465,703.465,703.465,0,0
SPH_MV,D,20111205,000000,723.563,723.563,723.563,723.563,0,0
SPH_MV,D,20111206,000000,753.71,753.71,718.529,718.529,0,0
SPH_MV,D,20111207,000000,753.71,753.71,718.529,753.71,0,0
SPH_MV,D,20111212,000000,728.569,728.569,713.533,713.533,0,0
SPH_MV,D,20111223,000000,673.309,713.533,653.202,653.202,0,0
SPH_MV,D,20111227,000000,603.958,653.202,603.958,603.958,0,0
SPH_MV,D,20111229,000000,602.975,653.202,602.975,653.202,0,0
SPH_MV,D,20120113,000000,653.202,653.202,653.202,653.202,0,0
SPH_MV,D,20120120,000000,780.844,780.844,778.832,778.832,0,0
SPH_MV,D,20120124,000000,773.799,773.799,773.799,773.799,0,0
SPH_MV,D,20120125,000000,683.367,773.799,683.367,683.367,0,0
SPH_MV,D,20120126,000000,693.416,693.416,680.336,680.336,0,0
SPH_MV,D,20120131,000000,653.211,680.336,653.211,661.258,0,0
SPH_MV,D,20120206,000000,653.202,661.258,613.015,613.015,0,0
SPH_MV,D,20120208,000000,629.099,629.099,615.018,629.099,0,0
SPH_MV,D,20120209,000000,653.202,653.202,613.015,613.015,0,0
SPH_MV,D,20120214,000000,604.978,604.978,604.978,604.978,0,0
SPH_MV,D,20120216,000000,604.978,604.978,592.917,592.917,0,0
SPH_MV,D,20120223,000000,546.677,546.677,546.677,546.677,0,0
SPH_MV,D,20120227,000000,580.875,580.875,580.875,580.875,0,0
SPH_MV,D,20120315,000000,602.975,602.975,602.975,602.975,0,0
SPH_MV,D,20120319,000000,643.153,643.153,602.975,643.153,0,0
SPH_MV,D,20120327,000000,578.863,643.153,578.863,578.863,0,0
SPH_MV,D,20120328,000000,581.867,581.867,527.59,527.59,0,0
SPH_MV,D,20120507,000000,502.467,502.467,502.467,502.467,0,0
SPH_MV,D,20120508,000000,484.39,484.39,484.39,484.39,0,0
SPH_MV,D,20120514,000000,502.467,502.467,484.39,502.467,0,0
SPH_MV,D,20120517,000000,502.467,502.467,502.467,502.467,0,0
SPH_MV,D,20120523,000000,502.467,502.467,502.467,502.467,0,0
SPH_MV,D,20120627,000000,487.412,487.412,449.2,449.2,0,0
SPH_MV,D,20120730,000000,436.722,436.722,436.722,436.722,0,0
SPH_MV,D,20120820,000000,393.059,426.34,393.059,426.34,0,0
SPH_MV,D,20120822,000000,426.34,426.34,426.34,426.34,0,0
SPH_MV,D,20120907,000000,380.582,426.34,363.951,363.951,0,0
SPH_MV,D,20120913,000000,363.951,400.327,363.951,400.327,0,0
SPH_MV,D,20120914,000000,400.327,400.327,400.327,400.327,0,0
SPH_MV,D,20121015,000000,415.948,415.948,415.948,415.948,0,0
SPH_MV,D,20121016,000000,415.948,415.948,415.948,415.948,0,0
SPH_MV,D,20121112,000000,415.948,415.948,415.948,415.948,0,0
SPH_MV,D,20121116,000000,415.948,415.948,415.948,415.948,0,0
SPH_MV,D,20121213,000000,415.948,415.948,415.948,415.948,0,0
SPH_MV,D,20130207,000000,426.34,426.34,415.948,426.34,0,0
SPH_MV,D,20130528,000000,571.92,571.92,571.92,571.92,0,0
SPH_MV,D,20130529,000000,571.92,571.92,571.92,571.92,0,0
SPH_MV,D,20130531,000000,525.114,540.707,525.114,531.344,0,0
SPH_MV,D,20130603,000000,534.468,534.468,534.468,534.468,0,0
SPH_MV,D,20130611,000000,571.92,571.92,571.92,571.92,0,0
SPH_MV,D,20130808,000000,587.93,587.93,529.156,534.487,0,0
SPH_MV,D,20130829,000000,590.071,694.835,590.071,694.835,0,0
SPH_MV,D,20130830,000000,694.835,705.532,694.835,694.835,0,0
SPH_MV,D,20130903,000000,694.835,694.835,694.835,694.835,0,0
SPH_MV,D,20130909,000000,726.919,726.919,726.919,726.919,0,0
SPH_MV,D,20130912,000000,716.23,726.919,716.23,716.23,0,0
SPH_MV,D,20130919,000000,716.23,716.23,716.23,716.23,0,0
SPH_MV,D,20130930,000000,844.503,844.503,844.503,844.503,0,0
SPH_MV,D,20131002,000000,844.503,844.503,844.503,844.503,0,0
SPH_MV,D,20131003,000000,844.503,844.503,844.503,844.503,0,0
SPH_MV,D,20131127,000000,748.287,748.287,748.287,748.287,0,0
SPH_MV,D,20131128,000000,749.372,749.372,749.372,749.372,0,0
SPH_MV,D,20131216,000000,747.239,747.239,747.239,747.239,0,0
SPH_MV,D,20140110,000000,818.843,818.843,818.843,818.843,0,0
SPH_MV,D,20140211,000000,957.823,957.823,818.843,956.738,0,0
SPH_MV,D,20140213,000000,956.738,956.738,956.738,956.738,0,0
SPH_MV,D,20140217,000000,994.153,994.153,994.153,994.153,0,0
SPH_MV,D,20140303,000000,983.464,983.464,983.464,983.464,0,0
SPH_MV,D,20140401,000000,983.464,983.464,983.464,983.464,0,0
SPH_MV,D,20140404,000000,983.464,983.464,983.464,983.464,0,0
SPH_MV,D,20140407,000000,983.464,983.464,983.464,983.464,0,0
SPH_MV,D,20140411,000000,983.464,983.464,983.464,983.464,0,0
SPH_MV,D,20140605,000000,983.464,983.464,983.464,983.464,0,0
SPH_MV,D,20140805,000000,978.041,978.041,978.041,978.041,0,0
SPH_MV,D,20141106,000000,978.041,978.041,978.041,978.041,0,0
SPH_MV,D,20141121,000000,978.041,978.041,978.041,978.041,0,0
SPH_MV,D,20141219,000000,912.825,912.825,912.825,912.825,0,0
SPH_MV,D,20150121,000000,912.825,912.825,912.825,912.825,0,0
SPH_MV,D,20150504,000000,932.181,932.181,932.181,932.181,0,0
SPH_MV,D,20150518,000000,838.959,838.959,755.74,755.74,0,0
SPH_MV,D,20150520,000000,682.496,682.496,682.496,682.496,0,0
SPH_MV,D,20150521,000000,688.049,688.049,688.049,688.049,0,0
SPH_MV,D,20150522,000000,832.313,832.313,832.313,832.313,0,0
SPH_MV,D,20150525,000000,832.313,832.313,832.313,832.313,0,0
SPH_MV,D,20150527,000000,915.532,915.532,915.532,915.532,0,0
SPH_MV,D,20150608,000000,915.532,915.532,915.532,915.532,0,0
SPH_MV,D,20150622,000000,693.583,693.583,693.583,693.583,0,0
SPH_MV,D,20150630,000000,693.583,693.583,693.583,693.583,0,0
SPH_MV,D,20150811,000000,617.029,617.029,555.984,555.984,0,0
SPH_MV,D,20150812,000000,611.476,665.856,611.476,615.907,0,0
SPH_MV,D,20150813,000000,643.663,643.663,643.663,643.663,0,0
SPH_MV,D,20150817,000000,644.757,644.757,644.757,644.757,0,0
SPH_MV,D,20150819,000000,644.757,644.757,644.757,644.757,0,0
SPH_MV,D,20150820,000000,638.11,638.11,638.11,638.11,0,0
SPH_MV,D,20151015,000000,638.11,700.248,638.11,700.248,0,0
SPH_MV,D,20151016,000000,732.426,732.426,732.426,732.426,0,0
SPH_MV,D,20151028,000000,721.338,721.338,721.338,721.338,0,0
SPH_MV,D,20151029,000000,721.338,793.461,721.338,793.461,0,0
SPH_MV,D,20151030,000000,843.409,921.085,843.409,887.795,0,0
SPH_MV,D,20151102,000000,974.352,1054.25,974.352,1054.25,0,0
SPH_MV,D,20151103,000000,998.76,998.76,998.76,998.76,0,0
SPH_MV,D,20151104,000000,1098.64,1098.64,1098.64,1098.64,0,0
SPH_MV,D,20151105,000000,1109.74,1109.74,999.891,999.891,0,0
SPH_MV,D,20151112,000000,999.891,999.891,999.891,999.891,0,0
SPH_MV,D,20151116,000000,900.004,900.004,886.692,886.692,0,0
SPH_MV,D,20151201,000000,801.248,801.248,801.248,801.248,0,0
SPH_MV,D,20151202,000000,721.338,776.812,665.856,776.812,0,0
SPH_MV,D,20151203,000000,776.812,776.812,776.812,776.812,0,0
SPH_MV,D,20151207,000000,796.798,796.798,796.798,796.798,0,0
SPH_MV,D,20151211,000000,786.814,786.814,786.814,786.814,0,0
SPH_MV,D,20151228,000000,730.219,730.219,730.219,730.219,0,0
SPH_MV,D,20151229,000000,786.814,786.814,786.814,786.814,0,0
SPH_MV,D,20151230,000000,786.814,786.814,786.814,786.814,0,0
SPH_MV,D,20160208,000000,721.338,721.338,665.856,665.856,0,0
SPH_MV,D,20160209,000000,666.959,666.959,666.959,666.959,0,0
SPH_MV,D,20160307,000000,610.355,610.355,610.355,610.355,0,0
SPH_MV,D,20160407,000000,664.734,664.734,664.734,664.734,0,0
SPH_MV,D,20160505,000000,664.734,664.734,664.734,664.734,0,0
SPH_MV,D,20160510,000000,665.856,665.856,665.856,665.856,0,0
SPH_MV,D,20160527,000000,666.959,666.959,666.959,666.959,0,0
SPH_MV,D,20160620,000000,654.741,654.741,654.741,654.741,0,0
SPH_MV,D,20160705,000000,593.149,593.149,593.149,593.149,0,0
SPH_MV,D,20160713,000000,672.994,672.994,672.994,672.994,0,0
SPH_MV,D,20160729,000000,659.302,670.713,659.302,670.713,0,0
SPH_MV,D,20160803,000000,570.344,570.344,570.344,570.344,0,0
SPH_MV,D,20160804,000000,587.457,627.375,587.457,627.375,0,0
SPH_MV,D,20160805,000000,570.344,669.573,570.344,669.573,0,0
SPH_MV,D,20160819,000000,669.573,669.573,669.573,669.573,0,0
SPH_MV,D,20160825,000000,668.451,668.451,668.451,668.451,0,0
SPH_MV,D,20160831,000000,618.244,618.244,618.244,618.244,0,0
SPH_MV,D,20160912,000000,638.777,638.777,638.777,638.777,0,0
SPH_MV,D,20160927,000000,671.854,672.994,671.854,672.994,0,0
SPH_MV,D,20160928,000000,672.994,672.994,672.994,672.994,0,0
SPH_MV,D,20161013,000000,605.692,605.692,605.692,605.692,0,0
SPH_MV,D,20161107,000000,741.445,741.445,741.445,741.445,0,0
SPH_MV,D,20170103,000000,821.281,821.281,821.281,821.281,0,0
SPH_MV,D,20170111,000000,828.132,828.132,828.132,828.132,0,0
SPH_MV,D,20170112,000000,901.135,901.135,826.982,826.982,0,0
SPH_MV,D,20170116,000000,822.431,822.431,787.074,787.074,0,0
SPH_MV,D,20170125,000000,855.516,855.516,855.516,855.516,0,0
SPH_MV,D,20170131,000000,855.516,855.516,855.516,855.516,0,0
SPH_MV,D,20170201,000000,889.733,889.733,889.733,889.733,0,0
SPH_MV,D,20170202,000000,896.565,912.538,895.434,912.538,0,0
SPH_MV,D,20170203,000000,912.538,912.538,912.538,912.538,0,0
SPH_MV,D,20170209,000000,906.836,906.836,906.836,906.836,0,0
SPH_MV,D,20170301,000000,850.946,850.946,849.796,849.796,0,0
SPH_MV,D,20170302,000000,798.476,798.476,798.476,798.476,0,0
SPH_MV,D,20170306,000000,750.567,751.708,750.567,751.708,0,0
SPH_MV,D,20170307,000000,750.567,750.567,750.567,750.567,0,0
SPH_MV,D,20170308,000000,750.567,750.567,750.567,750.567,0,0
SPH_MV,D,20170309,000000,750.567,750.567,750.567,750.567,0,0
SPH_MV,D,20170331,000000,753.979,753.979,753.979,753.979,0,0
SPH_MV,D,20170421,000000,811.028,811.028,811.028,811.028,0,0
SPH_MV,D,20170425,000000,832.683,833.842,832.683,833.842,0,0
SPH_MV,D,20170505,000000,849.796,849.796,849.796,849.796,0,0
SPH_MV,D,20170516,000000,879.471,879.471,879.471,879.471,0,0
SPH_MV,D,20170523,000000,912.538,912.538,912.538,912.538,0,0
SPH_MV,D,20170529,000000,958.166,958.166,958.166,958.166,0,0
SPH_MV,D,20170530,000000,959.315,959.315,959.315,959.315,0,0
SPH_MV,D,20170706,000000,1052.9,1052.9,1052.9,1052.9,0,0
SPH_MV,D,20170717,000000,1111.4,1111.4,1111.4,1111.4,0,0
SPH_MV,D,20170829,000000,1099.7,1099.7,1099.7,1099.7,0,0
SPH_MV,D,20170912,000000,1099.7,1099.7,1099.7,1099.7,0,0
SPH_MV,D,20170918,000000,1099.7,1099.7,1099.7,1099.7,0,0
SPH_MV,D,20170920,000000,1099.7,1099.7,1099.7,1099.7,0,0
SPH_MV,D,20171030,000000,1134.79,1168.71,1134.79,1134.79,0,0
SPH_MV,D,20171031,000000,1174.57,1174.57,1134.79,1174.57,0,0
SPH_MV,D,20171113,000000,1158.2,1158.2,1158.2,1158.2,0,0
SPH_MV,D,20171124,000000,1111.4,1111.4,1111.4,1111.4,0,0
SPH_MV,D,20171207,000000,1111.4,1111.4,1111.4,1111.4,0,0
SPH_MV,D,20171208,000000,1111.4,1111.4,1111.4,1111.4,0,0
SPH_MV,D,20171213,000000,1134.79,1134.79,1134.79,1134.79,0,0
SPH_MV,D,20171214,000000,1134.79,1134.79,1134.79,1134.79,0,0
SPH_MV,D,20171227,000000,1111.4,1111.4,1111.4,1111.4,0,0
SPH_MV,D,20180112,000000,1169.88,1169.88,1169.88,1169.88,0,0
SPH_MV,D,20180117,000000,1169.88,1169.88,1169.88,1169.88,0,0
SPH_MV,D,20180906,000000,1103.89,1103.89,1103.89,1103.89,0,0
SPH_MV,D,20180921,000000,1103.89,1103.89,1103.89,1103.89,0,0
SPH_MV,D,20180924,000000,1103.89,1103.89,1103.89,1103.89,0,0
SPH_MV,D,20181123,000000,1031.1,1031.1,1031.1,1031.1,0,0
SPH_MV,D,20181126,000000,1031.1,1031.1,1031.1,1031.1,0,0
SPH_MV,D,20181206,000000,970.458,970.458,970.458,970.458,0,0
SPH_MV,D,20181219,000000,1012.91,1012.91,1012.91,1012.91,0,0
SPH_MV,D,20181221,000000,1012.91,1012.91,1012.91,1012.91,0,0
SPH_MV,D,20190128,000000,1006.84,1006.84,1006.84,1006.84,0,0
SPH_MV,D,20190225,000000,1006.84,1006.84,1006.84,1006.84,0,0
SPH_MV,D,20190708,000000,1210.64,1210.64,1210.64,1210.64,0,0
SPH_MV,D,20190715,000000,1210.64,1210.64,1210.64,1210.64,0,0
SPH_MV,D,20190805,000000,1213.07,1213.07,1213.07,1213.07,0,0
SPH_MV,D,20190903,000000,1273.73,1273.73,1273.73,1273.73,0,0
SPH_MV,D,20190904,000000,1273.73,1273.73,1273.73,1273.73,0,0
SPH_MV,D,20190911,000000,1213.07,1273.73,1213.07,1213.07,0,0
SPH_MV,D,20190913,000000,1213.07,1213.07,1213.07,1213.07,0,0
SPH_MV,D,20190916,000000,1213.07,1213.07,1213.07,1213.07,0,0
SPH_MV,D,20191030,000000,1213.07,1213.07,1213.07,1213.07,0,0
SPH_MV,D,20191104,000000,1213.07,1213.07,1213.07,1213.07,0,0
SPH_MV,D,20191105,000000,970.458,970.458,970.458,970.458,0,0
SPH_MV,D,20191106,000000,977.735,977.735,970.458,970.458,0,0
SPH_MV,D,20191112,000000,970.458,970.458,970.458,970.458,0,0
SPH_MV,D,20191206,000000,849.157,970.458,849.157,970.458,0,0
SPH_MV,D,20191211,000000,1188.8,1188.8,1188.8,1188.8,0,0
SPH_MV,D,20191216,000000,1188.8,1188.8,1188.8,1188.8,0,0
SPH_MV,D,20191218,000000,1188.8,1188.8,1188.8,1188.8,0,0
SPH_MV,D,20191219,000000,1297.99,1297.99,1297.99,1297.99,0,0
SPH_MV,D,20191227,000000,1182.89,1182.89,1182.89,1182.89,0,0
SPH_MV,D,20191230,000000,1065.33,1065.33,1065.33,1065.33,0,0
SPH_MV,D,20200130,000000,1016.35,1016.35,1016.35,1016.35,0,0
SPH_MV,D,20200205,000000,1016.35,1016.35,1016.35,1016.35,0,0
SPH_MV,D,20200226,000000,979.608,979.608,955.116,955.116,0,0
SPH_MV,D,20200318,000000,1016.35,1016.35,1016.35,1016.35,0,0
SPH_MV,D,20200319,000000,1016.35,1016.35,1016.35,1016.35,0,0
SPH_MV,D,20200324,000000,984.521,984.521,984.521,984.521,0,0
SPH_MV,D,20200326,000000,991.854,991.854,991.854,991.854,0,0
SPH_MV,D,20200327,000000,1004.1,1004.1,991.854,991.854,0,0
SPH_MV,D,20200330,000000,1043.29,1146.15,991.854,1146.15,0,0
SPH_MV,D,20200331,000000,1261.26,1261.26,1261.26,1261.26,0,0
SPH_MV,D,20200402,000000,1334.72,1346.97,1334.72,1346.97,0,0
SPH_MV,D,20200403,000000,1359.21,1628.6,1359.21,1628.6,0,0
SPH_MV,D,20200406,000000,1861.27,2032.7,1861.27,2032.7,0,0
SPH_MV,D,20200407,000000,2167.4,2167.4,2167.4,2167.4,0,0
SPH_MV,D,20200408,000000,2167.4,2167.4,1959.23,1959.23,0,0
SPH_MV,D,20200409,000000,1959.23,1959.23,1959.23,1959.23,0,0
SPH_MV,D,20200414,000000,1959.23,1959.23,1959.23,1959.23,0,0
SPH_MV,D,20200416,000000,1959.23,2277.59,1959.23,2204.13,0,0
SPH_MV,D,20200417,000000,2204.13,2277.59,2204.13,2277.59,0,0
SPH_MV,D,20200420,000000,2326.58,2400.05,2326.58,2400.05,0,0
SPH_MV,D,20200421,000000,2449.04,2449.04,2449.04,2449.04,0,0
SPH_MV,D,20200422,000000,2449.04,2620.46,2326.58,2326.58,0,0
SPH_MV,D,20200423,000000,2351.07,2351.07,2351.07,2351.07,0,0
SPH_MV,D,20200424,000000,2547,2547,2547,2547,0,0
SPH_MV,D,20200428,000000,2693.93,2816.38,2693.93,2816.38,0,0
SPH_MV,D,20200430,000000,2326.58,2326.58,2216.37,2277.59,0,0
SPH_MV,D,20200504,000000,2228.61,2228.61,2228.61,2228.61,0,0
SPH_MV,D,20200505,000000,2142.9,2179.64,2142.9,2142.9,0,0
SPH_MV,D,20200507,000000,2106.17,2106.17,1971.48,1983.72,0,0
SPH_MV,D,20200508,000000,1971.48,1971.48,1971.48,1971.48,0,0
SPH_MV,D,20200512,000000,1481.66,1653.09,1481.66,1653.09,0,0
SPH_MV,D,20200513,000000,1702.08,1861.27,1702.08,1751.05,0,0
SPH_MV,D,20200515,000000,1861.27,1959.23,1861.27,1959.23,0,0
SPH_MV,D,20200518,000000,1983.72,1983.72,1983.72,1983.72,0,0
SPH_MV,D,20200519,000000,1983.72,1983.72,1983.72,1983.72,0,0
SPH_MV,D,20200520,000000,1836.77,1836.77,1836.77,1836.77,0,0
SPH_MV,D,20200521,000000,1836.77,1836.77,1751.05,1751.05,0,0
SPH_MV,D,20200522,000000,1751.05,1751.05,1738.82,1738.82,0,0
SPH_MV,D,20200525,000000,1836.77,1836.77,1836.77,1836.77,0,0
SPH_MV,D,20200526,000000,1959.23,1959.23,1849.02,1849.02,0,0
SPH_MV,D,20200601,000000,1775.55,1775.55,1775.55,1775.55,0,0
SPH_MV,D,20200603,000000,1604.11,1763.3,1604.11,1763.3,0,0
SPH_MV,D,20200605,000000,1677.59,1836.77,1677.59,1677.59,0,0
SPH_MV,D,20200608,000000,1677.59,1714.32,1677.59,1714.32,0,0
SPH_MV,D,20200609,000000,1775.55,1775.55,1775.55,1775.55,0,0
SPH_MV,D,20200610,000000,1775.55,1775.55,1702.08,1702.08,0,0
SPH_MV,D,20200612,000000,1628.6,1714.32,1628.6,1714.32,0,0
SPH_MV,D,20200615,000000,1714.32,1714.32,1714.32,1714.32,0,0
SPH_MV,D,20200623,000000,1714.32,1801.28,1714.32,1726.75,0,0
SPH_MV,D,20200629,000000,1739.17,1739.17,1739.17,1739.17,0,0
SPH_MV,D,20200701,000000,1764.01,1764.01,1764.01,1764.01,0,0
SPH_MV,D,20200703,000000,1764.01,1764.01,1764.01,1764.01,0,0
SPH_MV,D,20200706,000000,1764.01,1863.4,1764.01,1863.4,0,0
SPH_MV,D,20200708,000000,1801.28,1801.28,1801.28,1801.28,0,0
SPH_MV,D,20200709,000000,1863.4,1863.4,1639.78,1863.4,0,0
SPH_MV,D,20200710,000000,1863.4,1863.4,1863.4,1863.4,0,0
SPH_MV,D,20200714,000000,1863.4,1863.4,1863.4,1863.4,0,0
SPH_MV,D,20200715,000000,1677.06,1677.06,1677.06,1677.06,0,0
SPH_MV,D,20200716,000000,1863.4,1863.4,1863.4,1863.4,0,0
SPH_MV,D,20200717,000000,1863.4,1863.4,1677.06,1677.06,0,0
SPH_MV,D,20200722,000000,1739.17,1739.17,1739.17,1739.17,0,0
SPH_MV,D,20200723,000000,1838.54,1838.54,1838.54,1838.54,0,0
SPH_MV,D,20200724,000000,1739.17,1739.17,1677.06,1677.06,0,0
SPH_MV,D,20200727,000000,1677.06,1826.12,1639.78,1689.48,0,0
SPH_MV,D,20200728,000000,1677.06,1838.54,1677.06,1838.54,0,0
SPH_MV,D,20200729,000000,1863.4,1863.4,1863.4,1863.4,0,0
SPH_MV,D,20200730,000000,1888.24,2062.16,1888.24,2049.74,0,0
SPH_MV,D,20200731,000000,1987.62,2111.84,1838.54,1838.54,0,0
SPH_MV,D,20200803,000000,2049.74,2049.74,2049.74,2049.74,0,0
SPH_MV,D,20200804,000000,2012.46,2012.46,2012.46,2012.46,0,0
SPH_MV,D,20200805,000000,2012.46,2012.46,2012.46,2012.46,0,0
SPH_MV,D,20200807,000000,2012.46,2012.46,2012.46,2012.46,0,0
SPH_MV,D,20200811,000000,2012.46,2012.46,2012.46,2012.46,0,0
SPH_MV,D,20200812,000000,2000.04,2000.04,2000.04,2000.04,0,0
SPH_MV,D,20200813,000000,2049.74,2049.74,2049.74,2049.74,0,0
SPH_MV,D,20200814,000000,2360.29,2360.29,2360.29,2360.29,0,0
SPH_MV,D,20200817,000000,2360.29,2360.29,2236.07,2236.07,0,0
SPH_MV,D,20200818,000000,2236.07,2236.07,2236.07,2236.07,0,0
SPH_MV,D,20200819,000000,2223.65,2223.65,2223.65,2223.65,0,0
SPH_MV,D,20200821,000000,1875.82,1987.62,1875.82,1987.62,0,0
SPH_MV,D,20200824,000000,2062.16,2062.16,1987.62,1987.62,0,0
SPH_MV,D,20200825,000000,1987.62,1987.62,1987.62,1987.62,0,0
SPH_MV,D,20200831,000000,2111.84,2111.84,2111.84,2111.84,0,0
SPH_MV,D,20200902,000000,2099.42,2099.42,2099.42,2099.42,0,0
SPH_MV,D,20200903,000000,2074.58,2074.58,2074.58,2074.58,0,0
SPH_MV,D,20200907,000000,1888.24,2062.16,1888.24,2062.16,0,0
SPH_MV,D,20200908,000000,1900.66,1900.66,1900.66,1900.66,0,0
SPH_MV,D,20200910,000000,1925.51,1925.51,1925.51,1925.51,0,0
SPH_MV,D,20200914,000000,1888.24,2012.46,1888.24,2012.46,0,0
SPH_MV,D,20200915,000000,1987.62,1987.62,1987.62,1987.62,0,0
SPH_MV,D,20200924,000000,1962.78,1962.78,1962.78,1962.78,0,0
SPH_MV,D,20200925,000000,2012.46,2049.74,2012.46,2049.74,0,0
SPH_MV,D,20200928,000000,1863.4,2111.84,1863.4,2111.84,0,0
SPH_MV,D,20200929,000000,2111.84,2111.84,2111.84,2111.84,0,0
SPH_MV,D,20201001,000000,1987.62,1987.62,1987.62,1987.62,0,0
SPH_MV,D,20201005,000000,2111.84,2236.07,2111.84,2111.84,0,0
SPH_MV,D,20201006,000000,2111.84,2111.84,2111.84,2111.84,0,0
SPH_MV,D,20201007,000000,2111.84,2111.84,2099.42,2111.84,0,0
SPH_MV,D,20201008,000000,2124.34,2249.3,2099.35,2161.83,0,0
SPH_MV,D,20201012,000000,2249.3,2249.3,2236.8,2249.3,0,0
SPH_MV,D,20201013,000000,2249.3,2249.3,1749.46,1749.46,0,0
SPH_MV,D,20201014,000000,1799.44,1874.42,1799.44,1874.42,0,0
SPH_MV,D,20201015,000000,1936.9,1936.9,1749.46,1799.44,0,0
SPH_MV,D,20201016,000000,1749.46,1799.44,1749.46,1799.44,0,0
SPH_MV,D,20201019,000000,1749.46,1799.44,1749.46,1749.46,0,0
SPH_MV,D,20201020,000000,1749.46,1749.46,1474.55,1474.55,0,0
SPH_MV,D,20201021,000000,1499.53,1499.53,1349.58,1362.08,0,0
SPH_MV,D,20201022,000000,1362.08,1387.07,1362.08,1387.07,0,0
SPH_MV,D,20201023,000000,1349.58,1562.01,1349.58,1549.52,0,0
SPH_MV,D,20201026,000000,1686.98,1874.42,1612,1749.46,0,0
SPH_MV,D,20201027,000000,1911.91,1911.91,1749.46,1749.46,0,0
SPH_MV,D,20201028,000000,1636.99,1636.99,1474.55,1474.55,0,0
SPH_MV,D,20201029,000000,1474.55,1499.53,1374.58,1499.53,0,0
SPH_MV,D,20201030,000000,1549.52,1549.52,1374.58,1487.03,0,0
SPH_MV,D,20201102,000000,1312.1,1437.06,1312.1,1387.07,0,0
SPH_MV,D,20201103,000000,1474.55,1562.01,1474.55,1562.01,0,0
SPH_MV,D,20201104,000000,1624.49,1624.49,1624.49,1624.49,0,0
SPH_MV,D,20201105,000000,1499.53,1624.49,1499.53,1624.49,0,0
SPH_MV,D,20201106,000000,1449.56,1512.03,1449.56,1499.53,0,0
SPH_MV,D,20201109,000000,1374.58,1649.49,1374.58,1562.01,0,0
SPH_MV,D,20201110,000000,1661.98,1661.98,1462.05,1462.05,0,0
SPH_MV,D,20201112,000000,1524.52,1587.01,1462.05,1524.52,0,0
SPH_MV,D,20201113,000000,1624.49,1624.49,1524.52,1524.52,0,0
SPH_MV,D,20201117,000000,1499.53,1524.52,1487.03,1524.52,0,0
SPH_MV,D,20201118,000000,1499.53,1499.53,1474.55,1474.55,0,0
SPH_MV,D,20201119,000000,1487.03,1487.03,1487.03,1487.03,0,0
SPH_MV,D,20201120,000000,1412.07,1424.56,1374.58,1374.58,0,0
SPH_MV,D,20201123,000000,1337.09,1374.58,1312.1,1374.58,0,0
SPH_MV,D,20201124,000000,1374.58,1374.58,1374.58,1374.58,0,0
SPH_MV,D,20201125,000000,1274.61,1374.58,1249.61,1249.61,0,0
SPH_MV,D,20201126,000000,1374.58,1374.58,1262.11,1262.11,0,0
SPH_MV,D,20201127,000000,1262.11,1262.11,1262.11,1262.11,0,0
SPH_MV,D,20201130,000000,1149.64,1249.61,1149.64,1249.61,0,0
SPH_MV,D,20201201,000000,1262.11,1312.1,1249.61,1249.61,0,0
SPH_MV,D,20201202,000000,1249.61,1312.1,1155.89,1299.6,0,0
SPH_MV,D,20201203,000000,1249.61,1374.58,1062.17,1218.37,0,0
SPH_MV,D,20201204,000000,1218.37,1312.1,1218.37,1224.62,0,0
SPH_MV,D,20201207,000000,1274.61,1287.1,1218.37,1230.87,0,0
SPH_MV,D,20201208,000000,1262.11,1274.61,1168.39,1193.38,0,0
SPH_MV,D,20201209,000000,1193.38,1249.61,1187.13,1193.38,0,0
SPH_MV,D,20201210,000000,1243.37,1243.37,1168.39,1168.39,0,0
SPH_MV,D,20201211,000000,1168.39,1205.88,1168.39,1168.39,0,0
SPH_MV,D,20201214,000000,1205.88,1205.88,1162.14,1162.14,0,0
SPH_MV,D,20201215,000000,1124.65,1168.39,1099.66,1099.66,0,0
SPH_MV,D,20201216,000000,1087.16,1143.4,1062.17,1062.17,0,0
SPH_MV,D,20201217,000000,1124.65,1199.63,1049.67,1049.67,0,0
SPH_MV,D,20201218,000000,1118.4,1155.89,1049.67,1049.67,0,0
SPH_MV,D,20201221,000000,1049.67,1143.4,1049.67,1049.67,0,0
SPH_MV,D,20201222,000000,1062.17,1118.4,1049.67,1087.16,0,0
SPH_MV,D,20201223,000000,1143.4,1143.4,1030.93,1030.93,0,0
SPH_MV,D,20201228,000000,1143.4,1274.61,1037.18,1224.62,0,0
SPH_MV,D,20201229,000000,1262.11,1299.6,1162.14,1162.14,0,0
SPH_MV,D,20201230,000000,1174.64,1174.64,1168.39,1174.64,0,0
SPH_MV,D,20210104,000000,1187.13,1362.08,1187.13,1362.08,0,0
SPH_MV,D,20210105,000000,1499.53,1624.49,1374.58,1399.57,0,0
SPH_MV,D,20210107,000000,1412.07,1412.07,1312.1,1374.58,0,0
SPH_MV,D,20210108,000000,1374.58,1437.06,1337.09,1337.09,0,0
SPH_MV,D,20210111,000000,1349.58,1437.06,1349.58,1349.58,0,0
SPH_MV,D,20210112,000000,1362.08,1437.06,1312.1,1312.1,0,0
SPH_MV,D,20210113,000000,1274.61,1274.61,1149.64,1174.64,0,0
SPH_MV,D,20210114,000000,1237.12,1237.12,1168.39,1168.39,0,0
SPH_MV,D,20210115,000000,1174.64,1212.12,1168.39,1212.12,0,0
SPH_MV,D,20210118,000000,1224.62,1230.87,1168.39,1218.37,0,0
SPH_MV,D,20210119,000000,1218.37,1218.37,1155.89,1174.64,0,0
SPH_MV,D,20210120,000000,1162.14,1193.38,1149.64,1155.89,0,0
SPH_MV,D,20210121,000000,1162.14,1193.38,1155.89,1193.38,0,0
SPH_MV,D,20210122,000000,1155.89,1193.38,1149.64,1187.13,0,0
SPH_MV,D,20210125,000000,1155.89,1193.38,1062.17,1149.64,0,0
SPH_MV,D,20210126,000000,1187.13,1193.38,1149.64,1149.64,0,0
SPH_MV,D,20210127,000000,1149.64,1149.64,1074.67,1137.15,0,0
SPH_MV,D,20210128,000000,1074.67,1149.64,1074.67,1087.16,0,0
SPH_MV,D,20210129,000000,1099.66,1187.13,1087.16,1149.64,0,0
SPH_MV,D,20210201,000000,1187.13,1274.61,1187.13,1274.61,0,0
SPH_MV,D,20210202,000000,1362.08,1449.56,1337.09,1412.07,0,0
SPH_MV,D,20210203,000000,1437.06,1512.03,1399.57,1412.07,0,0
SPH_MV,D,20210204,000000,1412.07,1412.07,1224.62,1224.62,0,0
SPH_MV,D,20210205,000000,1224.62,1324.59,1224.62,1249.61,0,0
SPH_MV,D,20210208,000000,1249.61,1324.59,1249.61,1249.61,0,0
SPH_MV,D,20210209,000000,1249.61,1287.1,1224.62,1287.1,0,0
SPH_MV,D,20210210,000000,1287.1,1287.1,1224.62,1224.62,0,0
SPH_MV,D,20210211,000000,1249.61,1249.61,1199.63,1199.63,0,0
SPH_MV,D,20210212,000000,1243.37,1262.11,1199.63,1212.12,0,0
SPH_MV,D,20210215,000000,1212.12,1274.61,1212.12,1249.61,0,0
SPH_MV,D,20210216,000000,1262.11,1262.11,1212.12,1224.62,0,0
SPH_MV,D,20210217,000000,1249.61,1249.61,1224.62,1224.62,0,0
SPH_MV,D,20210218,000000,1249.61,1249.61,1212.12,1224.62,0,0
SPH_MV,D,20210219,000000,1249.61,1249.61,1212.12,1218.37,0,0
SPH_MV,D,20210222,000000,1218.37,1224.62,1205.88,1205.88,0,0
SPH_MV,D,20210223,000000,1205.88,1237.12,1187.13,1187.13,0,0
SPH_MV,D,20210224,000000,1199.63,1249.61,1199.63,1249.61,0,0
SPH_MV,D,20210225,000000,1249.61,1249.61,1187.13,1212.12,0,0
SPH_MV,D,20210226,000000,1212.12,1212.12,1174.64,1187.13,0,0
SPH_MV,D,20210301,000000,1212.12,1224.62,1187.13,1187.13,0,0
SPH_MV,D,20210302,000000,1174.64,1193.38,1174.64,1193.38,0,0
SPH_MV,D,20210303,000000,1193.38,1212.12,1174.64,1199.63,0,0
SPH_MV,D,20210304,000000,1205.88,1205.88,1168.39,1168.39,0,0
SPH_MV,D,20210305,000000,1174.64,1193.38,1168.39,1187.13,0,0
SPH_MV,D,20210308,000000,1187.13,1187.13,1168.39,1187.13,0,0
SPH_MV,D,20210309,000000,1187.13,1193.38,1187.13,1187.13,0,0
SPH_MV,D,20210310,000000,1193.38,1193.38,1124.65,1149.64,0,0
SPH_MV,D,20210311,000000,1149.64,1149.64,1137.15,1137.15,0,0
SPH_MV,D,20210312,000000,1149.64,1168.39,1124.65,1155.89,0,0
SPH_MV,D,20210315,000000,1168.39,1180.88,1137.15,1180.88,0,0
SPH_MV,D,20210316,000000,1193.38,1199.63,1162.14,1168.39,0,0
SPH_MV,D,20210317,000000,1168.39,1187.13,1137.15,1143.4,0,0
SPH_MV,D,20210318,000000,1149.64,1162.14,1130.9,1155.89,0,0
SPH_MV,D,20210319,000000,1130.9,1137.15,1124.65,1124.65,0,0
SPH_MV,D,20210322,000000,1137.15,1143.4,1124.65,1124.65,0,0
SPH_MV,D,20210323,000000,1118.4,1137.15,1112.15,1124.65,0,0
SPH_MV,D,20210324,000000,1137.15,1149.64,1124.65,1149.64,0,0
SPH_MV,D,20210325,000000,1143.4,1149.64,1112.15,1112.15,0,0
SPH_MV,D,20210326,000000,1112.15,1124.65,1099.66,1112.15,0,0
SPH_MV,D,20210329,000000,1112.15,1124.65,1112.15,1112.15,0,0
SPH_MV,D,20210330,000000,1105.91,1124.65,1099.66,1124.65,0,0
SPH_MV,D,20210331,000000,1137.15,1143.4,1105.91,1124.65,0,0
SPH_MV,D,20210401,000000,1112.15,1124.65,1112.15,1124.65,0,0
SPH_MV,D,20210406,000000,1124.65,1124.65,1074.67,1087.16,0,0
SPH_MV,D,20210407,000000,1087.16,1118.4,1062.17,1118.4,0,0
SPH_MV,D,20210408,000000,1099.66,1099.66,1074.67,1074.67,0,0
SPH_MV,D,20210409,000000,1074.67,1074.67,1068.42,1074.67,0,0
SPH_MV,D,20210412,000000,1080.91,1080.91,1030.93,1068.42,0,0
SPH_MV,D,20210413,000000,1062.17,1068.42,1049.67,1062.17,0,0
SPH_MV,D,20210414,000000,1062.17,1068.42,1062.17,1068.42,0,0
SPH_MV,D,20210415,000000,1068.42,1068.42,1055.92,1055.92,0,0
SPH_MV,D,20210416,000000,1062.17,1080.91,1055.92,1080.91,0,0
SPH_MV,D,20210419,000000,1074.67,1074.67,1062.17,1062.17,0,0
SPH_MV,D,20210420,000000,1062.17,1062.17,999.687,1024.68,0,0
SPH_MV,D,20210421,000000,1005.94,1012.18,974.695,974.695,0,0
SPH_MV,D,20210422,000000,987.191,1024.68,987.191,1024.68,0,0
SPH_MV,D,20210423,000000,1043.42,1043.42,999.687,999.687,0,0
SPH_MV,D,20210426,000000,1005.94,1005.94,999.687,1005.94,0,0
SPH_MV,D,20210427,000000,1005.94,1012.18,999.687,999.687,0,0
SPH_MV,D,20210428,000000,1012.18,1012.18,999.687,999.687,0,0
SPH_MV,D,20210429,000000,999.687,1012.18,993.439,1012.18,0,0
SPH_MV,D,20210430,000000,993.439,993.439,993.439,993.439,0,0
SPH_MV,D,20210504,000000,980.943,980.943,980.943,980.943,0,0
SPH_MV,D,20210505,000000,980.943,987.191,968.447,974.695,0,0
SPH_MV,D,20210506,000000,887.23,949.702,887.23,912.213,0,0
SPH_MV,D,20210507,000000,912.213,912.213,899.717,912.213,0,0
SPH_MV,D,20210510,000000,937.206,937.206,912.213,912.213,0,0
SPH_MV,D,20210511,000000,912.213,912.213,912.213,912.213,0,0
SPH_MV,D,20210512,000000,912.213,999.687,912.213,999.687,0,0
SPH_MV,D,20210513,000000,980.943,980.943,980.943,980.943,0,0
SPH_MV,D,20210514,000000,949.702,949.702,949.702,949.702,0,0
SPH_MV,D,20210517,000000,949.702,999.687,949.702,955.95,0,0
SPH_MV,D,20210518,000000,1005.94,1005.94,999.687,1005.94,0,0
SPH_MV,D,20210519,000000,949.702,949.702,949.702,949.702,0,0
SPH_MV,D,20210520,000000,999.687,1005.94,999.687,1005.94,0,0
SPH_MV,D,20210521,000000,1005.94,1005.94,1005.94,1005.94,0,0
SPH_MV,D,20210524,000000,1005.94,1005.94,1005.94,1005.94,0,0
SPH_MV,D,20210525,000000,1012.18,1012.18,1005.94,1005.94,0,0
SPH_MV,D,20210527,000000,993.439,993.439,993.439,993.439,0,0
SPH_MV,D,20210528,000000,993.439,993.439,974.695,974.695,0,0
SPH_MV,D,20210531,000000,999.687,999.687,949.702,987.191,0,0
SPH_MV,D,20210602,000000,999.687,999.687,999.687,999.687,0,0
SPH_MV,D,20210604,000000,999.687,999.687,999.687,999.687,0,0
SPH_MV,D,20210607,000000,999.687,1005.94,999.687,1005.94,0,0
SPH_MV,D,20210608,000000,1012.18,1012.18,1012.18,1012.18,0,0
SPH_MV,D,20210609,000000,1012.18,1018.43,1012.18,1018.43,0,0
SPH_MV,D,20210611,000000,1024.68,1024.68,1024.68,1024.68,0,0
SPH_MV,D,20210614,000000,1030.93,1030.93,1030.93,1030.93,0,0
SPH_MV,D,20210615,000000,1037.18,1037.18,1030.93,1037.18,0,0
SPH_MV,D,20210616,000000,1024.68,1024.68,1024.68,1024.68,0,0
SPH_MV,D,20210617,000000,1024.68,1024.68,1024.68,1024.68,0,0
SPH_MV,D,20210618,000000,1012.18,1012.18,1012.18,1012.18,0,0
SPH_MV,D,20210621,000000,999.687,999.687,937.206,999.687,0,0
SPH_MV,D,20210622,000000,999.687,999.687,999.687,999.687,0,0
SPH_MV,D,20210623,000000,962.198,1012.18,949.702,1012.18,0,0
SPH_MV,D,20210624,000000,1012.18,1062.17,1012.18,1062.17,0,0
SPH_MV,D,20210625,000000,1037.18,1037.18,974.695,1037.18,0,0
SPH_MV,D,20210628,000000,1030.93,1049.67,1030.93,1049.67,0,0
SPH_MV,D,20210629,000000,1037.18,1037.18,1037.18,1037.18,0,0
SPH_MV,D,20210630,000000,1055.92,1062.17,1055.92,1055.92,0,0
SPH_MV,D,20210701,000000,1055.92,1055.92,1049.67,1049.67,0,0
SPH_MV,D,20210702,000000,1012.18,1012.18,1012.18,1012.18,0,0
SPH_MV,D,20210705,000000,1018.43,1018.43,1018.43,1018.43,0,0
SPH_MV,D,20210706,000000,1062.17,1062.17,1024.68,1024.68,0,0
SPH_MV,D,20210707,000000,1018.43,1018.43,1005.94,1005.94,0,0
SPH_MV,D,20210708,000000,1049.67,1049.67,1005.94,1049.67,0,0
SPH_MV,D,20210709,000000,1049.67,1049.67,1049.67,1049.67,0,0
SPH_MV,D,20210712,000000,999.687,999.687,993.439,993.439,0,0
SPH_MV,D,20210713,000000,974.695,993.439,955.95,955.95,0,0
SPH_MV,D,20210715,000000,968.447,968.447,968.447,968.447,0,0
SPH_MV,D,20210716,000000,974.695,980.943,968.447,980.943,0,0
SPH_MV,D,20210719,000000,980.943,1043.42,955.95,1043.42,0,0
SPH_MV,D,20210722,000000,987.191,999.687,987.191,999.687,0,0
SPH_MV,D,20210723,000000,987.191,999.687,955.95,999.687,0,0
SPH_MV,D,20210729,000000,955.95,1043.42,949.702,1043.42,0,0
SPH_MV,D,20210730,000000,1043.42,1043.42,1043.42,1043.42,0,0
SPH_MV,D,20210802,000000,1043.42,1043.42,1043.42,1043.42,0,0
SPH_MV,D,20210812,000000,999.687,1049.67,999.687,1049.67,0,0
SPH_MV,D,20210816,000000,999.687,1049.67,999.687,1049.67,0,0
SPH_MV,D,20210818,000000,1049.67,1049.67,1049.67,1049.67,0,0
SPH_MV,D,20210819,000000,955.95,999.687,955.95,974.695,0,0
SPH_MV,D,20210820,000000,993.439,999.687,993.439,999.687,0,0
SPH_MV,D,20210823,000000,999.687,999.687,999.687,999.687,0,0
SPH_MV,D,20210824,000000,962.198,962.198,962.198,962.198,0,0
SPH_MV,D,20210825,000000,993.439,993.439,993.439,993.439,0,0
SPH_MV,D,20210830,000000,987.191,987.191,987.191,987.191,0,0
SPH_MV,D,20210901,000000,943.454,974.695,943.454,974.695,0,0
SPH_MV,D,20210902,000000,987.191,1087.16,987.191,1087.16,0,0
SPH_MV,D,20210903,000000,1087.16,1087.16,1074.67,1074.67,0,0
SPH_MV,D,20210906,000000,1112.15,1112.15,1037.18,1037.18,0,0
SPH_MV,D,20210907,000000,1037.18,1080.91,1018.43,1018.43,0,0
SPH_MV,D,20210908,000000,1018.43,1018.43,1018.43,1018.43,0,0
SPH_MV,D,20210910,000000,1018.43,1018.43,1018.43,1018.43,0,0
SPH_MV,D,20210913,000000,1018.43,1099.66,1018.43,1099.66,0,0
SPH_MV,D,20210914,000000,1087.16,1087.16,1087.16,1087.16,0,0
SPH_MV,D,20210915,000000,1049.67,1049.67,1018.43,1018.43,0,0
SPH_MV,D,20210916,000000,1049.67,1080.91,1024.68,1080.91,0,0
SPH_MV,D,20210917,000000,1074.67,1080.91,1018.43,1018.43,0,0
SPH_MV,D,20210920,000000,1018.43,1018.43,1012.18,1012.18,0,0
SPH_MV,D,20210921,000000,999.687,999.687,999.687,999.687,0,0
SPH_MV,D,20210922,000000,1012.18,1012.18,1012.18,1012.18,0,0
SPH_MV,D,20210923,000000,1024.68,1080.91,1024.68,1068.42,0,0
SPH_MV,D,20210924,000000,1049.67,1049.67,1049.67,1049.67,0,0
SPH_MV,D,20210927,000000,1074.67,1087.16,1074.67,1080.91,0,0
SPH_MV,D,20210928,000000,1037.18,1037.18,1037.18,1037.18,0,0
SPH_MV,D,20210929,000000,1087.16,1124.65,1024.68,1024.68,0,0
SPH_MV,D,20210930,000000,1112.15,1112.15,1112.15,1112.15,0,0
SPH_MV,D,20211001,000000,1105.91,1105.91,1105.91,1105.91,0,0
SPH_MV,D,20211004,000000,1105.91,1105.91,1037.18,1062.17,0,0
SPH_MV,D,20211005,000000,1068.42,1068.42,1062.17,1062.17,0,0
SPH_MV,D,20211007,000000,1062.17,1062.17,1062.17,1062.17,0,0
SPH_MV,D,20211008,000000,1049.67,1080.91,1043.42,1080.91,0,0
SPH_MV,D,20211011,000000,1049.67,1080.91,1049.67,1080.91,0,0
SPH_MV,D,20211012,000000,1049.67,1049.67,1049.67,1049.67,0,0
SPH_MV,D,20211013,000000,1068.42,1068.42,1068.42,1068.42,0,0
SPH_MV,D,20211014,000000,1049.67,1068.42,1037.18,1037.18,0,0
SPH_MV,D,20211015,000000,1037.18,1037.18,1037.18,1037.18,0,0
SPH_MV,D,20211018,000000,1024.68,1030.93,987.191,993.439,0,0
SPH_MV,D,20211019,000000,1018.43,1024.68,1012.18,1012.18,0,0
SPH_MV,D,20211021,000000,1012.18,1043.42,999.687,999.687,0,0
SPH_MV,D,20211025,000000,1037.18,1037.18,1005.94,1012.18,0,0
SPH_MV,D,20211026,000000,1049.67,1099.66,1049.67,1068.42,0,0
SPH_MV,D,20211027,000000,1068.42,1105.91,1068.42,1099.66,0,0
SPH_MV,D,20211028,000000,1099.66,1099.66,1080.91,1080.91,0,0
SPH_MV,D,20211029,000000,1080.91,1149.64,1080.91,1137.15,0,0
SPH_MV,D,20211102,000000,1149.64,1162.14,1093.41,1137.15,0,0
SPH_MV,D,20211103,000000,1124.65,1137.15,1124.65,1137.15,0,0
SPH_MV,D,20211104,000000,1105.91,1130.9,1105.91,1130.9,0,0
SPH_MV,D,20211105,000000,1130.9,1162.14,1130.9,1137.15,0,0
SPH_MV,D,20211108,000000,1162.14,1162.14,1137.15,1137.15,0,0
SPH_MV,D,20211109,000000,1162.14,1168.39,1137.15,1137.15,0,0
SPH_MV,D,20211110,000000,1174.64,1174.64,1137.15,1149.64,0,0
SPH_MV,D,20211112,000000,1149.64,1168.39,1149.64,1168.39,0,0
SPH_MV,D,20211115,000000,1162.14,1168.39,1162.14,1168.39,0,0
SPH_MV,D,20211116,000000,1162.14,1174.64,1112.15,1174.64,0,0
SPH_MV,D,20211117,000000,1124.65,1124.65,1124.65,1124.65,0,0
SPH_MV,D,20211118,000000,1118.4,1124.65,1118.4,1118.4,0,0
SPH_MV,D,20211119,000000,1112.15,1112.15,1105.91,1105.91,0,0
SPH_MV,D,20211122,000000,1149.64,1149.64,1118.4,1118.4,0,0
SPH_MV,D,20211123,000000,1149.64,1187.13,1149.64,1187.13,0,0
SPH_MV,D,20211124,000000,1187.13,1199.63,1187.13,1187.13,0,0
SPH_MV,D,20211125,000000,1174.64,1199.63,1174.64,1199.63,0,0
SPH_MV,D,20211126,000000,1199.63,1224.62,1124.65,1218.37,0,0
SPH_MV,D,20211129,000000,1218.37,1218.37,1174.64,1180.88,0,0
SPH_MV,D,20211130,000000,1180.88,1180.88,1174.64,1180.88,0,0
SPH_MV,D,20211201,000000,1180.88,1243.37,1180.88,1230.87,0,0
SPH_MV,D,20211202,000000,1224.62,1230.87,1224.62,1230.87,0,0
SPH_MV,D,20211203,000000,1237.12,1243.37,1237.12,1243.37,0,0
SPH_MV,D,20211206,000000,1243.37,1262.11,1243.37,1262.11,0,0
SPH_MV,D,20211207,000000,1287.1,1337.09,1287.1,1312.1,0,0
SPH_MV,D,20211208,000000,1312.1,1312.1,1287.1,1287.1,0,0
SPH_MV,D,20211209,000000,1287.1,1287.1,1287.1,1287.1,0,0
SPH_MV,D,20211210,000000,1287.1,1287.1,1262.11,1262.11,0,0
SPH_MV,D,20211213,000000,1262.11,1299.6,1262.11,1287.1,0,0
SPH_MV,D,20211214,000000,1312.1,1312.1,1274.61,1287.1,0,0
SPH_MV,D,20211215,000000,1287.1,1287.1,1274.61,1274.61,0,0
SPH_MV,D,20211216,000000,1274.61,1274.61,1274.61,1274.61,0,0
SPH_MV,D,20211217,000000,1274.61,1274.61,1262.11,1274.61,0,0
SPH_MV,D,20211220,000000,1262.11,1262.11,1262.11,1262.11,0,0
SPH_MV,D,20211221,000000,1262.11,1287.1,1262.11,1274.61,0,0
SPH_MV,D,20211222,000000,1287.1,1299.6,1287.1,1299.6,0,0
SPH_MV,D,20211223,000000,1299.6,1299.6,1274.61,1287.1,0,0
SPH_MV,D,20211227,000000,1287.1,1287.1,1262.11,1262.11,0,0
SPH_MV,D,20211228,000000,1262.11,1262.11,1262.11,1262.11,0,0
SPH_MV,D,20211229,000000,1262.11,1312.1,1262.11,1299.6,0,0
SPH_MV,D,20211230,000000,1312.1,1312.1,1312.1,1312.1,0,0
SPH_MV,D,20220104,000000,1299.6,1312.1,1299.6,1312.1,0,0
SPH_MV,D,20220107,000000,1299.6,1299.6,1299.6,1299.6,0,0
SPH_MV,D,20220110,000000,1262.11,1262.11,1212.12,1212.12,0,0
SPH_MV,D,20220111,000000,1237.12,1299.6,1237.12,1299.6,0,0
SPH_MV,D,20220112,000000,1299.6,1299.6,1299.6,1299.6,0,0
SPH_MV,D,20220113,000000,1224.62,1274.61,1224.62,1262.11,0,0
SPH_MV,D,20220114,000000,1224.62,1224.62,1224.62,1224.62,0,0
SPH_MV,D,20220117,000000,1224.62,1299.6,1224.62,1249.61,0,0
SPH_MV,D,20220119,000000,1299.6,1299.6,1243.37,1243.37,0,0
SPH_MV,D,20220120,000000,1249.61,1249.61,1249.61,1249.61,0,0
SPH_MV,D,20220121,000000,1224.62,1224.62,1224.62,1224.62,0,0
SPH_MV,D,20220124,000000,1224.62,1299.6,1224.62,1249.61,0,0
SPH_MV,D,20220125,000000,1237.12,1237.12,1237.12,1237.12,0,0
SPH_MV,D,20220126,000000,1224.62,1224.62,1224.62,1224.62,0,0
SPH_MV,D,20220128,000000,1243.37,1243.37,1243.37,1243.37,0,0
SPH_MV,D,20220131,000000,1249.61,1249.61,1193.38,1193.38,0,0
SPH_MV,D,20220201,000000,1180.88,1249.61,1180.88,1249.61,0,0
SPH_MV,D,20220202,000000,1287.1,1287.1,1287.1,1287.1,0,0
SPH_MV,D,20220203,000000,1287.1,1349.58,1287.1,1349.58,0,0
SPH_MV,D,20220204,000000,1349.58,1349.58,1324.59,1324.59,0,0
SPH_MV,D,20220208,000000,1243.37,1243.37,1243.37,1243.37,0,0
SPH_MV,D,20220209,000000,1249.61,1249.61,1249.61,1249.61,0,0
SPH_MV,D,20220210,000000,1312.1,1312.1,1243.37,1249.61,0,0
SPH_MV,D,20220211,000000,1262.11,1262.11,1262.11,1262.11,0,0
SPH_MV,D,20220214,000000,1287.1,1287.1,1262.11,1262.11,0,0
SPH_MV,D,20220215,000000,1243.37,1262.11,1243.37,1243.37,0,0
SPH_MV,D,20220216,000000,1243.37,1249.61,1243.37,1249.61,0,0
SPH_MV,D,20220217,000000,1243.37,1243.37,1237.12,1243.37,0,0
SPH_MV,D,20220221,000000,1249.61,1349.58,1249.61,1312.1,0,0
SPH_MV,D,20220222,000000,1243.37,1243.37,1243.37,1243.37,0,0
SPH_MV,D,20220223,000000,1249.61,1249.61,1249.61,1249.61,0,0
SPH_MV,D,20220224,000000,1249.61,1249.61,1149.64,1149.64,0,0
SPH_MV,D,20220225,000000,1174.64,1174.64,1174.64,1174.64,0,0
SPH_MV,D,20220301,000000,1193.38,1193.38,1174.64,1193.38,0,0
SPH_MV,D,20220303,000000,812.252,1049.67,812.252,1049.67,0,0
SPH_MV,D,20220304,000000,1062.17,1062.17,1049.67,1049.67,0,0
SPH_MV,D,20220307,000000,1005.94,1037.18,1005.94,1037.18,0,0
SPH_MV,D,20220308,000000,1124.65,1124.65,1124.65,1124.65,0,0
SPH_MV,D,20220309,000000,1155.89,1155.89,1155.89,1155.89,0,0
SPH_MV,D,20220311,000000,1155.89,1174.64,1155.89,1174.64,0,0
SPH_MV,D,20220314,000000,1224.62,1249.61,1224.62,1249.61,0,0
SPH_MV,D,20220316,000000,1249.61,1249.61,1249.61,1249.61,0,0
SPH_MV,D,20220317,000000,1243.37,1243.37,1230.87,1230.87,0,0
SPH_MV,D,20220321,000000,1230.87,1230.87,1230.87,1230.87,0,0
SPH_MV,D,20220324,000000,1155.89,1155.89,1155.89,1155.89,0,0
SPH_MV,D,20220328,000000,1155.89,1155.89,1155.89,1155.89,0,0
SPH_MV,D,20220329,000000,1155.89,1155.89,1149.64,1149.64,0,0
SPH_MV,D,20220330,000000,1155.89,1155.89,1155.89,1155.89,0,0
SPH_MV,D,20220331,000000,1155.89,1155.89,1155.89,1155.89,0,0
SPH_MV,D,20220401,000000,1155.89,1155.89,1149.64,1149.64,0,0
SPH_MV,D,20220405,000000,1187.13,1187.13,1187.13,1187.13,0,0
SPH_MV,D,20220406,000000,1187.13,1312.1,1187.13,1249.61,0,0
SPH_MV,D,20220407,000000,1249.61,1249.61,1249.61,1249.61,0,0
SPH_MV,D,20220411,000000,1187.13,1249.61,1187.13,1187.13,0,0
SPH_MV,D,20220412,000000,1193.38,1312.1,1187.13,1312.1,0,0
SPH_MV,D,20220413,000000,1312.1,1312.1,1312.1,1312.1,0,0
SPH_MV,D,20220414,000000,1310.84,1310.84,1310.84,1310.84,0,0
SPH_MV,D,20220419,000000,1311.59,1311.59,1311.59,1311.59,0,0
SPH_MV,D,20220422,000000,1299.6,1299.6,1299.6,1299.6,0,0
SPH_MV,D,20220425,000000,1262.11,1262.11,1187.13,1187.13,0,0
SPH_MV,D,20220505,000000,1187.13,1187.13,1187.13,1187.13,0,0
SPH_MV,D,20220506,000000,1187.13,1187.13,1187.13,1187.13,0,0
SPH_MV,D,20220512,000000,1124.65,1124.65,1124.65,1124.65,0,0
SPH_MV,D,20220516,000000,1124.65,1124.65,1124.65,1124.65,0,0
SPH_MV,D,20220531,000000,1262.11,1262.11,1262.11,1262.11,0,0
SPH_MV,D,20220601,000000,1280.6,1280.6,1262.11,1280.6,0,0
SPH_MV,D,20220602,000000,1249.61,1249.61,1249.61,1249.61,0,0
SPH_MV,D,20220603,000000,1274.61,1274.61,1274.61,1274.61,0,0
SPH_MV,D,20220607,000000,1274.61,1274.61,1274.61,1274.61,0,0
SPH_MV,D,20220609,000000,1274.61,1274.61,1274.61,1274.61,0,0
SPH_MV,D,20220613,000000,1199.63,1199.63,1187.13,1187.13,0,0
SPH_MV,D,20220614,000000,1187.13,1187.13,1187.13,1187.13,0,0
SPH_MV,D,20220621,000000,1174.64,1174.64,1174.64,1174.64,0,0
SPH_MV,D,20220624,000000,1224.62,1224.62,1224.62,1224.62,0,0
SPH_MV,D,20220627,000000,1224.62,1224.62,1224.62,1224.62,0,0
SPH_MV,D,20220701,000000,1230.87,1293.35,1230.87,1293.35,0,0
SPH_MV,D,20220704,000000,1230.87,1230.87,1230.87,1230.87,0,0
SPH_MV,D,20220708,000000,1230.87,1230.87,1230.87,1230.87,0,0
SPH_MV,D,20220711,000000,1230.87,1230.87,1230.87,1230.87,0,0
SPH_MV,D,20220712,000000,1230.87,1230.87,1230.87,1230.87,0,0
SPH_MV,D,20220714,000000,1230.87,1230.87,1230.87,1230.87,0,0
SPH_MV,D,20220715,000000,1224.62,1230.87,1224.62,1230.87,0,0
SPH_MV,D,20220719,000000,1293.35,1293.35,1293.35,1293.35,0,0
SPH_MV,D,20220720,000000,1293.35,1293.35,1293.35,1293.35,0,0
SPH_MV,D,20220721,000000,1293.35,1293.35,1293.35,1293.35,0,0
SPH_MV,D,20220722,000000,1224.62,1224.62,1224.62,1224.62,0,0
SPH_MV,D,20220729,000000,1249.61,1249.61,1218.37,1218.37,0,0
SPH_MV,D,20220801,000000,1218.37,1218.37,1218.37,1218.37,0,0
SPH_MV,D,20220802,000000,1218.37,1218.37,1218.37,1218.37,0,0
SPH_MV,D,20220805,000000,1249.61,1249.61,1249.61,1249.61,0,0
SPH_MV,D,20220817,000000,1249.61,1249.61,1249.61,1249.61,0,0
SPH_MV,D,20220818,000000,1137.15,1137.15,1137.15,1137.15,0,0
SPH_MV,D,20220819,000000,1118.4,1118.4,1118.4,1118.4,0,0
SPH_MV,D,20220826,000000,1112.15,1112.15,1112.15,1112.15,0,0
SPH_MV,D,20220831,000000,1105.91,1105.91,1105.91,1105.91,0,0
SPH_MV,D,20220908,000000,1187.13,1187.13,1187.13,1187.13,0,0
SPH_MV,D,20220914,000000,1237.12,1237.12,1237.12,1237.12,0,0
SPH_MV,D,20220923,000000,1212.12,1212.12,1212.12,1212.12,0,0
SPH_MV,D,20220928,000000,1224.62,1224.62,1224.62,1224.62,0,0
SPH_MV,D,20220929,000000,1218.37,1218.37,1218.37,1218.37,0,0
SPH_MV,D,20221004,000000,1248.36,1249.61,1248.36,1249.61,0,0
SPH_MV,D,20221005,000000,1249.61,1297.1,1249.61,1297.1,0,0
SPH_MV,D,20221006,000000,1249.61,1249.61,1249.61,1249.61,0,0
SPH_MV,D,20221007,000000,1105.91,1249.61,1105.91,1105.91,0,0
SPH_MV,D,20221010,000000,1249.61,1249.61,1237.12,1249.61,0,0
SPH_MV,D,20221011,000000,1249.61,1249.61,1249.61,1249.61,0,0
SPH_MV,D,20221012,000000,1255.86,1255.86,1255.86,1255.86,0,0
SPH_MV,D,20221013,000000,1249.61,1249.61,1249.61,1249.61,0,0
SPH_MV,D,20221014,000000,1255.86,1255.86,1255.86,1255.86,0,0
SPH_MV,D,20221017,000000,1258.36,1258.36,1258.36,1258.36,0,0
SPH_MV,D,20221018,000000,1249.61,1262.11,1249.61,1249.61,0,0
SPH_MV,D,20221019,000000,1249.61,1249.61,1249.61,1249.61,0,0
SPH_MV,D,20221024,000000,1249.61,1249.61,1187.13,1187.13,0,0
SPH_MV,D,20221025,000000,1137.15,1249.61,1137.15,1187.13,0,0
SPH_MV,D,20221026,000000,1187.13,1187.13,1174.64,1174.64,0,0
SPH_MV,D,20221027,000000,1249.61,1299.6,1174.64,1299.6,0,0
SPH_MV,D,20221031,000000,1249.61,1249.61,1249.61,1249.61,0,0
SPH_MV,D,20221102,000000,1249.61,1249.61,1187.13,1187.13,0,0
SPH_MV,D,20221103,000000,1162.14,1162.14,1162.14,1162.14,0,0
SPH_MV,D,20221107,000000,1187.13,1262.11,1187.13,1262.11,0,0
SPH_MV,D,20221108,000000,1299.6,1299.6,1249.61,1249.61,0,0
SPH_MV,D,20221109,000000,1287.1,1287.1,1249.61,1274.61,0,0
SPH_MV,D,20221110,000000,1249.61,1249.61,1237.12,1237.12,0,0
SPH_MV,D,20221114,000000,1224.62,1224.62,1224.62,1224.62,0,0
SPH_MV,D,20221115,000000,1224.62,1224.62,1224.62,1224.62,0,0
SPH_MV,D,20221116,000000,1237.12,1237.12,1237.12,1237.12,0,0
SPH_MV,D,20221118,000000,1230.87,1230.87,1218.37,1218.37,0,0
SPH_MV,D,20221121,000000,1299.6,1299.6,1299.6,1299.6,0,0
SPH_MV,D,20221122,000000,1249.61,1249.61,1224.62,1224.62,0,0
SPH_MV,D,20221123,000000,1230.87,1230.87,1230.87,1230.87,0,0
SPH_MV,D,20221125,000000,1224.62,1224.62,1224.62,1224.62,0,0
SPH_MV,D,20221128,000000,1224.62,1224.62,1224.62,1224.62,0,0
SPH_MV,D,20221207,000000,1243.37,1243.37,1243.37,1243.37,0,0
SPH_MV,D,20221220,000000,1205.88,1205.88,1205.88,1205.88,0,0
SPH_MV,D,20221228,000000,1205.88,1205.88,1205.88,1205.88,0,0
SPH_MV,D,20221230,000000,1205.88,1205.88,1139.65,1139.65,0,0
SPH_MV,D,20230102,000000,1249.61,1299.6,1139.65,1299.6,0,0
SPH_MV,D,20230103,000000,1287.1,1287.1,1287.1,1287.1,0,0
SPH_MV,D,20230105,000000,1299.6,1299.6,1299.6,1299.6,0,0
SPH_MV,D,20230109,000000,1224.62,1224.62,1224.62,1224.62,0,0
SPH_MV,D,20230112,000000,1237.12,1299.6,1237.12,1287.1,0,0
SPH_MV,D,20230116,000000,1293.35,1293.35,1293.35,1293.35,0,0
SPH_MV,D,20230117,000000,1299.6,1299.6,1299.6,1299.6,0,0
SPH_MV,D,20230118,000000,1299.6,1299.6,1299.6,1299.6,0,0
SPH_MV,D,20230120,000000,1299.6,1299.6,1299.6,1299.6,0,0
SPH_MV,D,20230123,000000,1230.87,1299.6,1230.87,1299.6,0,0
SPH_MV,D,20230124,000000,1237.12,1301.84,1237.12,1301.84,0,0
SPH_MV,D,20230127,000000,1299.35,1301.84,1299.35,1299.6,0,0
SPH_MV,D,20230130,000000,1230.99,1300.1,1230.99,1300.1,0,0
SPH_MV,D,20230131,000000,1300.1,1300.1,1300.1,1300.1,0,0
SPH_MV,D,20230206,000000,1299.6,1299.6,1299.6,1299.6,0,0
SPH_MV,D,20230210,000000,1243.37,1243.37,1237.12,1237.12,0,0
SPH_MV,D,20230213,000000,1249.61,1249.61,1237.12,1237.12,0,0
SPH_MV,D,20230215,000000,1274.61,1299.6,1274.61,1299.6,0,0
SPH_MV,D,20230220,000000,1299.6,1308.34,1237.12,1237.12,0,0
SPH_MV,D,20230221,000000,1237.12,1312.1,1237.12,1312.1,0,0
SPH_MV,D,20230222,000000,1330.84,1330.84,1330.84,1330.84,0,0
SPH_MV,D,20230224,000000,1349.58,1443.31,1349.58,1443.31,0,0
SPH_MV,D,20230227,000000,1443.31,1443.31,1443.31,1443.31,0,0
SPH_MV,D,20230228,000000,1437.06,1499.53,1437.06,1499.53,0,0
SPH_MV,D,20230301,000000,1457.05,1457.05,1457.05,1457.05,0,0
SPH_MV,D,20230302,000000,1449.56,1449.56,1449.56,1449.56,0,0
SPH_MV,D,20230303,000000,1499.53,1512.03,1499.53,1512.03,0,0
SPH_MV,D,20230306,000000,1437.06,1437.06,1424.56,1437.06,0,0
SPH_MV,D,20230307,000000,1437.06,1437.06,1437.06,1437.06,0,0
SPH_MV,D,20230308,000000,1455.8,1574.51,1455.8,1549.52,0,0
SPH_MV,D,20230309,000000,1549.52,1549.52,1530.77,1549.52,0,0
SPH_MV,D,20230315,000000,1549.52,1549.52,1549.52,1549.52,0,0
SPH_MV,D,20230317,000000,1524.52,1524.52,1524.52,1524.52,0,0
SPH_MV,D,20230323,000000,1499.53,1499.53,1499.53,1499.53,0,0
SPH_MV,D,20230324,000000,1524.52,1524.52,1524.52,1524.52,0,0
SPH_MV,D,20230327,000000,1524.52,1524.52,1524.52,1524.52,0,0
SPH_MV,D,20230329,000000,1499.53,1499.53,1499.53,1499.53,0,0
SPH_MV,D,20230330,000000,1512.03,1512.03,1512.03,1512.03,0,0
SPH_MV,D,20230403,000000,1499.53,1499.53,1499.53,1499.53,0,0
SPH_MV,D,20230404,000000,1524.52,1524.52,1524.52,1524.52,0,0
SPH_MV,D,20230405,000000,1524.52,1524.52,1524.52,1524.52,0,0
SPH_MV,D,20230406,000000,1537.02,1537.02,1537.02,1537.02,0,0
SPH_MV,D,20230411,000000,1543.27,1624.49,1543.27,1624.49,0,0
SPH_MV,D,20230412,000000,1624.49,1624.49,1624.49,1624.49,0,0
SPH_MV,D,20230413,000000,1624.49,1696.98,1624.49,1696.98,0,0
SPH_MV,D,20230414,000000,1686.98,1686.98,1686.98,1686.98,0,0
SPH_MV,D,20230417,000000,1686.98,1686.98,1686.98,1686.98,0,0
SPH_MV,D,20230418,000000,1686.98,1743.21,1686.98,1686.98,0,0
SPH_MV,D,20230419,000000,1688.23,1688.23,1688.23,1688.23,0,0
SPH_MV,D,20230420,000000,1699.47,1699.47,1699.47,1699.47,0,0
SPH_MV,D,20230509,000000,1624.49,1624.49,1499.53,1562.01,0,0
SPH_MV,D,20230510,000000,1562.01,1562.01,1499.53,1499.53,0,0
SPH_MV,D,20230512,000000,1480.8,1480.8,1480.8,1480.8,0,0
SPH_MV,D,20230515,000000,1480.8,1480.8,1480.8,1480.8,0,0
SPH_MV,D,20230518,000000,1549.52,1649.49,1549.52,1562.01,0,0
SPH_MV,D,20230522,000000,1480.8,1649.49,1480.8,1649.49,0,0
SPH_MV,D,20230523,000000,1562.01,1649.49,1562.01,1649.49,0,0
SPH_MV,D,20230529,000000,1649.49,1649.49,1636.99,1636.99,0,0
SPH_MV,D,20230530,000000,1636.99,1674.48,1636.99,1674.48,0,0
SPH_MV,D,20230531,000000,1636.99,1636.99,1636.99,1636.99,0,0
SPH_MV,D,20230602,000000,1624.49,1624.49,1624.49,1624.49,0,0
SPH_MV,D,20230605,000000,1680.73,1811.94,1680.73,1811.94,0,0
SPH_MV,D,20230606,000000,1811.94,1824.44,1811.94,1818.19,0,0
SPH_MV,D,20230607,000000,1749.46,1749.46,1680.73,1680.73,0,0
SPH_MV,D,20230609,000000,2049.37,2049.37,2049.37,2049.37,0,0
SPH_MV,D,20230612,000000,2049.37,2186.82,1936.9,1999.38,0,0
SPH_MV,D,20230613,000000,1974.39,2361.77,1949.4,2336.78,0,0
SPH_MV,D,20230614,000000,2336.78,2349.27,2161.83,2311.78,0,0
SPH_MV,D,20230615,000000,2332,2493.76,2291.56,2291.56,0,0
SPH_MV,D,20230616,000000,2062.41,2062.41,2021.97,2021.97,0,0
SPH_MV,D,20230619,000000,2021.97,2021.97,1887.17,1887.17,0,0
SPH_MV,D,20230620,000000,1887.17,1954.57,1887.17,1887.17,0,0
SPH_MV,D,20230622,000000,1860.21,1860.21,1523.22,1617.57,0,0
SPH_MV,D,20230623,000000,1617.57,1617.57,1617.57,1617.57,0,0
SPH_MV,D,20230626,000000,1597.36,1597.36,1597.36,1597.36,0,0
SPH_MV,D,20230627,000000,1597.36,1597.36,1597.36,1597.36,0,0
SPH_MV,D,20230628,000000,1570.4,1570.4,1570.4,1570.4,0,0
SPH_MV,D,20230629,000000,1570.4,1570.4,1570.4,1570.4,0,0
SPH_MV,D,20230630,000000,1570.4,1570.4,1563.66,1563.66,0,0
SPH_MV,D,20230703,000000,1772.59,1772.59,1772.59,1772.59,0,0
SPH_MV,D,20230704,000000,1759.11,1759.11,1745.63,1745.63,0,0
SPH_MV,D,20230705,000000,1617.57,1617.57,1617.57,1617.57,0,0
SPH_MV,D,20230706,000000,1631.05,1631.05,1590.62,1590.62,0,0
SPH_MV,D,20230714,000000,1698.45,1698.45,1698.45,1698.45,0,0
SPH_MV,D,20230717,000000,1833.25,1927.61,1698.45,1698.45,0,0
SPH_MV,D,20230724,000000,1617.57,1617.57,1536.7,1536.7,0,0
SPH_MV,D,20230725,000000,1617.57,1617.57,1617.57,1617.57,0,0
SPH_MV,D,20230731,000000,1631.05,1752.37,1631.05,1752.37,0,0
SPH_MV,D,20230801,000000,1759.11,1759.11,1752.37,1752.37,0,0
SPH_MV,D,20230802,000000,1900.65,1900.65,1846.73,1846.73,0,0
SPH_MV,D,20230803,000000,1752.37,1752.37,1752.37,1752.37,0,0
SPH_MV,D,20230809,000000,1685,1685,1685,1685,0,0
SPH_MV,D,20230810,000000,1685,1685,1685,1685,0,0
SPH_MV,D,20230811,000000,1644.5,1644.5,1482.8,1644.5,0,0
SPH_MV,D,20230816,000000,1644.5,1644.5,1644.5,1644.5,0,0
SPH_MV,D,20230818,000000,1442.3,1583.9,1442.3,1583.9,0,0
SPH_MV,D,20230822,000000,1617.6,1685,1617.6,1685,0,0
SPH_MV,D,20230823,000000,1678.2,1678.2,1617.6,1617.6,0,0
SPH_MV,D,20230824,000000,1738.9,1765.9,1617.6,1752.4,0,0
SPH_MV,D,20230825,000000,1752.4,1752.4,1752.4,1752.4,0,0
SPH_MV,D,20230829,000000,1752.4,1752.4,1752.4,1752.4,0,0
SPH_MV,D,20230831,000000,1806.3,1806.3,1806.3,1806.3,0,0
SPH_MV,D,20230904,000000,1644.5,1644.5,1644.5,1644.5,0,0
SPH_MV,D,20230905,000000,1772.6,1772.6,1772.6,1772.6,0,0
SPH_MV,D,20230907,000000,1819.8,1833.3,1819.8,1833.3,0,0
SPH_MV,D,20230908,000000,1873.7,1893.9,1873.7,1887.2,0,0
SPH_MV,D,20230911,000000,1887.2,1900.7,1887.2,1900.7,0,0
SPH_MV,D,20230912,000000,1887.2,1887.2,1887.2,1887.2,0,0
SPH_MV,D,20230913,000000,1846.7,1846.7,1846.7,1846.7,0,0
SPH_MV,D,20230914,000000,1873.7,1887.2,1873.7,1887.2,0,0
SPH_MV,D,20230915,000000,1887.2,1887.2,1887.2,1887.2,0,0
SPH_MV,D,20230918,000000,1887.2,1887.2,1887.2,1887.2,0,0
SPH_MV,D,20230919,000000,1887.2,1907.4,1887.2,1887.2,0,0
SPH_MV,D,20230920,000000,1887.2,1887.2,1887.2,1887.2,0,0
SPH_MV,D,20230921,000000,1914.1,1914.1,1914.1,1914.1,0,0
SPH_MV,D,20230922,000000,1914.1,1914.1,1914.1,1914.1,0,0
SPH_MV,D,20230925,000000,1867,1867,1867,1867,0,0
SPH_MV,D,20230926,000000,1833.3,1833.3,1833.3,1833.3,0,0
SPH_MV,D,20230928,000000,1819.8,1833.3,1752.4,1752.4,0,0
SPH_MV,D,20230929,000000,1752.4,1752.4,1752.4,1752.4,0,0
SPH_MV,D,20231002,000000,1900.7,1954.6,1752.4,1954.6,0,0
SPH_MV,D,20231003,000000,1887.2,1954.6,1887.2,1887.2,0,0
SPH_MV,D,20231004,000000,1954.6,2089.4,1954.6,2089.4,0,0
