<TICKER>,<PER>,<DATE>,<TIME>,<OPEN>,<HIGH>,<LOW>,<CLOSE>,<VOL>,<OPENINT>
SPR_PB,D,20200228,000000,1.19,1.19,1.19,1.19,0,0
SPR_PB,D,20200305,000000,7.16,8.59,7.16,8.59,0,0
SPR_PB,D,20200306,000000,8.59,10.14,7.04,9.07,0,0
SPR_PB,D,20200309,000000,9.19,9.31,7.75,8.71,0,0
SPR_PB,D,20200310,000000,7.16,7.63,6.86,6.86,0,0
SPR_PB,D,20200311,000000,7.16,7.75,6.2,7.52,0,0
SPR_PB,D,20200312,000000,7.04,7.04,6.67,6.67,0,0
SPR_PB,D,20200313,000000,6.56,6.56,6.44,6.56,0,0
SPR_PB,D,20200316,000000,6.5,7.4,6.5,7.39,0,0
SPR_PB,D,20200317,000000,7.16,7.16,6.56,7.16,0,0
SPR_PB,D,20200318,000000,7.16,7.16,6.92,6.92,0,0
SPR_PB,D,20200319,000000,6.86,7.04,6.86,6.86,0,0
SPR_PB,D,20200320,000000,6.56,6.56,5.73,6.55,0,0
SPR_PB,D,20200323,000000,5.37,5.83,4.29,5.83,0,0
SPR_PB,D,20200324,000000,5.85,6.08,5.85,6.08,0,0
SPR_PB,D,20200325,000000,5.96,6.32,5.96,6.32,0,0
SPR_PB,D,20200327,000000,6.55,6.56,6.55,6.56,0,0
SPR_PB,D,20200330,000000,7.16,7.16,7.16,7.16,0,0
SPR_PB,D,20200331,000000,6.56,7.04,6.56,7.04,0,0
SPR_PB,D,20200401,000000,5.96,6.56,5.63,6.44,0,0
SPR_PB,D,20200402,000000,5.96,5.96,5.96,5.96,0,0
SPR_PB,D,20200403,000000,6.43,6.43,5.73,5.73,0,0
SPR_PB,D,20200406,000000,6.32,6.43,6.32,6.43,0,0
SPR_PB,D,20200407,000000,6.2,6.2,5.61,6.2,0,0
SPR_PB,D,20200408,000000,6.2,6.56,6.2,6.56,0,0
SPR_PB,D,20200409,000000,6.56,6.56,6.32,6.32,0,0
SPR_PB,D,20200414,000000,6.32,6.32,5.96,5.96,0,0
SPR_PB,D,20200415,000000,5.96,5.96,5.96,5.96,0,0
SPR_PB,D,20200416,000000,6.03,6.32,5.96,5.96,0,0
SPR_PB,D,20200417,000000,5.85,6.03,5.85,6.03,0,0
SPR_PB,D,20200420,000000,5.96,6.2,5.96,5.96,0,0
SPR_PB,D,20200421,000000,5.96,5.96,5.96,5.96,0,0
SPR_PB,D,20200422,000000,6.08,7.04,6.08,7.04,0,0
SPR_PB,D,20200423,000000,8.11,8.59,6.8,8.59,0,0
SPR_PB,D,20200424,000000,8.11,8.11,7.75,7.87,0,0
SPR_PB,D,20200427,000000,7.99,8.23,7.99,8.23,0,0
SPR_PB,D,20200428,000000,8.11,8.23,8.11,8.23,0,0
SPR_PB,D,20200429,000000,8.11,8.11,7.75,8.05,0,0
SPR_PB,D,20200430,000000,7.75,7.87,7.75,7.87,0,0
SPR_PB,D,20200504,000000,7.75,7.75,7.75,7.75,0,0
SPR_PB,D,20200505,000000,7.75,7.75,7.75,7.75,0,0
SPR_PB,D,20200506,000000,7.64,7.64,7.28,7.28,0,0
SPR_PB,D,20200507,000000,7.28,8.58,7.28,8.17,0,0
SPR_PB,D,20200508,000000,8.45,8.47,8.17,8.47,0,0
SPR_PB,D,20200511,000000,8.47,8.47,8.35,8.35,0,0
SPR_PB,D,20200512,000000,8.46,9.02,8.35,8.35,0,0
SPR_PB,D,20200513,000000,8.7,8.89,8.53,8.89,0,0
SPR_PB,D,20200514,000000,8.95,9.02,8.95,9.02,0,0
SPR_PB,D,20200515,000000,8.83,8.83,8.47,8.47,0,0
SPR_PB,D,20200518,000000,8.48,9.07,8.47,9.07,0,0
SPR_PB,D,20200519,000000,9.07,12.53,9.07,12.05,0,0
SPR_PB,D,20200520,000000,13.06,15.63,10.62,14.91,0,0
SPR_PB,D,20200521,000000,14.91,14.91,14.44,14.44,0,0
SPR_PB,D,20200522,000000,14.32,14.32,13.12,13.12,0,0
SPR_PB,D,20200525,000000,12.89,13.48,12.89,13.48,0,0
SPR_PB,D,20200526,000000,12.89,13.12,9.78,9.78,0,0
SPR_PB,D,20200527,000000,9.51,9.51,8.38,9.06,0,0
SPR_PB,D,20200528,000000,9.05,9.15,8.78,8.92,0,0
SPR_PB,D,20200529,000000,8.97,9.42,8.97,9.42,0,0
SPR_PB,D,20200601,000000,9.51,10.78,9.51,10.78,0,0
SPR_PB,D,20200602,000000,10.78,10.78,8.69,9.78,0,0
SPR_PB,D,20200603,000000,9.33,10.78,9.33,9.42,0,0
SPR_PB,D,20200604,000000,10.51,10.51,9.15,10.32,0,0
SPR_PB,D,20200605,000000,10.23,10.32,10.14,10.14,0,0
SPR_PB,D,20200608,000000,10.14,10.14,9.87,9.87,0,0
SPR_PB,D,20200609,000000,9.87,9.96,9.87,9.96,0,0
SPR_PB,D,20200610,000000,9.96,10.14,9.96,9.96,0,0
SPR_PB,D,20200612,000000,9.78,9.96,9.69,9.96,0,0
SPR_PB,D,20200615,000000,11.32,11.32,10.32,10.41,0,0
SPR_PB,D,20200616,000000,10.51,10.78,10.51,10.78,0,0
SPR_PB,D,20200617,000000,10.78,10.78,10.51,10.59,0,0
SPR_PB,D,20200618,000000,10.37,10.78,10.37,10.69,0,0
SPR_PB,D,20200622,000000,10.96,12.59,10.96,11.77,0,0
SPR_PB,D,20200623,000000,12.23,13.67,12.23,13.67,0,0
SPR_PB,D,20200624,000000,14.49,17.21,14.49,17.21,0,0
SPR_PB,D,20200625,000000,17.21,19.38,16.3,19.29,0,0
SPR_PB,D,20200626,000000,19.47,19.47,17.48,19.29,0,0
SPR_PB,D,20200629,000000,17.57,17.57,16.03,16.3,0,0
SPR_PB,D,20200630,000000,15.94,16.3,15.85,16.12,0,0
SPR_PB,D,20200701,000000,16.75,17.03,16.12,17.03,0,0
SPR_PB,D,20200702,000000,17.66,17.93,17.66,17.66,0,0
SPR_PB,D,20200703,000000,17.66,18.02,17.66,17.75,0,0
SPR_PB,D,20200706,000000,17.93,17.93,17.2,17.2,0,0
SPR_PB,D,20200707,000000,16.75,17.21,16.75,17.21,0,0
SPR_PB,D,20200708,000000,17.21,17.39,17.21,17.39,0,0
SPR_PB,D,20200709,000000,17.39,17.39,17.39,17.39,0,0
SPR_PB,D,20200710,000000,17.21,17.66,17.21,17.66,0,0
SPR_PB,D,20200713,000000,17.93,17.93,16.66,16.66,0,0
SPR_PB,D,20200714,000000,16.66,16.66,16.12,16.12,0,0
SPR_PB,D,20200715,000000,17.21,17.66,16.48,16.48,0,0
SPR_PB,D,20200716,000000,17.03,17.03,15.94,16.12,0,0
SPR_PB,D,20200717,000000,15.94,16.03,15.94,16.03,0,0
SPR_PB,D,20200720,000000,16.03,16.48,16.03,16.48,0,0
SPR_PB,D,20200721,000000,16.57,16.75,16.57,16.75,0,0
SPR_PB,D,20200722,000000,16.3,16.3,13.86,15.39,0,0
SPR_PB,D,20200723,000000,15.49,15.58,15.12,15.12,0,0
SPR_PB,D,20200724,000000,15.12,15.39,15.03,15.03,0,0
SPR_PB,D,20200727,000000,14.94,14.94,14.22,14.22,0,0
SPR_PB,D,20200728,000000,14.13,14.13,13.77,13.77,0,0
SPR_PB,D,20200729,000000,13.58,14.04,13.58,14.04,0,0
SPR_PB,D,20200730,000000,14.49,14.49,13.58,13.58,0,0
SPR_PB,D,20200731,000000,13.95,14.78,13.95,14.78,0,0
SPR_PB,D,20200803,000000,14.49,14.49,13.58,13.58,0,0
SPR_PB,D,20200804,000000,13.49,13.67,13.49,13.67,0,0
SPR_PB,D,20200805,000000,13.77,13.86,13.49,13.49,0,0
SPR_PB,D,20200806,000000,13.77,13.86,13.77,13.86,0,0
SPR_PB,D,20200807,000000,13.95,14.04,13.95,14.04,0,0
SPR_PB,D,20200810,000000,14.31,15.94,14.31,14.49,0,0
SPR_PB,D,20200811,000000,14.76,14.76,13.86,13.86,0,0
SPR_PB,D,20200813,000000,13.86,13.86,13.67,13.67,0,0
SPR_PB,D,20200814,000000,14.22,15.8,11.28,11.28,0,0
SPR_PB,D,20200817,000000,11.28,11.28,11.28,11.28,0,0
SPR_PB,D,20200818,000000,11.28,11.28,11.21,11.28,0,0
SPR_PB,D,20200819,000000,11.28,13.1,11.28,12.08,0,0
SPR_PB,D,20200820,000000,12.15,12.15,11.64,11.64,0,0
SPR_PB,D,20200824,000000,11.86,11.86,11.72,11.72,0,0
SPR_PB,D,20200828,000000,11.65,11.93,11.64,11.64,0,0
SPR_PB,D,20200831,000000,11.69,11.72,11.57,11.57,0,0
SPR_PB,D,20200901,000000,11.5,11.5,11.5,11.5,0,0
SPR_PB,D,20200903,000000,11.43,11.43,10.81,10.84,0,0
SPR_PB,D,20200904,000000,11.28,11.28,11.28,11.28,0,0
SPR_PB,D,20200907,000000,11.93,12.37,10.7,10.7,0,0
SPR_PB,D,20200908,000000,10.92,10.92,8.66,8.66,0,0
SPR_PB,D,20200909,000000,8.73,10.12,8.73,10.12,0,0
SPR_PB,D,20200910,000000,10.48,12.37,10.48,11.64,0,0
SPR_PB,D,20200914,000000,11.57,11.57,11.57,11.57,0,0
SPR_PB,D,20200915,000000,11.64,11.64,11.43,11.43,0,0
SPR_PB,D,20200916,000000,11.43,11.43,11.43,11.43,0,0
SPR_PB,D,20200917,000000,11.43,11.43,11.43,11.43,0,0
SPR_PB,D,20200918,000000,11.43,11.43,11.28,11.28,0,0
SPR_PB,D,20200921,000000,11.21,11.21,10.19,10.19,0,0
SPR_PB,D,20200922,000000,10.19,10.19,10.19,10.19,0,0
SPR_PB,D,20200923,000000,10.04,10.04,9.82,9.82,0,0
SPR_PB,D,20200924,000000,9.82,9.82,9.82,9.82,0,0
SPR_PB,D,20200925,000000,9.66,9.66,9.35,9.39,0,0
SPR_PB,D,20200928,000000,9.39,10.55,9.39,10.33,0,0
SPR_PB,D,20200929,000000,10.48,10.48,10.48,10.48,0,0
SPR_PB,D,20200930,000000,10.48,10.48,9.97,9.97,0,0
SPR_PB,D,20201005,000000,9.97,10.26,9.97,10.26,0,0
SPR_PB,D,20201006,000000,10.33,10.55,10.19,10.19,0,0
SPR_PB,D,20201007,000000,10.04,10.12,9.97,10.12,0,0
SPR_PB,D,20201008,000000,10.12,10.12,10.04,10.04,0,0
SPR_PB,D,20201009,000000,10.19,10.77,10.19,10.77,0,0
SPR_PB,D,20201012,000000,10.77,10.77,10.77,10.77,0,0
SPR_PB,D,20201013,000000,10.63,10.63,10.63,10.63,0,0
SPR_PB,D,20201014,000000,10.77,10.77,10.41,10.41,0,0
SPR_PB,D,20201015,000000,10.41,10.41,10.26,10.26,0,0
SPR_PB,D,20201016,000000,10.26,10.92,10.26,10.92,0,0
SPR_PB,D,20201019,000000,10.92,10.95,10.92,10.95,0,0
SPR_PB,D,20201020,000000,11.02,11.13,11.02,11.13,0,0
SPR_PB,D,20201021,000000,11.28,11.43,11.28,11.43,0,0
SPR_PB,D,20201022,000000,11.5,11.93,11.5,11.93,0,0
SPR_PB,D,20201023,000000,11.93,12.81,11.93,12.37,0,0
SPR_PB,D,20201026,000000,11.93,12.01,11.93,12.01,0,0
SPR_PB,D,20201027,000000,11.86,11.86,11.79,11.86,0,0
SPR_PB,D,20201028,000000,11.86,11.86,11.28,11.28,0,0
SPR_PB,D,20201029,000000,11.28,11.5,11.28,11.5,0,0
SPR_PB,D,20201030,000000,11.5,11.5,11.28,11.28,0,0
SPR_PB,D,20201102,000000,11.64,11.64,11.64,11.64,0,0
SPR_PB,D,20201103,000000,11.72,11.72,11.72,11.72,0,0
SPR_PB,D,20201104,000000,11.72,11.86,11.72,11.86,0,0
SPR_PB,D,20201105,000000,11.86,12.52,11.86,12.52,0,0
SPR_PB,D,20201106,000000,12.23,12.23,12.23,12.23,0,0
SPR_PB,D,20201109,000000,12.23,13.17,12.23,13.1,0,0
SPR_PB,D,20201110,000000,12.95,12.95,12.37,12.59,0,0
SPR_PB,D,20201112,000000,12.88,13.17,12.66,13.17,0,0
SPR_PB,D,20201113,000000,13.39,14.7,13.39,14.55,0,0
SPR_PB,D,20201116,000000,14.55,14.55,13.83,14.08,0,0
SPR_PB,D,20201117,000000,13.93,13.93,13.41,13.41,0,0
SPR_PB,D,20201118,000000,13.19,13.19,13.19,13.19,0,0
SPR_PB,D,20201119,000000,12.96,12.96,11.63,11.63,0,0
SPR_PB,D,20201123,000000,11.78,11.78,11.78,11.78,0,0
SPR_PB,D,20201124,000000,11.71,11.71,11.26,11.56,0,0
SPR_PB,D,20201125,000000,11.71,13.11,11.71,13.11,0,0
SPR_PB,D,20201126,000000,12.89,13.11,12.74,12.74,0,0
SPR_PB,D,20201127,000000,12.74,12.82,12.74,12.82,0,0
SPR_PB,D,20201130,000000,12.82,12.96,12.74,12.96,0,0
SPR_PB,D,20201201,000000,12.74,12.74,12.59,12.74,0,0
SPR_PB,D,20201202,000000,12.74,12.74,12.74,12.74,0,0
SPR_PB,D,20201204,000000,10.53,10.53,10.53,10.53,0,0
SPR_PB,D,20201207,000000,10.66,10.66,9.98,10.23,0,0
SPR_PB,D,20201209,000000,10.23,10.23,9.86,9.86,0,0
SPR_PB,D,20201210,000000,9.73,9.79,9.67,9.79,0,0
SPR_PB,D,20201211,000000,10.1,10.16,10.1,10.16,0,0
SPR_PB,D,20201214,000000,10.16,10.16,9.79,9.79,0,0
SPR_PB,D,20201215,000000,9.73,9.73,9.73,9.73,0,0
SPR_PB,D,20201216,000000,9.79,10.1,9.79,10.1,0,0
SPR_PB,D,20201217,000000,9.98,9.98,9.98,9.98,0,0
SPR_PB,D,20201218,000000,9.98,10.1,9.98,9.98,0,0
SPR_PB,D,20201223,000000,9.98,9.98,9.98,9.98,0,0
SPR_PB,D,20201228,000000,9.79,9.79,9.79,9.79,0,0
SPR_PB,D,20201229,000000,9.79,9.79,9.79,9.79,0,0
SPR_PB,D,20201230,000000,10.04,10.29,10.04,10.29,0,0
SPR_PB,D,20210104,000000,10.29,10.47,10.29,10.47,0,0
SPR_PB,D,20210105,000000,10.47,11.09,10.47,10.78,0,0
SPR_PB,D,20210107,000000,10.97,11.09,10.97,11.09,0,0
SPR_PB,D,20210108,000000,11.09,11.33,11.09,11.33,0,0
SPR_PB,D,20210111,000000,11.33,11.4,11.33,11.4,0,0
SPR_PB,D,20210112,000000,11.4,11.46,11.4,11.46,0,0
SPR_PB,D,20210113,000000,11.52,11.52,11.4,11.4,0,0
SPR_PB,D,20210114,000000,11.4,11.4,11.4,11.4,0,0
SPR_PB,D,20210115,000000,11.64,11.64,11.52,11.52,0,0
SPR_PB,D,20210118,000000,11.52,11.52,10.6,11.09,0,0
SPR_PB,D,20210119,000000,11.27,11.64,11.09,11.64,0,0
SPR_PB,D,20210120,000000,11.4,11.4,11.4,11.4,0,0
SPR_PB,D,20210121,000000,12.01,12.01,11.4,11.4,0,0
SPR_PB,D,20210125,000000,12.01,12.01,11.83,11.83,0,0
SPR_PB,D,20210126,000000,11.7,11.7,11.7,11.7,0,0
SPR_PB,D,20210127,000000,11.58,11.58,11.58,11.58,0,0
SPR_PB,D,20210128,000000,11.58,11.58,11.58,11.58,0,0
SPR_PB,D,20210129,000000,11.58,11.58,11.58,11.58,0,0
SPR_PB,D,20210201,000000,11.46,11.46,11.33,11.33,0,0
SPR_PB,D,20210202,000000,11.18,11.18,11.18,11.18,0,0
SPR_PB,D,20210203,000000,11.18,11.18,10.78,10.78,0,0
SPR_PB,D,20210204,000000,10.78,10.9,10.78,10.9,0,0
SPR_PB,D,20210205,000000,11.09,11.09,10.9,10.9,0,0
SPR_PB,D,20210208,000000,10.9,10.9,10.9,10.9,0,0
SPR_PB,D,20210209,000000,10.9,10.9,10.9,10.9,0,0
SPR_PB,D,20210210,000000,10.9,11.09,10.9,11.09,0,0
SPR_PB,D,20210211,000000,11.09,11.21,11.03,11.09,0,0
SPR_PB,D,20210212,000000,11.09,11.77,11.09,11.7,0,0
SPR_PB,D,20210215,000000,11.46,12.62,9.54,9.54,0,0
SPR_PB,D,20210216,000000,9.3,9.53,9.2,9.53,0,0
SPR_PB,D,20210217,000000,9.15,9.29,8.96,8.96,0,0
SPR_PB,D,20210218,000000,9.11,9.59,9.11,9.45,0,0
SPR_PB,D,20210219,000000,9.45,9.69,9.45,9.69,0,0
SPR_PB,D,20210222,000000,9.69,11.43,9.69,11.43,0,0
SPR_PB,D,20210223,000000,11.29,11.29,10.41,11.14,0,0
SPR_PB,D,20210224,000000,10.46,10.66,9.98,9.98,0,0
SPR_PB,D,20210225,000000,10.17,11.04,10.17,10.37,0,0
SPR_PB,D,20210226,000000,10.37,10.37,10.37,10.37,0,0
SPR_PB,D,20210301,000000,10.66,10.9,10.66,10.9,0,0
SPR_PB,D,20210302,000000,11.53,12.55,11.53,12.55,0,0
SPR_PB,D,20210303,000000,12.35,13.56,12.16,12.59,0,0
SPR_PB,D,20210304,000000,12.79,13.56,12.79,13.18,0,0
SPR_PB,D,20210305,000000,13.56,13.56,13.47,13.47,0,0
SPR_PB,D,20210308,000000,13.56,14.05,13.51,13.95,0,0
SPR_PB,D,20210309,000000,14.05,14.39,14.05,14.39,0,0
SPR_PB,D,20210310,000000,14.29,14.29,13.71,14.05,0,0
SPR_PB,D,20210311,000000,14.05,14.05,13.8,14.05,0,0
SPR_PB,D,20210312,000000,14.05,14.05,13.81,14.05,0,0
SPR_PB,D,20210315,000000,14.24,15.69,14.24,15.69,0,0
SPR_PB,D,20210316,000000,15.74,15.98,15.74,15.98,0,0
SPR_PB,D,20210317,000000,16.47,16.47,14.05,14.77,0,0
SPR_PB,D,20210318,000000,14.53,15.26,14.53,15.26,0,0
SPR_PB,D,20210319,000000,15.16,15.26,15.16,15.26,0,0
SPR_PB,D,20210322,000000,15.26,15.26,15.26,15.26,0,0
SPR_PB,D,20210323,000000,15.26,15.5,15.26,15.5,0,0
SPR_PB,D,20210324,000000,15.89,18.16,15.89,17.34,0,0
SPR_PB,D,20210325,000000,17.92,18.36,17.92,17.92,0,0
SPR_PB,D,20210326,000000,18.41,21.31,18.41,21.22,0,0
SPR_PB,D,20210329,000000,21.22,21.7,17.15,19.13,0,0
SPR_PB,D,20210330,000000,18.89,19.38,18.7,19.38,0,0
SPR_PB,D,20210331,000000,19.57,20.3,18.41,18.41,0,0
SPR_PB,D,20210401,000000,18.41,18.41,15.98,17.24,0,0
SPR_PB,D,20210406,000000,17.44,17.44,15.5,16.47,0,0
SPR_PB,D,20210407,000000,15.79,15.89,15.5,15.5,0,0
SPR_PB,D,20210408,000000,14.82,14.82,13.56,14.05,0,0
SPR_PB,D,20210409,000000,14.05,14.05,13.56,13.56,0,0
SPR_PB,D,20210412,000000,14.53,14.53,12.3,12.79,0,0
SPR_PB,D,20210413,000000,12.98,12.98,12.5,12.5,0,0
SPR_PB,D,20210414,000000,12.59,14.34,12.59,13.95,0,0
SPR_PB,D,20210415,000000,13.95,13.95,13.47,13.76,0,0
SPR_PB,D,20210416,000000,13.76,14.24,13.56,14.14,0,0
SPR_PB,D,20210419,000000,14.05,14.14,13.76,13.95,0,0
SPR_PB,D,20210420,000000,13.95,13.95,13.18,13.66,0,0
SPR_PB,D,20210421,000000,13.56,13.76,12.69,13.76,0,0
SPR_PB,D,20210422,000000,13.76,13.76,13.27,13.47,0,0
SPR_PB,D,20210423,000000,13.56,13.56,13.37,13.37,0,0
SPR_PB,D,20210426,000000,13.56,13.66,13.27,13.56,0,0
SPR_PB,D,20210427,000000,13.66,13.66,13.08,13.47,0,0
SPR_PB,D,20210428,000000,13.47,13.66,13.27,13.66,0,0
SPR_PB,D,20210429,000000,13.66,14.05,13.56,13.66,0,0
SPR_PB,D,20210430,000000,13.85,14.43,13.85,14.43,0,0
SPR_PB,D,20210504,000000,14.43,14.53,13.85,14.43,0,0
SPR_PB,D,20210505,000000,14.34,14.34,13.66,14.05,0,0
SPR_PB,D,20210506,000000,14.05,14.05,13.56,13.56,0,0
SPR_PB,D,20210507,000000,13.85,14.05,13.56,13.85,0,0
SPR_PB,D,20210510,000000,13.95,13.95,13.76,13.76,0,0
SPR_PB,D,20210511,000000,13.66,13.85,13.18,13.85,0,0
SPR_PB,D,20210512,000000,13.85,13.85,13.76,13.76,0,0
SPR_PB,D,20210513,000000,13.76,13.76,13.18,13.37,0,0
SPR_PB,D,20210514,000000,13.47,13.47,10.87,10.87,0,0
SPR_PB,D,20210517,000000,10.7,10.95,10.05,10.95,0,0
SPR_PB,D,20210518,000000,10.87,10.87,10.62,10.62,0,0
SPR_PB,D,20210519,000000,10.54,10.54,9.97,10.21,0,0
SPR_PB,D,20210520,000000,10.13,10.3,9.56,10.3,0,0
SPR_PB,D,20210521,000000,10.21,10.38,9.4,9.56,0,0
SPR_PB,D,20210524,000000,9.56,9.72,9.48,9.72,0,0
SPR_PB,D,20210525,000000,9.81,9.81,9.48,9.56,0,0
SPR_PB,D,20210526,000000,9.64,9.64,9.48,9.48,0,0
SPR_PB,D,20210527,000000,9.56,10.38,9.56,10.05,0,0
SPR_PB,D,20210528,000000,10.05,10.46,9.89,9.89,0,0
SPR_PB,D,20210531,000000,9.81,9.81,9.4,9.48,0,0
SPR_PB,D,20210601,000000,9.56,9.97,9.23,9.97,0,0
SPR_PB,D,20210602,000000,9.89,10.21,9.81,10.21,0,0
SPR_PB,D,20210604,000000,10.21,10.21,9.89,10.05,0,0
SPR_PB,D,20210607,000000,9.97,10.38,9.64,9.97,0,0
SPR_PB,D,20210608,000000,9.97,10.21,9.89,10.13,0,0
SPR_PB,D,20210609,000000,10.21,10.21,9.89,10.21,0,0
SPR_PB,D,20210610,000000,10.21,10.21,9.97,9.97,0,0
SPR_PB,D,20210611,000000,9.97,10.05,9.72,10.05,0,0
SPR_PB,D,20210614,000000,9.97,10.13,9.81,10.13,0,0
SPR_PB,D,20210615,000000,10.13,10.13,9.81,9.89,0,0
SPR_PB,D,20210616,000000,9.97,10.05,9.72,10.05,0,0
SPR_PB,D,20210617,000000,9.81,10.05,9.72,9.72,0,0
SPR_PB,D,20210618,000000,9.64,10.05,9.64,10.05,0,0
SPR_PB,D,20210621,000000,10.05,10.05,10.05,10.05,0,0
SPR_PB,D,20210622,000000,9.97,9.97,9.48,9.97,0,0
SPR_PB,D,20210623,000000,9.56,9.81,9.48,9.81,0,0
SPR_PB,D,20210624,000000,9.81,9.81,9.72,9.72,0,0
SPR_PB,D,20210625,000000,9.56,9.56,9.56,9.56,0,0
SPR_PB,D,20210628,000000,9.64,9.64,9.56,9.56,0,0
SPR_PB,D,20210629,000000,9.56,9.56,9.56,9.56,0,0
SPR_PB,D,20210630,000000,9.56,9.72,9.4,9.56,0,0
SPR_PB,D,20210701,000000,9.64,9.64,8.82,9.4,0,0
SPR_PB,D,20210702,000000,9.4,9.4,9.32,9.4,0,0
SPR_PB,D,20210705,000000,9.07,9.4,9.07,9.32,0,0
SPR_PB,D,20210706,000000,9.32,9.72,9.32,9.72,0,0
SPR_PB,D,20210707,000000,9.4,9.81,9.32,9.64,0,0
SPR_PB,D,20210708,000000,9.64,9.64,9.32,9.64,0,0
SPR_PB,D,20210709,000000,9.64,9.97,9.64,9.97,0,0
SPR_PB,D,20210712,000000,9.97,9.97,9.89,9.89,0,0
SPR_PB,D,20210713,000000,9.89,10.13,9.89,10.13,0,0
SPR_PB,D,20210714,000000,10.13,10.21,9.81,10.13,0,0
SPR_PB,D,20210715,000000,10.46,10.46,9.97,10.3,0,0
SPR_PB,D,20210716,000000,10.05,10.13,9.81,10.05,0,0
SPR_PB,D,20210719,000000,9.97,10.05,9.72,9.72,0,0
SPR_PB,D,20210720,000000,9.72,9.72,9.32,9.64,0,0
SPR_PB,D,20210721,000000,9.64,9.64,9.64,9.64,0,0
SPR_PB,D,20210722,000000,9.48,9.64,9.07,9.48,0,0
SPR_PB,D,20210723,000000,9.48,9.48,9.32,9.48,0,0
SPR_PB,D,20210726,000000,9.48,9.64,9.15,9.64,0,0
SPR_PB,D,20210727,000000,9.4,9.4,8.99,9.32,0,0
SPR_PB,D,20210728,000000,9.23,9.32,9.23,9.32,0,0
SPR_PB,D,20210729,000000,9.07,9.32,9.07,9.32,0,0
SPR_PB,D,20210730,000000,9.15,9.32,9.07,9.32,0,0
SPR_PB,D,20210802,000000,9.32,9.32,8.82,9.15,0,0
SPR_PB,D,20210803,000000,9.15,9.15,8.58,8.82,0,0
SPR_PB,D,20210804,000000,8.82,8.91,8.33,8.82,0,0
SPR_PB,D,20210805,000000,8.74,9.48,8.42,9.4,0,0
SPR_PB,D,20210806,000000,9.4,9.64,9.4,9.64,0,0
SPR_PB,D,20210809,000000,9.48,9.56,9.32,9.4,0,0
SPR_PB,D,20210810,000000,9.4,9.48,9.32,9.4,0,0
SPR_PB,D,20210811,000000,9.4,9.4,9.23,9.4,0,0
SPR_PB,D,20210812,000000,9.32,9.32,7.35,7.6,0,0
SPR_PB,D,20210813,000000,7.64,8.33,7.35,7.71,0,0
SPR_PB,D,20210816,000000,7.79,7.95,7.33,7.37,0,0
SPR_PB,D,20210817,000000,7.52,7.56,7.48,7.52,0,0
SPR_PB,D,20210818,000000,7.71,8.02,7.6,7.87,0,0
SPR_PB,D,20210819,000000,7.87,7.87,7.4,7.87,0,0
SPR_PB,D,20210820,000000,7.87,7.87,7.71,7.87,0,0
SPR_PB,D,20210823,000000,7.87,7.87,7.71,7.71,0,0
SPR_PB,D,20210824,000000,7.71,7.79,7.71,7.71,0,0
SPR_PB,D,20210825,000000,7.71,7.71,7.71,7.71,0,0
SPR_PB,D,20210826,000000,7.71,7.87,7.71,7.71,0,0
SPR_PB,D,20210827,000000,7.71,7.71,7.71,7.71,0,0
SPR_PB,D,20210830,000000,7.71,7.71,7.71,7.71,0,0
SPR_PB,D,20210831,000000,7.71,7.71,7.52,7.52,0,0
SPR_PB,D,20210901,000000,7.52,7.64,7.52,7.64,0,0
SPR_PB,D,20210902,000000,7.71,7.79,7.64,7.79,0,0
SPR_PB,D,20210903,000000,7.79,7.79,7.64,7.79,0,0
SPR_PB,D,20210906,000000,7.6,7.79,7.6,7.79,0,0
SPR_PB,D,20210907,000000,7.64,7.71,7.6,7.71,0,0
SPR_PB,D,20210908,000000,7.79,7.79,7.71,7.71,0,0
SPR_PB,D,20210909,000000,7.71,7.71,7.71,7.71,0,0
SPR_PB,D,20210910,000000,7.56,7.6,7.56,7.56,0,0
SPR_PB,D,20210913,000000,7.6,7.64,7.6,7.64,0,0
SPR_PB,D,20210914,000000,7.64,7.64,7.64,7.64,0,0
SPR_PB,D,20210915,000000,7.6,7.6,7.33,7.4,0,0
SPR_PB,D,20210916,000000,7.48,7.64,7.48,7.48,0,0
SPR_PB,D,20210917,000000,7.44,7.64,7.4,7.64,0,0
SPR_PB,D,20210920,000000,7.37,7.37,7.02,7.17,0,0
SPR_PB,D,20210921,000000,7.25,7.33,7.25,7.33,0,0
SPR_PB,D,20210922,000000,7.33,7.33,7.33,7.33,0,0
SPR_PB,D,20210923,000000,7.33,7.37,7.25,7.25,0,0
SPR_PB,D,20210924,000000,7.25,7.52,7.17,7.52,0,0
SPR_PB,D,20210927,000000,7.6,7.64,7.6,7.64,0,0
SPR_PB,D,20210928,000000,7.64,7.64,7.4,7.56,0,0
SPR_PB,D,20210929,000000,7.56,7.56,7.21,7.33,0,0
SPR_PB,D,20210930,000000,7.4,7.52,7.14,7.52,0,0
SPR_PB,D,20211001,000000,7.52,7.52,7.33,7.33,0,0
SPR_PB,D,20211004,000000,7.29,7.29,6.87,6.87,0,0
SPR_PB,D,20211005,000000,6.83,6.94,6.48,6.83,0,0
SPR_PB,D,20211006,000000,6.67,6.9,6.63,6.67,0,0
SPR_PB,D,20211007,000000,6.75,7.06,6.75,7.06,0,0
SPR_PB,D,20211008,000000,6.87,6.98,6.83,6.9,0,0
SPR_PB,D,20211011,000000,7.02,7.06,6.87,7.06,0,0
SPR_PB,D,20211012,000000,7.06,7.17,7.06,7.17,0,0
SPR_PB,D,20211013,000000,7.06,7.14,7.06,7.14,0,0
SPR_PB,D,20211014,000000,7.14,7.14,6.9,7.14,0,0
SPR_PB,D,20211015,000000,7.06,7.06,6.9,7.06,0,0
SPR_PB,D,20211018,000000,6.87,7.1,6.87,7.1,0,0
SPR_PB,D,20211019,000000,6.94,6.94,6.87,6.9,0,0
SPR_PB,D,20211020,000000,6.94,7.14,6.79,7.14,0,0
SPR_PB,D,20211021,000000,7.14,7.14,7.02,7.14,0,0
SPR_PB,D,20211022,000000,7.14,7.48,7.14,7.48,0,0
SPR_PB,D,20211025,000000,7.48,7.79,7.33,7.79,0,0
SPR_PB,D,20211026,000000,7.79,7.79,7.48,7.71,0,0
SPR_PB,D,20211027,000000,7.71,7.71,7.71,7.71,0,0
SPR_PB,D,20211028,000000,7.71,7.79,7.71,7.79,0,0
SPR_PB,D,20211029,000000,7.79,7.87,7.21,7.21,0,0
SPR_PB,D,20211102,000000,7.48,7.71,7.48,7.71,0,0
SPR_PB,D,20211103,000000,7.68,8.02,7.68,8.02,0,0
SPR_PB,D,20211104,000000,8.02,8.02,7.79,7.95,0,0
SPR_PB,D,20211105,000000,7.95,7.95,7.95,7.95,0,0
SPR_PB,D,20211108,000000,7.95,7.95,7.87,7.95,0,0
SPR_PB,D,20211109,000000,7.87,7.87,7.87,7.87,0,0
SPR_PB,D,20211110,000000,8.02,8.33,7.95,8.25,0,0
SPR_PB,D,20211112,000000,8.48,8.87,7.55,7.55,0,0
SPR_PB,D,20211115,000000,7.68,7.75,7.41,7.68,0,0
SPR_PB,D,20211116,000000,7.68,7.68,7.21,7.35,0,0
SPR_PB,D,20211117,000000,7.41,7.81,7.41,7.61,0,0
SPR_PB,D,20211118,000000,7.68,7.81,7.61,7.68,0,0
SPR_PB,D,20211119,000000,7.68,7.68,7.41,7.41,0,0
SPR_PB,D,20211122,000000,7.41,7.41,7.41,7.41,0,0
SPR_PB,D,20211123,000000,7.35,7.41,7.35,7.35,0,0
SPR_PB,D,20211124,000000,7.35,7.55,7.28,7.41,0,0
SPR_PB,D,20211125,000000,7.41,7.41,7.15,7.41,0,0
SPR_PB,D,20211126,000000,7.35,7.35,6.95,6.95,0,0
SPR_PB,D,20211129,000000,6.88,7.08,6.75,7.01,0,0
SPR_PB,D,20211130,000000,7.01,7.08,7.01,7.08,0,0
SPR_PB,D,20211201,000000,7.01,7.01,6.88,6.95,0,0
SPR_PB,D,20211202,000000,6.95,7.08,6.88,7.08,0,0
SPR_PB,D,20211203,000000,7.15,7.15,7.08,7.08,0,0
SPR_PB,D,20211206,000000,7.08,7.08,7.08,7.08,0,0
SPR_PB,D,20211207,000000,7.08,7.08,7.08,7.08,0,0
SPR_PB,D,20211208,000000,7.08,7.08,7.08,7.08,0,0
SPR_PB,D,20211209,000000,7.01,7.01,6.95,6.95,0,0
SPR_PB,D,20211210,000000,7.08,7.08,7.08,7.08,0,0
SPR_PB,D,20211213,000000,7.08,7.08,7.01,7.08,0,0
SPR_PB,D,20211214,000000,7.01,7.01,6.95,6.95,0,0
SPR_PB,D,20211215,000000,7.01,7.01,6.54,6.88,0,0
SPR_PB,D,20211216,000000,6.88,6.88,6.88,6.88,0,0
SPR_PB,D,20211217,000000,6.88,6.88,6.75,6.88,0,0
SPR_PB,D,20211220,000000,6.95,7.28,6.68,7.28,0,0
SPR_PB,D,20211221,000000,7.28,7.28,7.01,7.21,0,0
SPR_PB,D,20211222,000000,7.28,7.35,7.08,7.35,0,0
SPR_PB,D,20211223,000000,7.35,7.35,7.08,7.35,0,0
SPR_PB,D,20211227,000000,7.35,7.35,7.28,7.28,0,0
SPR_PB,D,20211228,000000,7.21,7.21,6.68,7.01,0,0
SPR_PB,D,20211230,000000,7.15,7.21,7.01,7.21,0,0
SPR_PB,D,20220103,000000,7.21,7.41,7.21,7.35,0,0
SPR_PB,D,20220104,000000,7.41,7.41,7.35,7.35,0,0
SPR_PB,D,20220105,000000,7.41,7.41,7.35,7.35,0,0
SPR_PB,D,20220107,000000,8.01,8.01,7.48,7.48,0,0
SPR_PB,D,20220110,000000,7.75,7.81,7.68,7.68,0,0
SPR_PB,D,20220111,000000,7.81,7.81,7.75,7.75,0,0
SPR_PB,D,20220112,000000,7.75,7.75,7.55,7.68,0,0
SPR_PB,D,20220113,000000,7.55,7.55,7.48,7.48,0,0
SPR_PB,D,20220114,000000,7.61,7.75,7.61,7.68,0,0
SPR_PB,D,20220117,000000,7.81,7.88,7.75,7.88,0,0
SPR_PB,D,20220118,000000,7.88,7.88,7.75,7.81,0,0
SPR_PB,D,20220119,000000,7.88,7.95,7.68,7.95,0,0
SPR_PB,D,20220120,000000,7.75,8.28,7.75,8.08,0,0
SPR_PB,D,20220121,000000,7.95,7.95,7.75,7.88,0,0
SPR_PB,D,20220124,000000,7.68,7.68,7.08,7.21,0,0
SPR_PB,D,20220125,000000,7.35,7.48,7.28,7.48,0,0
SPR_PB,D,20220126,000000,7.55,7.95,7.15,7.15,0,0
SPR_PB,D,20220127,000000,7.08,7.75,7.08,7.75,0,0
SPR_PB,D,20220128,000000,7.88,7.95,7.68,7.95,0,0
SPR_PB,D,20220131,000000,7.95,7.95,7.55,7.95,0,0
SPR_PB,D,20220201,000000,7.81,7.95,7.81,7.95,0,0
SPR_PB,D,20220202,000000,7.81,7.88,7.41,7.75,0,0
SPR_PB,D,20220204,000000,7.81,7.88,7.81,7.81,0,0
SPR_PB,D,20220207,000000,7.81,7.81,7.81,7.81,0,0
SPR_PB,D,20220208,000000,7.88,7.88,7.81,7.81,0,0
SPR_PB,D,20220209,000000,7.81,7.95,7.81,7.95,0,0
SPR_PB,D,20220211,000000,7.95,8.08,7.81,8.08,0,0
SPR_PB,D,20220214,000000,8.08,8.08,7.95,7.95,0,0
SPR_PB,D,20220215,000000,7.88,8.01,7.68,7.68,0,0
SPR_PB,D,20220216,000000,7.81,8.01,6.48,6.48,0,0
SPR_PB,D,20220217,000000,6.48,6.48,6.09,6.21,0,0
SPR_PB,D,20220218,000000,6.38,6.44,6.27,6.27,0,0
SPR_PB,D,20220221,000000,6.38,6.44,6.04,6.33,0,0
SPR_PB,D,20220222,000000,6.33,6.5,6.33,6.33,0,0
SPR_PB,D,20220223,000000,6.61,6.67,6.38,6.38,0,0
SPR_PB,D,20220224,000000,6.33,6.33,5.48,5.82,0,0
SPR_PB,D,20220225,000000,6.1,6.16,5.82,5.82,0,0
SPR_PB,D,20220228,000000,5.82,6.33,5.82,6.33,0,0
SPR_PB,D,20220302,000000,6.1,6.16,5.82,6.16,0,0
SPR_PB,D,20220303,000000,5.99,6.16,5.87,6.04,0,0
SPR_PB,D,20220304,000000,6.04,6.04,5.59,5.87,0,0
SPR_PB,D,20220307,000000,5.65,5.82,5.37,5.65,0,0
SPR_PB,D,20220308,000000,5.82,6.16,5.82,6.16,0,0
SPR_PB,D,20220309,000000,5.87,6.1,5.87,6.04,0,0
SPR_PB,D,20220310,000000,6.1,6.21,6.1,6.21,0,0
SPR_PB,D,20220311,000000,6.1,6.55,6.04,6.55,0,0
SPR_PB,D,20220314,000000,6.55,6.67,6.55,6.61,0,0
SPR_PB,D,20220315,000000,6.55,6.67,6.55,6.67,0,0
SPR_PB,D,20220316,000000,6.67,6.67,6.61,6.67,0,0
SPR_PB,D,20220317,000000,6.72,7.29,6.72,7.17,0,0
SPR_PB,D,20220318,000000,7.17,7.17,6.95,7.06,0,0
SPR_PB,D,20220321,000000,7,7.06,6.95,7.06,0,0
SPR_PB,D,20220322,000000,7.12,7.17,7,7.12,0,0
SPR_PB,D,20220323,000000,7.29,7.34,7.06,7.29,0,0
SPR_PB,D,20220324,000000,7.29,7.4,7.17,7.4,0,0
SPR_PB,D,20220325,000000,7.4,7.4,7.17,7.17,0,0
SPR_PB,D,20220328,000000,7.23,7.23,7.06,7.17,0,0
SPR_PB,D,20220329,000000,7.17,7.17,6.95,7,0,0
SPR_PB,D,20220330,000000,7.06,7.06,6.95,7,0,0
SPR_PB,D,20220331,000000,6.89,7.06,6.78,7,0,0
SPR_PB,D,20220401,000000,7,7,6.83,6.95,0,0
SPR_PB,D,20220404,000000,7.06,7.12,6.95,7,0,0
SPR_PB,D,20220405,000000,7,7.06,6.95,7,0,0
SPR_PB,D,20220406,000000,7,7,6.67,6.67,0,0
SPR_PB,D,20220407,000000,6.72,7,6.72,7,0,0
SPR_PB,D,20220408,000000,7,7,6.78,6.95,0,0
SPR_PB,D,20220411,000000,7.06,7.06,6.95,6.95,0,0
SPR_PB,D,20220412,000000,7.06,7.06,6.89,7,0,0
SPR_PB,D,20220413,000000,7,7.06,7,7.06,0,0
SPR_PB,D,20220414,000000,7.12,7.12,6.95,7.06,0,0
SPR_PB,D,20220419,000000,7,7.06,6.92,7,0,0
SPR_PB,D,20220420,000000,7,7,6.95,6.95,0,0
SPR_PB,D,20220421,000000,7,7,6.92,7,0,0
SPR_PB,D,20220422,000000,6.95,7,6.78,6.78,0,0
SPR_PB,D,20220425,000000,6.89,6.89,6.55,6.55,0,0
SPR_PB,D,20220426,000000,6.86,7,6.78,6.78,0,0
SPR_PB,D,20220427,000000,6.78,6.78,6.44,6.5,0,0
SPR_PB,D,20220428,000000,6.64,7,6.61,7,0,0
SPR_PB,D,20220429,000000,6.92,7,6.92,6.92,0,0
SPR_PB,D,20220502,000000,6.83,6.92,6.61,6.61,0,0
SPR_PB,D,20220504,000000,6.61,6.75,6.35,6.38,0,0
SPR_PB,D,20220505,000000,6.41,6.55,6.41,6.5,0,0
SPR_PB,D,20220506,000000,6.41,6.44,6.33,6.35,0,0
SPR_PB,D,20220509,000000,6.38,6.47,5.93,6.24,0,0
SPR_PB,D,20220510,000000,6.24,6.24,6.24,6.24,0,0
SPR_PB,D,20220511,000000,6.24,6.35,6.1,6.1,0,0
SPR_PB,D,20220512,000000,6.21,6.21,5.93,5.93,0,0
SPR_PB,D,20220513,000000,5.93,6.07,5.76,5.96,0,0
SPR_PB,D,20220516,000000,6.02,6.33,6.02,6.33,0,0
SPR_PB,D,20220517,000000,6.44,6.47,6.35,6.44,0,0
SPR_PB,D,20220518,000000,6.5,6.52,6.44,6.44,0,0
SPR_PB,D,20220519,000000,6.47,6.47,6.47,6.47,0,0
SPR_PB,D,20220520,000000,6.5,6.5,6.5,6.5,0,0
SPR_PB,D,20220523,000000,6.5,6.92,6.28,6.28,0,0
SPR_PB,D,20220524,000000,6.35,6.46,6.28,6.41,0,0
SPR_PB,D,20220525,000000,6.2,6.35,6.15,6.15,0,0
SPR_PB,D,20220526,000000,6.23,6.35,6.15,6.15,0,0
SPR_PB,D,20220527,000000,6.2,6.3,6.12,6.3,0,0
SPR_PB,D,20220530,000000,6.33,6.38,6.33,6.38,0,0
SPR_PB,D,20220531,000000,6.41,6.92,6.41,6.76,0,0
SPR_PB,D,20220601,000000,6.79,6.97,6.64,6.97,0,0
SPR_PB,D,20220602,000000,6.97,6.97,6.59,6.79,0,0
SPR_PB,D,20220603,000000,6.97,6.97,6.79,6.79,0,0
SPR_PB,D,20220606,000000,7.05,7.05,6.84,6.89,0,0
SPR_PB,D,20220607,000000,6.92,6.94,6.89,6.94,0,0
SPR_PB,D,20220608,000000,6.94,7.02,6.94,7.02,0,0
SPR_PB,D,20220609,000000,7.02,7.05,6.97,7.05,0,0
SPR_PB,D,20220610,000000,7.05,7.05,6.92,6.92,0,0
SPR_PB,D,20220613,000000,7.02,7.02,6.41,6.53,0,0
SPR_PB,D,20220614,000000,6.43,6.46,6.41,6.41,0,0
SPR_PB,D,20220615,000000,6.53,6.56,6.35,6.35,0,0
SPR_PB,D,20220617,000000,6.56,6.74,6.41,6.74,0,0
SPR_PB,D,20220620,000000,6.66,7.23,6.66,7.17,0,0
SPR_PB,D,20220621,000000,7.17,7.17,7.02,7.17,0,0
SPR_PB,D,20220622,000000,7.17,7.17,6.94,6.94,0,0
SPR_PB,D,20220623,000000,6.94,7.17,6.89,7.17,0,0
SPR_PB,D,20220624,000000,7.23,7.43,7.17,7.17,0,0
SPR_PB,D,20220627,000000,7.25,7.43,7.25,7.43,0,0
SPR_PB,D,20220628,000000,7.43,7.43,6.94,7.1,0,0
SPR_PB,D,20220629,000000,7.3,7.58,7.28,7.28,0,0
SPR_PB,D,20220630,000000,7.43,7.51,7.17,7.51,0,0
SPR_PB,D,20220701,000000,7.51,7.51,7.1,7.28,0,0
SPR_PB,D,20220704,000000,7.3,7.51,7.1,7.28,0,0
SPR_PB,D,20220705,000000,7.33,7.43,7.1,7.1,0,0
SPR_PB,D,20220706,000000,7.28,7.38,7.28,7.38,0,0
SPR_PB,D,20220707,000000,7.43,7.82,7.43,7.76,0,0
SPR_PB,D,20220708,000000,7.51,7.79,7.51,7.69,0,0
SPR_PB,D,20220711,000000,7.87,7.89,7.56,7.71,0,0
SPR_PB,D,20220712,000000,7.71,7.71,7.66,7.66,0,0
SPR_PB,D,20220713,000000,7.64,7.64,7.43,7.56,0,0
SPR_PB,D,20220714,000000,7.61,7.74,7.48,7.51,0,0
SPR_PB,D,20220715,000000,7.51,7.58,7.51,7.58,0,0
SPR_PB,D,20220718,000000,7.66,7.84,7.66,7.76,0,0
SPR_PB,D,20220719,000000,7.79,7.82,7.64,7.64,0,0
SPR_PB,D,20220720,000000,7.71,7.82,7.64,7.69,0,0
SPR_PB,D,20220721,000000,7.82,7.94,7.71,7.94,0,0
SPR_PB,D,20220722,000000,7.94,8.05,7.82,7.99,0,0
SPR_PB,D,20220725,000000,7.99,8.28,7.99,8.28,0,0
SPR_PB,D,20220726,000000,8.35,8.48,8.3,8.43,0,0
SPR_PB,D,20220727,000000,8.46,8.53,8.43,8.53,0,0
SPR_PB,D,20220728,000000,8.53,8.53,8.15,8.2,0,0
SPR_PB,D,20220729,000000,8.38,8.58,8.2,8.46,0,0
SPR_PB,D,20220801,000000,8.43,8.84,8.43,8.84,0,0
SPR_PB,D,20220802,000000,8.87,8.94,8.71,8.81,0,0
SPR_PB,D,20220803,000000,8.84,8.92,8.81,8.84,0,0
SPR_PB,D,20220804,000000,8.94,8.94,8.92,8.94,0,0
SPR_PB,D,20220805,000000,8.94,8.94,8.84,8.84,0,0
SPR_PB,D,20220808,000000,8.79,8.97,8.79,8.92,0,0
SPR_PB,D,20220809,000000,8.94,8.97,8.71,8.71,0,0
SPR_PB,D,20220810,000000,8.71,8.84,8.53,8.79,0,0
SPR_PB,D,20220811,000000,8.71,8.97,8.71,8.92,0,0
SPR_PB,D,20220812,000000,8.94,8.94,8.71,8.84,0,0
SPR_PB,D,20220816,000000,8.89,8.89,8.51,8.81,0,0
SPR_PB,D,20220817,000000,8.81,8.92,8.66,8.66,0,0
SPR_PB,D,20220818,000000,8.71,8.87,8.71,8.81,0,0
SPR_PB,D,20220819,000000,8.81,8.81,8.46,8.46,0,0
SPR_PB,D,20220822,000000,8.71,8.89,8.28,8.33,0,0
SPR_PB,D,20220823,000000,8.33,8.46,8.33,8.46,0,0
SPR_PB,D,20220824,000000,8.53,8.63,8.53,8.58,0,0
SPR_PB,D,20220825,000000,8.56,8.61,8.56,8.61,0,0
SPR_PB,D,20220826,000000,8.63,8.63,8.46,8.61,0,0
SPR_PB,D,20220829,000000,8.61,8.61,7.94,7.99,0,0
SPR_PB,D,20220830,000000,8.07,8.07,7.99,8.05,0,0
SPR_PB,D,20220831,000000,8.05,8.05,7.12,7.41,0,0
SPR_PB,D,20220901,000000,7.3,7.3,6.71,6.92,0,0
SPR_PB,D,20220902,000000,6.79,7.38,6.79,7.38,0,0
SPR_PB,D,20220905,000000,7.38,7.38,7.2,7.28,0,0
SPR_PB,D,20220906,000000,7.17,7.51,7.17,7.46,0,0
SPR_PB,D,20220907,000000,7.33,7.43,7.2,7.2,0,0
SPR_PB,D,20220908,000000,7.17,7.56,7.17,7.56,0,0
SPR_PB,D,20220909,000000,7.43,7.74,7.43,7.56,0,0
SPR_PB,D,20220912,000000,7.43,7.92,7.43,7.92,0,0
SPR_PB,D,20220913,000000,8.07,8.07,7.82,8.07,0,0
SPR_PB,D,20220914,000000,8.2,8.2,7.99,8.2,0,0
SPR_PB,D,20220915,000000,8.33,8.58,8.2,8.58,0,0
SPR_PB,D,20220916,000000,8.71,8.71,8.35,8.4,0,0
SPR_PB,D,20220919,000000,8.46,8.46,8.2,8.2,0,0
SPR_PB,D,20220920,000000,8.2,8.2,8.17,8.2,0,0
SPR_PB,D,20220921,000000,8.2,8.2,7.99,8.2,0,0
SPR_PB,D,20220922,000000,8.2,8.2,8.15,8.2,0,0
SPR_PB,D,20220923,000000,8.2,8.2,7.97,7.97,0,0
SPR_PB,D,20220926,000000,8.05,8.07,8.05,8.07,0,0
SPR_PB,D,20220927,000000,8.2,8.43,8.07,8.33,0,0
SPR_PB,D,20220928,000000,8.43,8.46,8.3,8.43,0,0
SPR_PB,D,20220929,000000,8.46,8.46,8.22,8.25,0,0
SPR_PB,D,20220930,000000,8.15,8.3,7.99,8.3,0,0
SPR_PB,D,20221003,000000,8.15,8.2,7.94,8.15,0,0
SPR_PB,D,20221004,000000,8.17,8.17,8.17,8.17,0,0
SPR_PB,D,20221006,000000,8.1,8.1,7.08,7.08,0,0
SPR_PB,D,20221007,000000,7.12,7.17,7.05,7.14,0,0
SPR_PB,D,20221010,000000,7.12,7.17,7.08,7.17,0,0
SPR_PB,D,20221011,000000,7.17,7.26,7.12,7.26,0,0
SPR_PB,D,20221012,000000,7.35,7.37,7.26,7.26,0,0
SPR_PB,D,20221013,000000,7.26,7.39,7.26,7.37,0,0
SPR_PB,D,20221014,000000,7.42,7.67,7.42,7.64,0,0
SPR_PB,D,20221017,000000,7.53,7.53,7.49,7.53,0,0
SPR_PB,D,20221018,000000,7.53,7.67,7.26,7.35,0,0
SPR_PB,D,20221019,000000,7.37,7.39,7.3,7.39,0,0
SPR_PB,D,20221020,000000,7.33,7.33,7.33,7.33,0,0
SPR_PB,D,20221021,000000,7.33,7.44,7.3,7.3,0,0
SPR_PB,D,20221024,000000,7.51,7.71,7.51,7.62,0,0
SPR_PB,D,20221025,000000,7.71,7.83,7.71,7.83,0,0
SPR_PB,D,20221026,000000,7.83,7.83,7.64,7.64,0,0
SPR_PB,D,20221027,000000,7.67,7.73,7.64,7.67,0,0
SPR_PB,D,20221028,000000,7.8,7.8,7.42,7.53,0,0
SPR_PB,D,20221031,000000,7.71,7.71,7.64,7.71,0,0
SPR_PB,D,20221102,000000,7.71,7.83,7.71,7.73,0,0
SPR_PB,D,20221103,000000,7.83,7.83,7.71,7.73,0,0
SPR_PB,D,20221104,000000,7.71,7.76,7.6,7.76,0,0
SPR_PB,D,20221107,000000,7.8,7.8,7.6,7.6,0,0
SPR_PB,D,20221108,000000,7.6,7.62,7.39,7.49,0,0
SPR_PB,D,20221109,000000,7.49,7.49,7.26,7.26,0,0
SPR_PB,D,20221110,000000,7.37,7.55,7.37,7.55,0,0
SPR_PB,D,20221114,000000,7.55,7.58,7.49,7.49,0,0
SPR_PB,D,20221115,000000,7.51,7.89,7.51,7.85,0,0
SPR_PB,D,20221116,000000,7.83,7.83,7.55,7.73,0,0
SPR_PB,D,20221117,000000,7.73,7.78,7.71,7.78,0,0
SPR_PB,D,20221118,000000,7.71,7.73,7.67,7.73,0,0
SPR_PB,D,20221121,000000,7.73,7.76,7.69,7.69,0,0
SPR_PB,D,20221122,000000,7.69,8.35,7.69,8.19,0,0
SPR_PB,D,20221123,000000,8.23,9,8.23,8.8,0,0
SPR_PB,D,20221124,000000,8.66,9.39,8.64,8.96,0,0
SPR_PB,D,20221125,000000,8.96,9.3,8.96,9.05,0,0
SPR_PB,D,20221128,000000,9.41,9.59,9.21,9.28,0,0
SPR_PB,D,20221129,000000,9.3,9.59,9.28,9.55,0,0
SPR_PB,D,20221130,000000,9.64,9.75,9.34,9.75,0,0
SPR_PB,D,20221201,000000,9.87,9.91,9.3,9.41,0,0
SPR_PB,D,20221202,000000,9.41,9.62,9.41,9.48,0,0
SPR_PB,D,20221205,000000,9.53,9.62,9.41,9.55,0,0
SPR_PB,D,20221206,000000,9.55,9.59,9.07,9.25,0,0
SPR_PB,D,20221207,000000,9.16,9.41,7.89,7.89,0,0
SPR_PB,D,20221208,000000,7.89,7.91,7.64,7.64,0,0
SPR_PB,D,20221209,000000,7.66,7.66,7.61,7.61,0,0
SPR_PB,D,20221212,000000,7.66,7.89,7.66,7.89,0,0
SPR_PB,D,20221213,000000,7.91,7.93,7.89,7.93,0,0
SPR_PB,D,20221214,000000,7.93,7.93,7.93,7.93,0,0
SPR_PB,D,20221215,000000,7.93,7.97,7.61,7.76,0,0
SPR_PB,D,20221216,000000,7.76,8.42,7.76,8.4,0,0
SPR_PB,D,20221219,000000,8.44,8.46,8.27,8.46,0,0
SPR_PB,D,20221220,000000,8.46,8.65,8.31,8.31,0,0
SPR_PB,D,20221221,000000,8.46,8.56,8.31,8.56,0,0
SPR_PB,D,20221222,000000,8.56,8.56,8.4,8.56,0,0
SPR_PB,D,20221223,000000,8.56,8.56,8.44,8.52,0,0
SPR_PB,D,20221227,000000,8.75,9.41,8.73,9.3,0,0
SPR_PB,D,20221228,000000,9.26,9.26,9.13,9.2,0,0
SPR_PB,D,20221229,000000,9.22,9.7,9.2,9.41,0,0
SPR_PB,D,20221230,000000,9.39,9.41,8.94,9.26,0,0
SPR_PB,D,20230102,000000,9.32,9.32,8.97,9.13,0,0
SPR_PB,D,20230103,000000,9.13,9.13,8.94,9.09,0,0
SPR_PB,D,20230104,000000,9.09,9.32,8.94,9.32,0,0
SPR_PB,D,20230105,000000,9.39,9.45,9.28,9.45,0,0
SPR_PB,D,20230109,000000,9.47,9.66,9.41,9.55,0,0
SPR_PB,D,20230110,000000,9.55,9.66,9.43,9.43,0,0
SPR_PB,D,20230111,000000,9.41,9.96,9.41,9.62,0,0
SPR_PB,D,20230112,000000,9.7,9.89,9.62,9.74,0,0
SPR_PB,D,20230113,000000,9.77,10,9.74,9.89,0,0
SPR_PB,D,20230116,000000,10,10.31,9.81,10.31,0,0
SPR_PB,D,20230117,000000,10.38,10.42,10.15,10.31,0,0
SPR_PB,D,20230118,000000,10.46,11.22,10.34,10.65,0,0
SPR_PB,D,20230119,000000,10.65,10.65,9.96,10.08,0,0
SPR_PB,D,20230120,000000,10.15,10.23,10.08,10.19,0,0
SPR_PB,D,20230123,000000,10.46,10.61,10.42,10.46,0,0
SPR_PB,D,20230124,000000,10.65,10.72,10.46,10.46,0,0
SPR_PB,D,20230125,000000,10.72,10.91,10.46,10.61,0,0
SPR_PB,D,20230126,000000,10.84,11.37,10.84,11.37,0,0
SPR_PB,D,20230127,000000,11.41,12.55,11.37,11.52,0,0
SPR_PB,D,20230130,000000,11.79,11.79,11.41,11.41,0,0
SPR_PB,D,20230131,000000,11.48,11.6,11.37,11.6,0,0
SPR_PB,D,20230201,000000,11.37,11.56,11.37,11.37,0,0
SPR_PB,D,20230202,000000,11.6,11.64,11.48,11.52,0,0
SPR_PB,D,20230203,000000,11.6,11.6,11.37,11.52,0,0
SPR_PB,D,20230206,000000,11.52,11.79,11.45,11.79,0,0
SPR_PB,D,20230207,000000,11.75,12.09,11.75,11.75,0,0
SPR_PB,D,20230208,000000,11.98,12.17,11.98,11.98,0,0
SPR_PB,D,20230209,000000,12.09,12.17,11.86,12.09,0,0
SPR_PB,D,20230210,000000,12.09,12.25,11.86,12.25,0,0
SPR_PB,D,20230213,000000,12.13,12.13,11.86,11.98,0,0
SPR_PB,D,20230214,000000,11.98,11.98,11.52,11.83,0,0
SPR_PB,D,20230215,000000,11.79,11.79,11.22,11.41,0,0
SPR_PB,D,20230216,000000,11.33,11.33,10.84,10.84,0,0
SPR_PB,D,20230217,000000,10.88,11.22,10.88,11.07,0,0
SPR_PB,D,20230220,000000,11.03,11.18,10.91,11.1,0,0
SPR_PB,D,20230221,000000,11.22,11.22,11.14,11.14,0,0
SPR_PB,D,20230222,000000,11.14,11.18,11.03,11.07,0,0
SPR_PB,D,20230223,000000,10.95,11.14,10.91,11.14,0,0
SPR_PB,D,20230224,000000,11.14,11.14,10.91,11.1,0,0
SPR_PB,D,20230227,000000,11.1,11.1,10.95,10.99,0,0
SPR_PB,D,20230228,000000,11.03,11.1,10.99,11.1,0,0
SPR_PB,D,20230301,000000,11.1,11.1,11.03,11.1,0,0
SPR_PB,D,20230302,000000,11.07,11.14,10.99,11.14,0,0
SPR_PB,D,20230303,000000,11.14,11.6,11.14,11.6,0,0
SPR_PB,D,20230306,000000,11.41,11.71,11.41,11.71,0,0
SPR_PB,D,20230307,000000,11.64,11.71,11.48,11.56,0,0
SPR_PB,D,20230308,000000,11.64,11.79,11.45,11.79,0,0
SPR_PB,D,20230309,000000,11.79,11.79,11.22,11.22,0,0
SPR_PB,D,20230310,000000,11.26,11.33,11.22,11.26,0,0
SPR_PB,D,20230313,000000,11.26,11.26,10.69,10.8,0,0
SPR_PB,D,20230314,000000,10.95,11.22,10.91,11.22,0,0
SPR_PB,D,20230315,000000,11.22,11.22,10.69,10.91,0,0
SPR_PB,D,20230316,000000,10.91,10.91,10.38,10.65,0,0
SPR_PB,D,20230317,000000,11.33,11.33,10.72,11.18,0,0
SPR_PB,D,20230320,000000,11.18,11.18,10.95,11.03,0,0
SPR_PB,D,20230321,000000,10.95,11.03,10.84,10.91,0,0
SPR_PB,D,20230322,000000,10.84,10.84,10.57,10.57,0,0
SPR_PB,D,20230323,000000,10.57,11.07,10.57,10.72,0,0
SPR_PB,D,20230324,000000,10.76,11.03,10.65,10.76,0,0
SPR_PB,D,20230327,000000,10.76,10.95,10.5,10.95,0,0
SPR_PB,D,20230328,000000,10.99,11.33,10.99,11.29,0,0
SPR_PB,D,20230329,000000,11.29,11.41,11.07,11.37,0,0
SPR_PB,D,20230330,000000,11.1,11.14,10.88,10.88,0,0
SPR_PB,D,20230331,000000,10.95,11.18,10.88,11.03,0,0
SPR_PB,D,20230403,000000,11.1,11.26,10.95,11.03,0,0
SPR_PB,D,20230404,000000,11.03,11.18,11.03,11.18,0,0
SPR_PB,D,20230405,000000,11.18,11.18,11.1,11.1,0,0
SPR_PB,D,20230406,000000,11.1,11.1,11.03,11.03,0,0
SPR_PB,D,20230411,000000,11.18,11.71,11.07,11.67,0,0
SPR_PB,D,20230412,000000,11.75,11.94,11.71,11.94,0,0
SPR_PB,D,20230413,000000,11.94,12.28,11.94,11.94,0,0
SPR_PB,D,20230414,000000,11.9,12.28,11.9,12.25,0,0
SPR_PB,D,20230417,000000,12.21,12.25,12.09,12.13,0,0
SPR_PB,D,20230418,000000,12.17,12.63,12.06,12.06,0,0
SPR_PB,D,20230419,000000,12.09,12.09,11.48,11.98,0,0
SPR_PB,D,20230420,000000,11.6,11.9,11.41,11.52,0,0
SPR_PB,D,20230421,000000,11.56,11.56,10.99,11.22,0,0
SPR_PB,D,20230424,000000,11.22,11.41,11.22,11.29,0,0
SPR_PB,D,20230425,000000,11.29,11.37,11.07,11.07,0,0
SPR_PB,D,20230426,000000,10.95,11.07,10.53,10.99,0,0
SPR_PB,D,20230427,000000,11.07,11.37,10.84,11.37,0,0
SPR_PB,D,20230428,000000,11.37,11.79,10.34,11.75,0,0
SPR_PB,D,20230502,000000,11.79,11.79,10.15,10.15,0,0
SPR_PB,D,20230504,000000,10.08,10.08,9.94,10.01,0,0
SPR_PB,D,20230505,000000,10.01,10.04,9.57,9.77,0,0
SPR_PB,D,20230508,000000,9.74,9.74,9.16,9.23,0,0
SPR_PB,D,20230509,000000,9.19,9.19,8.51,8.51,0,0
SPR_PB,D,20230510,000000,8.51,8.51,8.02,8.33,0,0
SPR_PB,D,20230511,000000,8.22,8.34,8.09,8.1,0,0
SPR_PB,D,20230512,000000,8.15,8.17,7.81,7.83,0,0
SPR_PB,D,20230515,000000,7.87,7.87,7.54,7.58,0,0
SPR_PB,D,20230516,000000,7.58,7.66,7.58,7.58,0,0
SPR_PB,D,20230517,000000,7.64,8.51,7.64,8.17,0,0
SPR_PB,D,20230518,000000,8.33,8.34,8.05,8.29,0,0
SPR_PB,D,20230519,000000,8.33,8.34,8.17,8.29,0,0
SPR_PB,D,20230522,000000,8.31,8.34,8.21,8.29,0,0
SPR_PB,D,20230523,000000,8.31,8.34,8.09,8.24,0,0
SPR_PB,D,20230524,000000,8,8,7.16,7.16,0,0
SPR_PB,D,20230525,000000,7.16,7.16,6.97,6.99,0,0
SPR_PB,D,20230526,000000,6.99,7.08,6.97,7.08,0,0
SPR_PB,D,20230529,000000,7.06,7.06,6.88,6.94,0,0
SPR_PB,D,20230530,000000,6.99,7.06,6.91,7.06,0,0
SPR_PB,D,20230531,000000,7.06,7.06,6.96,6.96,0,0
SPR_PB,D,20230601,000000,6.96,7.3,6.96,7.2,0,0
SPR_PB,D,20230602,000000,7.19,7.49,7.19,7.2,0,0
SPR_PB,D,20230605,000000,7.24,7.49,7.24,7.49,0,0
SPR_PB,D,20230606,000000,7.35,7.49,7.35,7.44,0,0
SPR_PB,D,20230607,000000,7.45,7.47,7.17,7.31,0,0
SPR_PB,D,20230609,000000,7.27,7.27,7.08,7.24,0,0
SPR_PB,D,20230612,000000,7.25,7.36,7.17,7.27,0,0
SPR_PB,D,20230613,000000,7.33,7.38,7.17,7.33,0,0
SPR_PB,D,20230614,000000,7.33,7.35,7.17,7.31,0,0
SPR_PB,D,20230615,000000,7.24,7.31,7.19,7.28,0,0
SPR_PB,D,20230616,000000,7.33,7.33,7.17,7.17,0,0
SPR_PB,D,20230619,000000,7.3,7.36,7.14,7.3,0,0
SPR_PB,D,20230620,000000,7.14,7.27,7.02,7.13,0,0
SPR_PB,D,20230621,000000,7.13,7.28,7.11,7.27,0,0
SPR_PB,D,20230622,000000,7.31,7.33,7.19,7.28,0,0
SPR_PB,D,20230623,000000,7.33,7.33,7.19,7.19,0,0
SPR_PB,D,20230626,000000,7.17,7.27,7.17,7.22,0,0
SPR_PB,D,20230627,000000,7.22,7.28,7.22,7.28,0,0
SPR_PB,D,20230628,000000,7.3,7.45,7.3,7.45,0,0
SPR_PB,D,20230629,000000,7.45,7.83,7.45,7.8,0,0
SPR_PB,D,20230630,000000,7.8,7.92,7.8,7.92,0,0
SPR_PB,D,20230703,000000,7.92,8.08,7.83,7.83,0,0
SPR_PB,D,20230704,000000,8.05,8.14,7.98,8.02,0,0
SPR_PB,D,20230705,000000,8.02,8.11,7.89,8.08,0,0
SPR_PB,D,20230706,000000,8.08,8.08,7.98,8.08,0,0
SPR_PB,D,20230707,000000,8.05,8.05,7.74,7.83,0,0
SPR_PB,D,20230710,000000,7.83,7.98,7.83,7.86,0,0
SPR_PB,D,20230711,000000,8.02,8.11,8.02,8.02,0,0
SPR_PB,D,20230712,000000,8.02,8.11,8.02,8.11,0,0
SPR_PB,D,20230713,000000,8.14,8.14,7.95,8.11,0,0
SPR_PB,D,20230714,000000,8.11,8.2,7.89,8.05,0,0
SPR_PB,D,20230717,000000,8.08,8.36,8.05,8.27,0,0
SPR_PB,D,20230718,000000,8.23,8.3,8.23,8.27,0,0
SPR_PB,D,20230719,000000,8.27,8.33,8.27,8.3,0,0
SPR_PB,D,20230720,000000,8.23,8.23,8.11,8.23,0,0
SPR_PB,D,20230721,000000,8.2,8.3,8.2,8.2,0,0
SPR_PB,D,20230724,000000,8.14,8.17,7.89,8.17,0,0
SPR_PB,D,20230725,000000,8.23,8.23,8.17,8.23,0,0
SPR_PB,D,20230726,000000,8.2,8.2,7.98,7.98,0,0
SPR_PB,D,20230727,000000,7.95,8.11,7.92,8.11,0,0
SPR_PB,D,20230728,000000,8.14,8.14,7.98,7.98,0,0
SPR_PB,D,20230731,000000,7.95,7.98,7.49,7.61,0,0
SPR_PB,D,20230801,000000,7.61,7.64,7.49,7.56,0,0
SPR_PB,D,20230802,000000,7.58,7.77,7.45,7.45,0,0
SPR_PB,D,20230803,000000,7.49,7.83,7.49,7.83,0,0
SPR_PB,D,20230804,000000,7.8,7.95,7.8,7.891,0,0
SPR_PB,D,20230807,000000,7.829,7.829,7.564,7.642,0,0
SPR_PB,D,20230808,000000,7.454,7.642,7.454,7.579,0,0
SPR_PB,D,20230809,000000,7.751,7.751,7.61,7.751,0,0
SPR_PB,D,20230810,000000,7.673,7.766,7.673,7.766,0,0
SPR_PB,D,20230811,000000,7.798,7.798,7.657,7.688,0,0
SPR_PB,D,20230814,000000,7.72,7.72,7.486,7.486,0,0
SPR_PB,D,20230816,000000,7.486,7.486,7.408,7.408,0,0
SPR_PB,D,20230817,000000,7.408,7.454,7.408,7.423,0,0
SPR_PB,D,20230818,000000,7.361,7.408,7.174,7.189,0,0
SPR_PB,D,20230821,000000,7.189,7.454,7.174,7.298,0,0
SPR_PB,D,20230822,000000,7.314,7.314,7.127,7.127,0,0
SPR_PB,D,20230823,000000,7.127,7.252,7.127,7.236,0,0
SPR_PB,D,20230824,000000,7.267,7.33,7.22,7.22,0,0
SPR_PB,D,20230825,000000,7.22,7.33,7.205,7.205,0,0
SPR_PB,D,20230828,000000,7.236,7.361,7.236,7.361,0,0
SPR_PB,D,20230829,000000,7.361,7.392,7.314,7.33,0,0
SPR_PB,D,20230830,000000,7.314,7.33,7.236,7.267,0,0
SPR_PB,D,20230831,000000,7.267,7.47,7.205,7.283,0,0
SPR_PB,D,20230901,000000,7.252,7.579,7.22,7.579,0,0
SPR_PB,D,20230904,000000,7.408,7.564,7.345,7.408,0,0
SPR_PB,D,20230905,000000,7.392,7.392,7.236,7.392,0,0
SPR_PB,D,20230906,000000,7.361,7.361,7.267,7.33,0,0
SPR_PB,D,20230907,000000,7.267,7.33,7.267,7.314,0,0
SPR_PB,D,20230908,000000,7.298,7.33,7.22,7.236,0,0
SPR_PB,D,20230911,000000,7.174,7.236,7.096,7.127,0,0
SPR_PB,D,20230912,000000,7.142,7.236,6.94,6.94,0,0
SPR_PB,D,20230913,000000,6.94,7.018,6.924,6.94,0,0
SPR_PB,D,20230914,000000,6.924,7.298,6.254,6.316,0,0
SPR_PB,D,20230915,000000,6.316,6.456,6.316,6.394,0,0
SPR_PB,D,20230918,000000,6.425,6.425,6.285,6.285,0,0
SPR_PB,D,20230919,000000,6.316,6.456,6.285,6.456,0,0
SPR_PB,D,20230920,000000,6.503,6.628,6.425,6.472,0,0
SPR_PB,D,20230921,000000,6.55,6.628,6.55,6.612,0,0
SPR_PB,D,20230922,000000,6.643,6.643,6.55,6.55,0,0
SPR_PB,D,20230925,000000,6.597,6.597,6.394,6.519,0,0
SPR_PB,D,20230926,000000,6.472,6.519,6.363,6.394,0,0
SPR_PB,D,20230927,000000,6.394,6.456,6.363,6.456,0,0
SPR_PB,D,20230928,000000,6.238,6.519,6.238,6.242,0,0
SPR_PB,D,20230929,000000,6.242,6.395,6.242,6.334,0,0
SPR_PB,D,20231002,000000,6.38,6.41,6.273,6.38,0,0
SPR_PB,D,20231003,000000,6.365,6.38,6.303,6.319,0,0
SPR_PB,D,20231004,000000,6.319,6.319,6.242,6.303,0,0
