<TICKER>,<PER>,<DATE>,<TIME>,<OPEN>,<HIGH>,<LOW>,<CLOSE>,<VOL>,<OPENINT>
STH_PE,D,20211210,000000,19.9851,19.9851,19.9851,19.9851,0,0
STH_PE,D,20211213,000000,20.6545,21.5151,20.6545,20.7501,0,0
STH_PE,D,20211214,000000,20.9414,20.9414,20.272,20.6545,0,0
STH_PE,D,20211215,000000,20.7501,20.7501,20.4632,20.4632,0,0
STH_PE,D,20211216,000000,20.6545,20.8458,20.4632,20.5588,0,0
STH_PE,D,20211217,000000,20.5588,20.6545,19.8895,20.1763,0,0
STH_PE,D,20211220,000000,19.8895,19.8895,19.4114,19.6026,0,0
STH_PE,D,20211221,000000,19.7939,20.272,19.507,20.1763,0,0
STH_PE,D,20211222,000000,20.1763,20.3676,20.0807,20.272,0,0
STH_PE,D,20211223,000000,20.3676,20.3676,19.507,20.3676,0,0
STH_PE,D,20211227,000000,20.3676,20.3676,19.7939,19.7939,0,0
STH_PE,D,20211228,000000,19.6983,20.1763,19.6983,20.1763,0,0
STH_PE,D,20211229,000000,19.8895,20.272,19.8895,20.1763,0,0
STH_PE,D,20211230,000000,20.1763,20.1763,19.7939,19.7939,0,0
STH_PE,D,20220103,000000,20.1763,20.1763,19.7939,19.8895,0,0
STH_PE,D,20220104,000000,19.9851,19.9851,19.6983,19.6983,0,0
STH_PE,D,20220105,000000,19.6983,19.6983,18.9332,18.9332,0,0
STH_PE,D,20220107,000000,18.9332,19.3158,18.742,19.2202,0,0
STH_PE,D,20220110,000000,19.2202,19.7939,19.1246,19.2202,0,0
STH_PE,D,20220111,000000,19.3158,19.6983,19.3158,19.507,0,0
STH_PE,D,20220112,000000,19.6983,20.1763,19.6983,20.1763,0,0
STH_PE,D,20220113,000000,20.1763,20.272,19.9851,19.9851,0,0
STH_PE,D,20220114,000000,19.9851,20.0807,19.7939,19.7939,0,0
STH_PE,D,20220117,000000,20.1763,20.1763,19.8895,20.0807,0,0
STH_PE,D,20220118,000000,20.1763,20.1763,19.6026,19.7939,0,0
STH_PE,D,20220119,000000,19.7939,19.7939,19.4114,19.6026,0,0
STH_PE,D,20220120,000000,19.6983,19.6983,19.3158,19.3158,0,0
STH_PE,D,20220121,000000,19.3158,20.0807,19.3158,20.0807,0,0
STH_PE,D,20220124,000000,20.0807,20.0807,19.2202,19.4114,0,0
STH_PE,D,20220125,000000,19.1246,19.4114,18.3595,18.3595,0,0
STH_PE,D,20220126,000000,18.2639,18.8376,17.9771,18.8376,0,0
STH_PE,D,20220127,000000,18.5508,18.8376,17.9771,18.3595,0,0
STH_PE,D,20220128,000000,18.0727,18.742,17.5946,18.742,0,0
STH_PE,D,20220131,000000,18.6464,18.742,17.9771,18.5508,0,0
STH_PE,D,20220201,000000,18.5508,18.5508,18.2639,18.2639,0,0
STH_PE,D,20220202,000000,18.2639,18.3595,17.9771,17.9771,0,0
STH_PE,D,20220203,000000,17.9771,17.9771,17.499,17.5946,0,0
STH_PE,D,20220204,000000,17.9771,17.9771,16.9252,16.9252,0,0
STH_PE,D,20220207,000000,17.0208,17.212,16.9252,17.1164,0,0
STH_PE,D,20220208,000000,17.0208,17.7858,17.0208,17.7858,0,0
STH_PE,D,20220209,000000,17.7858,17.7858,17.0208,17.212,0,0
STH_PE,D,20220210,000000,17.212,17.5946,17.1164,17.499,0,0
STH_PE,D,20220211,000000,17.212,17.5946,17.0208,17.5946,0,0
STH_PE,D,20220214,000000,17.212,17.212,16.8296,16.9252,0,0
STH_PE,D,20220215,000000,16.8296,17.1164,16.6383,16.7339,0,0
STH_PE,D,20220216,000000,16.5427,17.0208,15.5864,15.5864,0,0
STH_PE,D,20220217,000000,15.204,15.8734,14.6303,14.8215,0,0
STH_PE,D,20220218,000000,14.8215,15.4908,14.7259,15.0127,0,0
STH_PE,D,20220221,000000,15.204,15.8734,14.439,14.439,0,0
STH_PE,D,20220222,000000,14.439,15.4908,14.3434,15.3952,0,0
STH_PE,D,20220223,000000,15.5864,15.6821,14.5347,14.7259,0,0
STH_PE,D,20220224,000000,14.2478,14.2478,12.8134,13.0047,0,0
STH_PE,D,20220225,000000,13.7696,13.7696,13.1959,13.3871,0,0
STH_PE,D,20220228,000000,13.3871,13.7696,13.1003,13.7696,0,0
STH_PE,D,20220301,000000,13.7696,14.1522,13.1959,13.2915,0,0
STH_PE,D,20220302,000000,13.4828,13.674,12.8134,13.2915,0,0
STH_PE,D,20220303,000000,12.8134,13.4828,12.8134,13.1959,0,0
STH_PE,D,20220304,000000,13.2915,13.2915,12.431,12.6222,0,0
STH_PE,D,20220307,000000,11.6659,11.9528,11.4747,11.7616,0,0
STH_PE,D,20220308,000000,11.7616,12.0484,11.5703,11.7616,0,0
STH_PE,D,20220309,000000,11.9528,12.3353,11.6659,11.9528,0,0
STH_PE,D,20220310,000000,11.9528,13.8652,11.9528,13.8652,0,0
STH_PE,D,20220311,000000,13.9608,14.3434,13.1003,14.3434,0,0
STH_PE,D,20220314,000000,14.3434,14.7259,14.2478,14.3434,0,0
STH_PE,D,20220315,000000,14.5347,14.5347,13.4828,13.4828,0,0
STH_PE,D,20220316,000000,13.5784,14.0566,13.3871,14.0566,0,0
STH_PE,D,20220317,000000,14.0566,14.439,14.0566,14.3434,0,0
STH_PE,D,20220318,000000,14.5347,14.9171,14.2478,14.8215,0,0
STH_PE,D,20220321,000000,15.1084,15.2996,14.439,14.7259,0,0
STH_PE,D,20220322,000000,14.7259,14.7259,14.439,14.6303,0,0
STH_PE,D,20220323,000000,14.5347,14.6303,14.3434,14.6303,0,0
STH_PE,D,20220324,000000,14.5347,14.9171,14.2478,14.9171,0,0
STH_PE,D,20220325,000000,15.1084,15.1084,14.3434,14.3434,0,0
STH_PE,D,20220328,000000,14.439,14.439,13.9608,13.9608,0,0
STH_PE,D,20220329,000000,13.9608,14.5347,13.9608,13.9608,0,0
STH_PE,D,20220330,000000,15.1084,15.1084,14.439,14.5347,0,0
STH_PE,D,20220331,000000,14.5347,14.7259,14.3434,14.6303,0,0
STH_PE,D,20220401,000000,14.6303,15.0127,14.6303,14.7259,0,0
STH_PE,D,20220404,000000,14.9171,14.9171,14.5347,14.6303,0,0
STH_PE,D,20220405,000000,14.9171,14.9171,14.439,14.5347,0,0
STH_PE,D,20220406,000000,14.7259,14.7259,14.0566,14.2478,0,0
STH_PE,D,20220407,000000,13.9608,14.1522,13.674,13.8652,0,0
STH_PE,D,20220408,000000,13.5784,13.9608,13.2915,13.2915,0,0
STH_PE,D,20220411,000000,12.9091,13.4828,12.9091,13.1959,0,0
STH_PE,D,20220412,000000,13.1959,13.8652,13.1003,13.4828,0,0
STH_PE,D,20220413,000000,13.5784,13.5784,12.9091,12.9091,0,0
STH_PE,D,20220414,000000,13.2915,13.5784,13.0047,13.4828,0,0
STH_PE,D,20220419,000000,13.4828,14.0566,13.2915,13.8652,0,0
STH_PE,D,20220420,000000,13.8652,14.6303,13.8652,14.1522,0,0
STH_PE,D,20220421,000000,14.0566,14.3434,13.9608,13.9608,0,0
STH_PE,D,20220422,000000,13.9608,13.9608,13.4828,13.674,0,0
STH_PE,D,20220425,000000,13.8652,13.8652,13.1959,13.4828,0,0
STH_PE,D,20220426,000000,13.5784,13.5784,13.1959,13.3871,0,0
STH_PE,D,20220427,000000,13.3871,13.4828,13.0047,13.2915,0,0
STH_PE,D,20220428,000000,13.1003,13.1003,12.5266,12.6222,0,0
STH_PE,D,20220429,000000,12.7178,12.7178,12.2396,12.6222,0,0
STH_PE,D,20220502,000000,12.6222,12.6222,12.144,12.431,0,0
STH_PE,D,20220504,000000,12.7178,12.7178,12.0484,12.0484,0,0
STH_PE,D,20220505,000000,12.144,12.3353,11.5703,11.5703,0,0
STH_PE,D,20220506,000000,11.3791,11.7616,10.9966,11.7616,0,0
STH_PE,D,20220509,000000,11.9528,12.0484,11.4747,11.7616,0,0
STH_PE,D,20220510,000000,11.4747,11.4747,10.8054,10.901,0,0
STH_PE,D,20220511,000000,10.8054,10.8054,10.2316,10.5184,0,0
STH_PE,D,20220512,000000,10.3272,10.7097,9.9447,10.7097,0,0
STH_PE,D,20220513,000000,10.8054,10.8054,10.0404,10.4228,0,0
STH_PE,D,20220516,000000,10.2316,10.5184,10.136,10.2316,0,0
STH_PE,D,20220517,000000,10.2316,10.5184,10.2316,10.3272,0,0
STH_PE,D,20220518,000000,10.3272,10.6141,10.2316,10.4228,0,0
STH_PE,D,20220519,000000,10.136,13.8652,10.0404,13.8652,0,0
STH_PE,D,20220520,000000,14.1522,14.1522,13.674,13.9608,0,0
STH_PE,D,20220523,000000,14.439,14.8215,14.1522,14.8215,0,0
STH_PE,D,20220524,000000,14.8215,15.3952,14.2478,14.2478,0,0
STH_PE,D,20220525,000000,14.2478,14.8215,13.9608,14.5347,0,0
STH_PE,D,20220526,000000,14.7259,17.1164,14.5347,16.9252,0,0
STH_PE,D,20220527,000000,16.9252,17.3076,16.5427,16.7339,0,0
STH_PE,D,20220530,000000,16.8296,16.9252,16.5427,16.8296,0,0
STH_PE,D,20220531,000000,16.8296,17.7858,16.4471,16.5427,0,0
STH_PE,D,20220601,000000,16.5427,17.1164,16.0646,16.6383,0,0
STH_PE,D,20220602,000000,17.0208,17.0208,16.1602,16.8296,0,0
STH_PE,D,20220603,000000,17.0208,17.499,16.6383,17.0208,0,0
STH_PE,D,20220606,000000,17.1164,17.212,16.7339,17.212,0,0
STH_PE,D,20220607,000000,17.0208,17.212,16.4471,16.6383,0,0
STH_PE,D,20220608,000000,17.0208,17.0208,15.8734,16.0646,0,0
STH_PE,D,20220609,000000,16.0646,16.2559,15.6821,16.2559,0,0
STH_PE,D,20220610,000000,16.2559,16.2559,15.7778,15.7778,0,0
STH_PE,D,20220613,000000,16.1602,16.1602,15.6821,15.8734,0,0
STH_PE,D,20220614,000000,15.8734,16.2559,15.5864,15.5864,0,0
STH_PE,D,20220615,000000,15.7778,16.0646,15.204,16.0646,0,0
STH_PE,D,20220617,000000,15.7778,16.8296,15.7778,16.8296,0,0
STH_PE,D,20220620,000000,16.7339,16.7339,15.969,16.2559,0,0
STH_PE,D,20220621,000000,16.6383,16.9252,16.3515,16.7339,0,0
STH_PE,D,20220622,000000,16.7339,17.212,16.4471,17.212,0,0
STH_PE,D,20220623,000000,17.212,17.6902,16.7339,17.212,0,0
STH_PE,D,20220624,000000,17.3076,17.5946,17.212,17.212,0,0
STH_PE,D,20220627,000000,17.3076,17.4034,16.7339,17.212,0,0
STH_PE,D,20220628,000000,17.212,17.3076,16.7339,16.9252,0,0
STH_PE,D,20220629,000000,16.9252,16.9252,16.0646,16.9252,0,0
STH_PE,D,20220630,000000,16.9252,16.9252,16.4471,16.6383,0,0
STH_PE,D,20220701,000000,16.6383,16.7339,16.1602,16.4471,0,0
STH_PE,D,20220704,000000,16.8296,16.8296,16.0646,16.4471,0,0
STH_PE,D,20220705,000000,16.6383,16.6383,15.2996,16.0646,0,0
STH_PE,D,20220706,000000,16.0646,16.4471,15.1084,15.1084,0,0
STH_PE,D,20220707,000000,15.7778,16.1602,15.3952,15.8734,0,0
STH_PE,D,20220708,000000,15.969,16.4471,15.7778,15.8734,0,0
STH_PE,D,20220711,000000,15.8734,15.969,15.2996,15.4908,0,0
STH_PE,D,20220712,000000,15.4908,15.969,15.2996,15.969,0,0
STH_PE,D,20220713,000000,16.0646,16.0646,15.2996,15.3952,0,0
STH_PE,D,20220714,000000,15.6821,15.8734,15.3952,15.6821,0,0
STH_PE,D,20220715,000000,15.7778,15.7778,14.6303,15.3952,0,0
STH_PE,D,20220718,000000,15.5864,15.5864,15.1084,15.204,0,0
STH_PE,D,20220719,000000,15.4908,15.4908,15.0127,15.204,0,0
STH_PE,D,20220720,000000,15.2996,15.4908,15.0127,15.204,0,0
STH_PE,D,20220721,000000,15.2996,15.2996,15.0127,15.1084,0,0
STH_PE,D,20220722,000000,15.1084,15.3952,14.9171,15.1084,0,0
STH_PE,D,20220725,000000,15.2996,15.2996,14.8215,14.8215,0,0
STH_PE,D,20220726,000000,15.0127,15.0127,14.8215,15.0127,0,0
STH_PE,D,20220727,000000,14.9171,15.2996,14.7259,15.2996,0,0
STH_PE,D,20220728,000000,15.2996,17.4034,15.2996,17.1164,0,0
STH_PE,D,20220729,000000,16.9252,17.3076,16.6383,16.9252,0,0
STH_PE,D,20220801,000000,17.1164,17.1164,16.4471,17.0208,0,0
STH_PE,D,20220802,000000,17.0208,17.212,16.5427,16.5427,0,0
STH_PE,D,20220803,000000,16.2559,17.212,16.0646,17.1164,0,0
STH_PE,D,20220804,000000,17.1164,17.1164,16.6383,16.9252,0,0
STH_PE,D,20220805,000000,17.0208,17.1164,16.2559,16.7339,0,0
STH_PE,D,20220808,000000,16.6383,16.9252,16.3515,16.6383,0,0
STH_PE,D,20220809,000000,16.6383,16.7339,16.1602,16.3515,0,0
STH_PE,D,20220810,000000,16.3515,17.0208,16.1602,16.2559,0,0
STH_PE,D,20220811,000000,16.3515,16.9252,16.3515,16.9252,0,0
STH_PE,D,20220812,000000,17.7484,18.0426,17.3562,17.4542,0,0
STH_PE,D,20220816,000000,17.9445,18.8271,17.4542,18.4348,0,0
STH_PE,D,20220817,000000,18.8271,19.0232,18.3368,18.8271,0,0
STH_PE,D,20220818,000000,18.8271,19.2193,18.5329,19.1212,0,0
STH_PE,D,20220819,000000,18.9251,18.9251,18.1406,18.6309,0,0
STH_PE,D,20220822,000000,18.5329,18.5329,17.8465,18.5329,0,0
STH_PE,D,20220823,000000,18.3368,18.5329,18.0426,18.5329,0,0
STH_PE,D,20220824,000000,18.0426,18.5329,18.0426,18.1406,0,0
STH_PE,D,20220825,000000,18.1406,18.5329,17.8465,17.8465,0,0
STH_PE,D,20220826,000000,18.3368,18.4348,18.0426,18.2387,0,0
STH_PE,D,20220829,000000,18.5329,18.5329,18.1406,18.1406,0,0
STH_PE,D,20220830,000000,18.4348,18.8271,18.1406,18.3368,0,0
STH_PE,D,20220831,000000,18.3368,18.6309,17.7484,17.8465,0,0
STH_PE,D,20220901,000000,17.8465,18.2387,16.7678,16.8659,0,0
STH_PE,D,20220902,000000,16.6698,16.8659,15.8853,16.1795,0,0
STH_PE,D,20220905,000000,16.0814,16.8659,16.0814,16.4737,0,0
STH_PE,D,20220906,000000,16.8659,16.8659,16.0814,16.2776,0,0
STH_PE,D,20220907,000000,16.4737,16.964,15.8853,16.964,0,0
STH_PE,D,20220908,000000,17.1601,17.3562,16.964,17.062,0,0
STH_PE,D,20220909,000000,17.2581,17.6504,17.2581,17.4542,0,0
STH_PE,D,20220912,000000,17.6504,17.6504,16.8659,17.4542,0,0
STH_PE,D,20220913,000000,17.6504,17.8465,17.3562,17.4542,0,0
STH_PE,D,20220914,000000,17.7484,17.7484,17.3562,17.4542,0,0
STH_PE,D,20220915,000000,17.062,17.6504,17.062,17.5523,0,0
STH_PE,D,20220916,000000,17.5523,21.4746,16.8659,21.4746,0,0
STH_PE,D,20220919,000000,21.3765,21.5727,21.0824,21.3765,0,0
STH_PE,D,20220920,000000,20.8863,21.4746,20.5921,20.5921,0,0
STH_PE,D,20220921,000000,20.5921,20.8863,20.1999,20.494,0,0
STH_PE,D,20220922,000000,20.396,20.8863,19.7096,20.494,0,0
STH_PE,D,20220923,000000,20.8863,20.8863,19.8076,20.2979,0,0
STH_PE,D,20220926,000000,20.396,20.8863,20.0037,20.1999,0,0
STH_PE,D,20220927,000000,20.6901,20.6901,20.0037,20.0037,0,0
STH_PE,D,20220928,000000,20.0037,20.6901,20.0037,20.2979,0,0
STH_PE,D,20220929,000000,20.494,20.494,18.729,18.729,0,0
STH_PE,D,20220930,000000,18.729,20.396,18.4348,19.9057,0,0
STH_PE,D,20221003,000000,19.7096,20.396,19.7096,20.1018,0,0
STH_PE,D,20221004,000000,20.1018,20.7882,19.8076,20.2979,0,0
STH_PE,D,20221005,000000,20.396,21.0824,19.6115,19.6115,0,0
STH_PE,D,20221006,000000,19.8076,20.494,19.8076,20.1999,0,0
STH_PE,D,20221007,000000,20.1999,20.1999,20.0037,20.0037,0,0
STH_PE,D,20221010,000000,20.1999,20.1999,19.9057,20.1018,0,0
STH_PE,D,20221011,000000,20.1018,20.1999,19.3173,19.9057,0,0
STH_PE,D,20221012,000000,20.1999,20.2979,19.6115,19.8076,0,0
STH_PE,D,20221013,000000,19.7096,20.396,19.4154,19.4154,0,0
STH_PE,D,20221014,000000,19.9057,20.2979,19.4154,19.5135,0,0
STH_PE,D,20221017,000000,19.9057,20.1999,19.4154,19.7096,0,0
STH_PE,D,20221018,000000,20.0037,20.396,19.9057,20.0037,0,0
STH_PE,D,20221019,000000,20.0037,20.1999,19.8076,20.1999,0,0
STH_PE,D,20221020,000000,20.1999,20.494,20.0037,20.0037,0,0
STH_PE,D,20221021,000000,19.8,20.5,18.6,18.6,0,0
STH_PE,D,20221024,000000,19.3,20.8,19.3,20.4,0,0
STH_PE,D,20221025,000000,20.4,20.6,20.1,20.2,0,0
STH_PE,D,20221026,000000,20.2,20.3,20,20.2,0,0
STH_PE,D,20221027,000000,20.3,20.3,20,20.2,0,0
STH_PE,D,20221028,000000,20.3,20.6,20.1,20.3,0,0
STH_PE,D,20221031,000000,20.7,20.7,20.2,20.2,0,0
STH_PE,D,20221102,000000,20.2,20.3,20,20.2,0,0
STH_PE,D,20221103,000000,20.1,20.4,20,20.2,0,0
STH_PE,D,20221104,000000,20.3,20.6,20.2,20.3,0,0
STH_PE,D,20221107,000000,20.6,21.5,20.6,21.3,0,0
STH_PE,D,20221108,000000,21.3,22.8,20.8,22.8,0,0
STH_PE,D,20221109,000000,23.1,23.4,22.6,22.6,0,0
STH_PE,D,20221110,000000,22.9,23.3,21.9,23.1,0,0
STH_PE,D,20221114,000000,23.4,24.1,23.2,24.1,0,0
STH_PE,D,20221115,000000,24.1,24.1,23.2,23.9,0,0
STH_PE,D,20221116,000000,23.6,24.1,23.6,24,0,0
STH_PE,D,20221117,000000,24,24.9,23.8,24.8,0,0
STH_PE,D,20221118,000000,24.8,25.3,24.8,24.8,0,0
STH_PE,D,20221121,000000,24.9,24.9,23.7,24.1,0,0
STH_PE,D,20221122,000000,24.1,24.9,24,24.4,0,0
STH_PE,D,20221123,000000,24.5,24.7,23.2,23.4,0,0
STH_PE,D,20221124,000000,23.9,25.4,23.8,25.4,0,0
STH_PE,D,20221125,000000,25.4,25.6,21.5,21.5,0,0
STH_PE,D,20221128,000000,21.6,21.6,21.4,21.6,0,0
STH_PE,D,20221129,000000,21.6,21.9,21.3,21.9,0,0
STH_PE,D,20221130,000000,22.1,22.1,21.2,21.8,0,0
STH_PE,D,20221201,000000,22,22,21.4,21.9,0,0
STH_PE,D,20221202,000000,21.8,22.2,21.6,22.1,0,0
STH_PE,D,20221205,000000,22.1,22.1,20.8,21.3,0,0
STH_PE,D,20221206,000000,21.1,21.3,20.9,20.9,0,0
STH_PE,D,20221207,000000,20.8,21.3,20.7,21.3,0,0
STH_PE,D,20221208,000000,21.3,21.3,20.4,20.6,0,0
STH_PE,D,20221209,000000,20.5,21,20.5,21,0,0
STH_PE,D,20221212,000000,21.1,22.2,21,22.2,0,0
STH_PE,D,20221213,000000,22.2,22.3,21.8,22.2,0,0
STH_PE,D,20221214,000000,22.3,22.3,21.9,22.2,0,0
STH_PE,D,20221215,000000,21.7,22.3,21.3,22.3,0,0
STH_PE,D,20221216,000000,22.3,22.4,21.6,22.4,0,0
STH_PE,D,20221219,000000,22.3,22.3,21,21.1,0,0
STH_PE,D,20221220,000000,20.8,22,20.8,21.8,0,0
STH_PE,D,20221221,000000,21.9,21.9,21.4,21.6,0,0
STH_PE,D,20221222,000000,21.7,22.3,21.4,21.8,0,0
STH_PE,D,20221223,000000,21.7,22,21.4,21.8,0,0
STH_PE,D,20221227,000000,21.9,21.9,21.5,21.8,0,0
STH_PE,D,20221228,000000,21.5,21.8,21.2,21.8,0,0
STH_PE,D,20221229,000000,21.8,22,21.4,21.8,0,0
STH_PE,D,20221230,000000,21.5,21.8,21.5,21.5,0,0
STH_PE,D,20230102,000000,21.3,21.7,21.3,21.7,0,0
STH_PE,D,20230103,000000,21.8,22.2,21.5,22.2,0,0
STH_PE,D,20230104,000000,22.2,23,22.1,22.7,0,0
STH_PE,D,20230105,000000,22.7,22.8,22.4,22.8,0,0
STH_PE,D,20230109,000000,22.9,22.9,22.3,22.4,0,0
STH_PE,D,20230110,000000,22.4,23.3,22.3,23,0,0
STH_PE,D,20230111,000000,23,23.4,22.6,23,0,0
STH_PE,D,20230112,000000,23,23.2,22.7,22.9,0,0
STH_PE,D,20230113,000000,23,23.2,22.5,23.2,0,0
STH_PE,D,20230116,000000,22.6,22.6,21.7,22.3,0,0
STH_PE,D,20230117,000000,21.8,21.8,21.1,21.2,0,0
STH_PE,D,20230118,000000,20.8,21.2,20.8,21,0,0
STH_PE,D,20230119,000000,20.9,21.1,20.4,20.7,0,0
STH_PE,D,20230120,000000,21,21,20.5,20.8,0,0
STH_PE,D,20230123,000000,20.7,21.1,20.6,20.8,0,0
STH_PE,D,20230124,000000,20.8,21.4,20.8,20.9,0,0
STH_PE,D,20230125,000000,21.1,21.3,20.8,21,0,0
STH_PE,D,20230126,000000,21.2,21.6,20.9,21.4,0,0
STH_PE,D,20230127,000000,21.7,21.8,21.2,21.2,0,0
STH_PE,D,20230130,000000,21.4,21.4,20.9,21.1,0,0
STH_PE,D,20230131,000000,21.2,21.3,20.8,21.1,0,0
STH_PE,D,20230201,000000,21.4,21.4,20.6,21,0,0
STH_PE,D,20230202,000000,21.1,21.6,20.8,21.5,0,0
STH_PE,D,20230203,000000,21.3,22.1,21,22.1,0,0
STH_PE,D,20230206,000000,22.1,22.1,21.4,21.9,0,0
STH_PE,D,20230207,000000,21.8,21.8,20.9,20.9,0,0
STH_PE,D,20230208,000000,20.9,21.1,20.7,20.7,0,0
STH_PE,D,20230209,000000,20.9,20.9,20.4,20.6,0,0
STH_PE,D,20230210,000000,20.9,20.9,19.8,19.9,0,0
STH_PE,D,20230213,000000,19.9,20.8,19.9,20.8,0,0
STH_PE,D,20230214,000000,20.9,21.3,20.8,21.2,0,0
STH_PE,D,20230215,000000,21.2,21.5,21,21.3,0,0
STH_PE,D,20230216,000000,21.5,21.8,21.2,21.5,0,0
STH_PE,D,20230217,000000,21.7,21.7,21.1,21.3,0,0
STH_PE,D,20230220,000000,21.2,21.6,21.2,21.6,0,0
STH_PE,D,20230221,000000,21.7,21.7,21,21.2,0,0
STH_PE,D,20230222,000000,21.2,21.2,20.8,20.9,0,0
STH_PE,D,20230223,000000,21.1,21.1,20.8,21.1,0,0
STH_PE,D,20230224,000000,21.1,21.2,20.8,20.9,0,0
STH_PE,D,20230227,000000,20.9,21.3,20.8,21.2,0,0
STH_PE,D,20230228,000000,21.3,22,21,22,0,0
STH_PE,D,20230301,000000,22.5,22.5,21.3,21.5,0,0
STH_PE,D,20230302,000000,21.4,21.5,21,21.2,0,0
STH_PE,D,20230303,000000,21.4,21.7,21.2,21.7,0,0
STH_PE,D,20230306,000000,21.7,21.9,21.4,21.5,0,0
STH_PE,D,20230307,000000,21.8,22.1,21.6,21.8,0,0
STH_PE,D,20230308,000000,22,22.4,21.9,22.1,0,0
STH_PE,D,20230309,000000,22.1,22.8,21.8,22.2,0,0
STH_PE,D,20230310,000000,22.2,22.3,22,22.3,0,0
STH_PE,D,20230313,000000,22.4,22.4,21.5,21.8,0,0
STH_PE,D,20230314,000000,21.8,21.9,21.5,21.6,0,0
STH_PE,D,20230315,000000,21.6,22.1,21.3,21.7,0,0
STH_PE,D,20230316,000000,21.9,22.3,21.5,21.8,0,0
STH_PE,D,20230317,000000,21.9,22.7,21.9,22.7,0,0
STH_PE,D,20230320,000000,22.7,22.7,22.2,22.3,0,0
STH_PE,D,20230321,000000,22.3,23,22.3,22.7,0,0
STH_PE,D,20230322,000000,22.5,22.6,22.3,22.4,0,0
STH_PE,D,20230323,000000,22.8,22.8,16.7,16.7,0,0
STH_PE,D,20230324,000000,16.7,16.7,16.3,16.7,0,0
STH_PE,D,20230327,000000,16.6,16.8,16.6,16.6,0,0
STH_PE,D,20230328,000000,16.6,16.9,16.6,16.7,0,0
STH_PE,D,20230329,000000,17,17.2,16.7,17.1,0,0
STH_PE,D,20230330,000000,17.2,17.2,17,17.1,0,0
STH_PE,D,20230331,000000,17.2,17.2,16.9,17,0,0
STH_PE,D,20230403,000000,17,17.2,16.9,17.1,0,0
STH_PE,D,20230404,000000,17.1,18.2,17,18,0,0
STH_PE,D,20230405,000000,17.9,17.9,17.4,17.5,0,0
STH_PE,D,20230406,000000,17.5,17.6,17.3,17.6,0,0
STH_PE,D,20230411,000000,17.7,18,17.6,17.9,0,0
STH_PE,D,20230412,000000,18,18.4,17.3,18.4,0,0
STH_PE,D,20230413,000000,18.4,18.4,18.2,18.4,0,0
STH_PE,D,20230414,000000,18.4,18.6,18.2,18.5,0,0
STH_PE,D,20230417,000000,18.5,19.6,18.3,18.8,0,0
STH_PE,D,20230418,000000,18.6,18.9,18.6,18.8,0,0
STH_PE,D,20230419,000000,18.8,18.9,18.4,18.8,0,0
STH_PE,D,20230420,000000,18.6,18.8,18.5,18.6,0,0
STH_PE,D,20230421,000000,18.7,18.7,18.3,18.4,0,0
STH_PE,D,20230424,000000,18.4,18.5,17.8,17.9,0,0
STH_PE,D,20230425,000000,17.9,18.3,17.9,18.3,0,0
STH_PE,D,20230426,000000,18.1,18.4,18,18.3,0,0
STH_PE,D,20230427,000000,18.3,19,18.2,18.9,0,0
STH_PE,D,20230428,000000,19,19,18.6,18.8,0,0
STH_PE,D,20230502,000000,19.1,19.1,18.7,19,0,0
STH_PE,D,20230504,000000,19,19,18.3,18.3,0,0
STH_PE,D,20230505,000000,18.9,18.9,18.1,18.3,0,0
STH_PE,D,20230508,000000,18.5,18.7,18.2,18.3,0,0
STH_PE,D,20230509,000000,18.4,18.4,18.2,18.3,0,0
STH_PE,D,20230510,000000,18.3,18.3,18.2,18.3,0,0
STH_PE,D,20230511,000000,18.4,18.4,18.2,18.3,0,0
STH_PE,D,20230512,000000,18.3,18.6,18.2,18.5,0,0
STH_PE,D,20230515,000000,18.6,18.7,18.1,18.6,0,0
STH_PE,D,20230516,000000,18.2,18.8,18.2,18.8,0,0
STH_PE,D,20230517,000000,18.5,19.3,18.4,19.2,0,0
STH_PE,D,20230518,000000,19.3,19.3,17.9,18.1,0,0
STH_PE,D,20230519,000000,18.1,18.7,17.6,17.6,0,0
STH_PE,D,20230522,000000,17.6,17.8,17.4,17.6,0,0
STH_PE,D,20230523,000000,17.6,17.6,17.2,17.5,0,0
STH_PE,D,20230524,000000,17.5,17.5,17.2,17.4,0,0
STH_PE,D,20230525,000000,17.5,17.5,17.2,17.3,0,0
STH_PE,D,20230526,000000,17.4,17.8,17.4,17.6,0,0
STH_PE,D,20230529,000000,17.7,17.7,17.5,17.6,0,0
STH_PE,D,20230530,000000,17.8,17.9,17.6,17.8,0,0
STH_PE,D,20230531,000000,17.8,17.8,17.3,17.4,0,0
STH_PE,D,20230601,000000,17.2,18.4,17.2,18,0,0
STH_PE,D,20230602,000000,17.9,18.4,17.8,17.8,0,0
STH_PE,D,20230605,000000,17.8,18,17.5,17.8,0,0
STH_PE,D,20230606,000000,17.9,17.9,17.7,17.8,0,0
STH_PE,D,20230607,000000,17.8,17.8,17.4,17.5,0,0
STH_PE,D,20230609,000000,17.8,17.9,17.5,17.9,0,0
STH_PE,D,20230612,000000,17.9,18.4,17.9,18.3,0,0
STH_PE,D,20230613,000000,18.3,19,17.9,19,0,0
STH_PE,D,20230614,000000,21.3,21.4,21.1,21.2,0,0
STH_PE,D,20230615,000000,21.2,21.4,21.1,21.3,0,0
STH_PE,D,20230616,000000,21.2,21.3,21.2,21.3,0,0
STH_PE,D,20230619,000000,21.2,21.3,21.2,21.2,0,0
STH_PE,D,20230620,000000,21.2,21.2,21.2,21.2,0,0
STH_PE,D,20230621,000000,21.2,21.2,21.2,21.2,0,0
STH_PE,D,20230622,000000,21.2,21.3,21.2,21.2,0,0
STH_PE,D,20230623,000000,21.2,21.2,21.2,21.2,0,0
STH_PE,D,20230626,000000,21.2,21.3,21.2,21.3,0,0
STH_PE,D,20230627,000000,21.3,21.3,21.2,21.2,0,0
STH_PE,D,20230628,000000,21.2,21.3,21.2,21.3,0,0
STH_PE,D,20230629,000000,21.3,21.6,21.3,21.6,0,0
STH_PE,D,20230630,000000,21.4,21.5,21.3,21.4,0,0
STH_PE,D,20230703,000000,21.4,21.4,21.4,21.4,0,0
STH_PE,D,20230704,000000,21.4,21.5,21.3,21.5,0,0
STH_PE,D,20230705,000000,21.4,21.5,21.4,21.4,0,0
STH_PE,D,20230706,000000,21.4,21.4,21.3,21.4,0,0
STH_PE,D,20230707,000000,21.4,21.6,21.4,21.6,0,0
STH_PE,D,20230710,000000,21.6,21.6,21.5,21.5,0,0
STH_PE,D,20230711,000000,21.5,21.5,21.5,21.5,0,0
STH_PE,D,20230712,000000,21.5,21.6,21.5,21.6,0,0
STH_PE,D,20230713,000000,21.6,21.9,21.6,21.6,0,0
STH_PE,D,20230714,000000,21.6,21.7,21.6,21.7,0,0
STH_PE,D,20230717,000000,21.7,21.7,21.6,21.7,0,0
STH_PE,D,20230718,000000,21.7,21.7,21.7,21.7,0,0
STH_PE,D,20230719,000000,21.7,21.7,21.6,21.6,0,0
STH_PE,D,20230720,000000,21.6,21.7,21.6,21.7,0,0
STH_PE,D,20230721,000000,21.7,21.7,21.6,21.7,0,0
STH_PE,D,20230724,000000,21.7,21.9,21.7,21.7,0,0
STH_PE,D,20230725,000000,21.7,21.7,21.7,21.7,0,0
STH_PE,D,20230726,000000,21.7,21.7,21.7,21.7,0,0
STH_PE,D,20230727,000000,21.7,21.7,21.6,21.6,0,0
STH_PE,D,20230728,000000,21.7,21.7,21.6,21.7,0,0
STH_PE,D,20230731,000000,21.7,21.7,21.6,21.6,0,0
STH_PE,D,20230801,000000,21.6,21.7,21.6,21.7,0,0
STH_PE,D,20230802,000000,21.7,21.7,21.6,21.7,0,0
STH_PE,D,20230803,000000,21.7,21.7,21.7,21.7,0,0
STH_PE,D,20230804,000000,21.7,21.74,21.657,21.7,0,0
STH_PE,D,20230807,000000,21.657,21.745,21.657,21.7,0,0
STH_PE,D,20230808,000000,21.701,21.833,21.701,21.8,0,0
STH_PE,D,20230809,000000,21.756,21.756,21.668,21.7,0,0
STH_PE,D,20230810,000000,21.701,21.8,21.657,21.8,0,0
STH_PE,D,20230811,000000,21.756,21.844,21.668,21.7,0,0
STH_PE,D,20230814,000000,21.569,21.745,21.525,21.7,0,0
STH_PE,D,20230816,000000,21.436,21.657,20.642,21,0,0
STH_PE,D,20230817,000000,20.604,21.8,20.604,21.8,0,0
STH_PE,D,20230818,000000,21.845,21.845,21.447,21.8,0,0
STH_PE,D,20230821,000000,21.58,21.801,21.447,21.5,0,0
STH_PE,D,20230822,000000,21.544,21.72,21.544,21.6,0,0
STH_PE,D,20230823,000000,21.643,21.643,21.292,21.6,0,0
STH_PE,D,20230824,000000,21.601,21.645,21.557,21.6,0,0
STH_PE,D,20230825,000000,21.643,21.731,21.555,21.7,0,0
STH_PE,D,20230828,000000,21.701,21.745,21.657,21.7,0,0
STH_PE,D,20230829,000000,21.745,21.745,21.657,21.7,0,0
STH_PE,D,20230830,000000,21.701,21.745,21.657,21.7,0,0
STH_PE,D,20230831,000000,21.657,21.745,21.6,21.6,0,0
STH_PE,D,20230901,000000,21.556,21.731,21.556,21.6,0,0
STH_PE,D,20230904,000000,21.556,21.8,21.556,21.8,0,0
STH_PE,D,20230905,000000,21.801,21.801,21.7,21.7,0,0
STH_PE,D,20230906,000000,21.745,21.745,21.613,21.7,0,0
STH_PE,D,20230907,000000,21.701,21.701,21.613,21.7,0,0
STH_PE,D,20230908,000000,21.745,21.745,18.9,18.9,0,0
STH_PE,D,20230911,000000,18.823,19,18.785,19,0,0
STH_PE,D,20230912,000000,18.885,18.962,18.885,18.9,0,0
STH_PE,D,20230913,000000,18.938,18.938,18.823,18.9,0,0
STH_PE,D,20230914,000000,18.938,18.977,18.9,18.9,0,0
STH_PE,D,20230915,000000,18.938,18.938,18.861,18.9,0,0
STH_PE,D,20230918,000000,18.9,18.9,18.861,18.9,0,0
STH_PE,D,20230919,000000,18.9,18.9,18.861,18.9,0,0
STH_PE,D,20230920,000000,18.9,18.9,18.823,18.9,0,0
STH_PE,D,20230921,000000,18.938,18.938,18.861,18.9,0,0
STH_PE,D,20230922,000000,18.861,18.9,18.861,18.9,0,0
STH_PE,D,20230925,000000,18.823,18.9,18.785,18.9,0,0
STH_PE,D,20230926,000000,18.938,18.938,18.823,18.9,0,0
STH_PE,D,20230927,000000,18.9,18.9,18.823,18.9,0,0
STH_PE,D,20230928,000000,18.938,18.977,18.9,18.9,0,0
STH_PE,D,20230929,000000,18.9,18.939,18.9,18.9,0,0
STH_PE,D,20231002,000000,18.9,18.939,18.9,18.9,0,0
STH_PE,D,20231003,000000,18.9,18.9,18.861,18.9,0,0
STH_PE,D,20231004,000000,18.861,18.9,18.785,18.9,0,0
