<TICKER>,<PER>,<DATE>,<TIME>,<OPEN>,<HIGH>,<LOW>,<CLOSE>,<VOL>,<OPENINT>
TEN_PE,D,20180511,000000,42.9435,42.9435,42.9435,42.9435,0,0
TEN_PE,D,20180514,000000,55.9237,59.6086,46.2287,46.2287,0,0
TEN_PE,D,20180515,000000,46.1481,46.1481,40.7006,42.9435,0,0
TEN_PE,D,20180516,000000,43.9849,44.1461,41.9031,44.1461,0,0
TEN_PE,D,20180517,000000,44.3056,44.3056,40.861,40.861,0,0
TEN_PE,D,20180518,000000,40.861,42.6236,40.5401,40.861,0,0
TEN_PE,D,20180521,000000,41.5815,43.5843,41.5815,42.1425,0,0
TEN_PE,D,20180522,000000,43.3441,43.3441,42.3028,42.863,0,0
TEN_PE,D,20180523,000000,42.9435,42.9435,40.861,42.3028,0,0
TEN_PE,D,20180524,000000,42.3028,42.3028,41.5008,42.2222,0,0
TEN_PE,D,20180525,000000,42.2222,42.2222,41.1809,41.9031,0,0
TEN_PE,D,20180528,000000,42.0626,44.3056,41.9031,44.3056,0,0
TEN_PE,D,20180529,000000,48.4717,49.3526,45.8281,46.6293,0,0
TEN_PE,D,20180530,000000,44.9464,45.6678,30.7662,30.7662,0,0
TEN_PE,D,20180601,000000,30.7662,31.6463,30.3648,31.4867,0,0
TEN_PE,D,20180604,000000,31.967,34.3714,31.967,34.2907,0,0
TEN_PE,D,20180605,000000,35.1724,38.377,35.1724,38.377,0,0
TEN_PE,D,20180606,000000,39.2578,42.7831,38.9371,39.0186,0,0
TEN_PE,D,20180607,000000,40.059,41.1809,38.1368,40.861,0,0
TEN_PE,D,20180608,000000,40.62,41.3413,39.6584,40.7803,0,0
TEN_PE,D,20180611,000000,41.5815,41.5815,37.1744,39.0983,0,0
TEN_PE,D,20180612,000000,39.6584,39.9792,39.1781,39.5786,0,0
TEN_PE,D,20180613,000000,39.8196,39.8196,38.6172,39.0186,0,0
TEN_PE,D,20180614,000000,38.377,40.861,37.4952,40.62,0,0
TEN_PE,D,20180615,000000,40.7006,40.7006,39.8994,40.3798,0,0
TEN_PE,D,20180618,000000,40.3,40.3,39.4182,39.8196,0,0
TEN_PE,D,20180619,000000,39.4182,39.4182,37.8966,38.6172,0,0
TEN_PE,D,20180620,000000,38.377,38.7775,36.9351,37.8966,0,0
TEN_PE,D,20180621,000000,37.8966,37.9772,35.5722,35.9736,0,0
TEN_PE,D,20180622,000000,35.7325,36.4539,35.7325,35.8938,0,0
TEN_PE,D,20180625,000000,36.0533,39.3377,35.1724,38.2166,0,0
TEN_PE,D,20180626,000000,38.2972,38.6172,36.9351,37.8966,0,0
TEN_PE,D,20180627,000000,37.4952,37.8966,36.9351,37.0148,0,0
TEN_PE,D,20180628,000000,36.7747,37.8966,36.6941,37.8966,0,0
TEN_PE,D,20180629,000000,37.0148,37.8966,37.0148,37.4154,0,0
TEN_PE,D,20180702,000000,37.4154,38.4576,37.4154,38.377,0,0
TEN_PE,D,20180703,000000,38.377,38.377,37.6556,38.1368,0,0
TEN_PE,D,20180704,000000,38.377,39.3377,37.9772,38.1368,0,0
TEN_PE,D,20180705,000000,38.2166,40.059,38.1368,39.6584,0,0
TEN_PE,D,20180706,000000,39.8994,40.3798,39.4182,39.4182,0,0
TEN_PE,D,20180709,000000,39.8196,39.8994,38.6977,39.2578,0,0
TEN_PE,D,20180710,000000,39.3377,43.2635,39.1781,42.1425,0,0
TEN_PE,D,20180711,000000,42.863,42.863,41.8225,42.0626,0,0
TEN_PE,D,20180712,000000,42.3835,42.543,41.8225,42.2222,0,0
TEN_PE,D,20180713,000000,42.3028,42.3028,41.8225,42.0626,0,0
TEN_PE,D,20180716,000000,42.543,42.7831,41.9829,42.0626,0,0
TEN_PE,D,20180717,000000,42.0626,42.0626,40.9407,41.662,0,0
TEN_PE,D,20180718,000000,41.8225,41.8225,40.62,41.1003,0,0
TEN_PE,D,20180719,000000,41.1003,41.3413,40.3798,40.861,0,0
TEN_PE,D,20180720,000000,41.3413,42.3028,40.861,41.5815,0,0
TEN_PE,D,20180723,000000,42.0626,42.6236,41.9031,42.6236,0,0
TEN_PE,D,20180724,000000,42.863,43.2635,41.662,42.9435,0,0
TEN_PE,D,20180725,000000,43.3441,47.6714,42.7831,46.7888,0,0
TEN_PE,D,20180726,000000,47.0298,49.193,47.0298,48.7118,0,0
TEN_PE,D,20180727,000000,48.952,52.3976,47.7512,52.1574,0,0
TEN_PE,D,20180730,000000,54.161,57.1245,51.8366,51.9172,0,0
TEN_PE,D,20180731,000000,51.6771,54.0795,49.6742,50.2352,0,0
TEN_PE,D,20180801,000000,50.4745,51.195,49.9144,50.4745,0,0
TEN_PE,D,20180802,000000,50.7953,51.2757,50.4745,50.6349,0,0
TEN_PE,D,20180803,000000,50.7147,51.195,49.9942,49.9942,0,0
TEN_PE,D,20180806,000000,50.7147,50.7147,48.3113,48.952,0,0
TEN_PE,D,20180807,000000,49.193,49.9144,48.2315,49.1132,0,0
TEN_PE,D,20180808,000000,49.6742,52.558,48.952,52.558,0,0
TEN_PE,D,20180809,000000,53.7605,56.0833,52.2371,56.0833,0,0
TEN_PE,D,20180810,000000,56.163,56.163,54.3206,55.8431,0,0
TEN_PE,D,20180813,000000,55.5223,58.3263,55.3628,57.6058,0,0
TEN_PE,D,20180814,000000,57.6058,60.4894,57.3656,60.3299,0,0
TEN_PE,D,20180816,000000,61.5316,62.8131,59.7689,61.7717,0,0
TEN_PE,D,20180817,000000,62.0119,62.0119,59.8488,60.5693,0,0
TEN_PE,D,20180820,000000,61.0504,62.8928,59.1273,59.2886,0,0
TEN_PE,D,20180821,000000,60.4097,60.4097,58.0869,59.5288,0,0
TEN_PE,D,20180822,000000,60.0091,60.0091,58.3263,58.647,0,0
TEN_PE,D,20180823,000000,59.6086,59.6086,57.3656,57.5259,0,0
TEN_PE,D,20180824,000000,59.5288,59.5288,57.6855,58.0869,0,0
TEN_PE,D,20180827,000000,58.5664,61.0504,58.5664,59.0468,0,0
TEN_PE,D,20180828,000000,57.8459,60.0091,34.2907,34.2907,0,0
TEN_PE,D,20180829,000000,34.2907,36.9351,32.1274,35.7325,0,0
TEN_PE,D,20180830,000000,36.6143,36.6143,34.1311,34.6913,0,0
TEN_PE,D,20180831,000000,34.3714,34.3714,32.4483,32.8489,0,0
TEN_PE,D,20180903,000000,32.4483,32.7682,27.5609,27.5609,0,0
TEN_PE,D,20180904,000000,26.9202,29.4839,26.9202,29.1631,0,0
TEN_PE,D,20180905,000000,29.0834,31.0055,29.0834,29.724,0,0
TEN_PE,D,20180906,000000,29.2429,29.2429,27.9614,28.6828,0,0
TEN_PE,D,20180907,000000,28.2016,30.0449,28.2016,28.6828,0,0
TEN_PE,D,20180910,000000,28.2016,30.2053,27.5609,30.2053,0,0
TEN_PE,D,20180911,000000,30.846,30.846,28.3628,28.3628,0,0
TEN_PE,D,20180912,000000,29.2429,29.5637,27.7204,27.8816,0,0
TEN_PE,D,20180913,000000,28.8423,28.8423,28.2016,28.7626,0,0
TEN_PE,D,20180914,000000,28.8423,29.0834,28.5224,29.0834,0,0
TEN_PE,D,20180917,000000,29.0834,33.2485,29.0834,33.2485,0,0
TEN_PE,D,20180918,000000,33.4098,35.332,33.089,33.089,0,0
TEN_PE,D,20180919,000000,32.9294,33.9708,31.3264,31.3264,0,0
TEN_PE,D,20180920,000000,31.3264,32.1274,31.3264,31.967,0,0
TEN_PE,D,20180921,000000,32.1274,33.089,32.0477,32.4483,0,0
TEN_PE,D,20180924,000000,32.4483,32.7682,30.2053,30.2053,0,0
TEN_PE,D,20180925,000000,30.5252,31.8067,30.5252,31.7269,0,0
TEN_PE,D,20180926,000000,31.8067,33.0092,31.4061,31.4867,0,0
TEN_PE,D,20180927,000000,31.7269,32.6087,31.7269,31.8067,0,0
TEN_PE,D,20180928,000000,32.1274,32.6884,30.846,31.4867,0,0
TEN_PE,D,20181001,000000,31.4867,31.6463,30.3648,30.6059,0,0
TEN_PE,D,20181002,000000,30.2053,30.6059,29.724,30.0449,0,0
TEN_PE,D,20181003,000000,30.2053,30.6856,28.923,30.6059,0,0
TEN_PE,D,20181004,000000,30.7662,30.7662,29.6435,29.8836,0,0
TEN_PE,D,20181005,000000,29.4033,32.0477,29.4033,30.6856,0,0
TEN_PE,D,20181008,000000,30.6856,30.846,29.1631,29.5637,0,0
TEN_PE,D,20181009,000000,29.2429,29.724,28.8423,29.4033,0,0
TEN_PE,D,20181010,000000,29.4033,29.4033,27.7204,28.0412,0,0
TEN_PE,D,20181011,000000,26.68,26.9999,24.6772,25.878,0,0
TEN_PE,D,20181012,000000,26.2794,27.2409,25.5581,27.1603,0,0
TEN_PE,D,20181015,000000,27.5609,27.5609,26.3592,26.9202,0,0
TEN_PE,D,20181016,000000,26.9999,27.2409,26.7597,26.9202,0,0
TEN_PE,D,20181017,000000,26.9202,27.0796,25.9577,26.119,0,0
TEN_PE,D,20181018,000000,26.0375,26.5993,25.6378,25.6378,0,0
TEN_PE,D,20181019,000000,25.3977,25.7982,25.0777,25.4774,0,0
TEN_PE,D,20181022,000000,25.317,25.317,23.5553,24.8367,0,0
TEN_PE,D,20181023,000000,24.0356,24.0356,22.5937,23.7148,0,0
TEN_PE,D,20181024,000000,23.1538,24.8367,23.1538,24.1951,0,0
TEN_PE,D,20181025,000000,22.9145,23.2344,22.5937,22.9943,0,0
TEN_PE,D,20181026,000000,23.074,24.0356,23.074,23.074,0,0
TEN_PE,D,20181029,000000,23.074,23.7148,23.074,23.4746,0,0
TEN_PE,D,20181030,000000,23.3151,23.5553,23.1538,23.5553,0,0
TEN_PE,D,20181031,000000,23.7945,24.9979,23.5553,24.437,0,0
TEN_PE,D,20181102,000000,24.9165,26.5993,24.9165,26.2794,0,0
TEN_PE,D,20181105,000000,26.5993,30.5252,26.5993,29.8836,0,0
TEN_PE,D,20181106,000000,30.5252,31.5665,29.8836,30.7662,0,0
TEN_PE,D,20181107,000000,31.2465,31.2465,28.5224,28.6828,0,0
TEN_PE,D,20181108,000000,28.6828,29.8836,28.2822,28.603,0,0
TEN_PE,D,20181109,000000,28.2016,28.2016,26.7597,27.8011,0,0
TEN_PE,D,20181113,000000,26.9202,26.9202,26.2794,26.7597,0,0
TEN_PE,D,20181114,000000,26.4398,28.3628,26.2794,28.3628,0,0
TEN_PE,D,20181115,000000,28.603,28.8423,27.5609,28.0412,0,0
TEN_PE,D,20181116,000000,27.9614,28.2016,26.4398,26.7597,0,0
TEN_PE,D,20181119,000000,27.0796,27.5609,25.9577,26.5196,0,0
TEN_PE,D,20181120,000000,26.3592,26.5196,25.317,25.317,0,0
TEN_PE,D,20181121,000000,24.9165,24.9165,16.985,16.985,0,0
TEN_PE,D,20181122,000000,17.226,18.9089,17.0647,18.8282,0,0
TEN_PE,D,20181123,000000,19.3085,19.5487,18.6678,18.6678,0,0
TEN_PE,D,20181126,000000,18.6678,19.1482,18.6678,18.9886,0,0
TEN_PE,D,20181127,000000,18.9886,19.0684,18.6678,18.8282,0,0
TEN_PE,D,20181128,000000,18.9089,19.469,18.9089,19.3085,0,0
TEN_PE,D,20181129,000000,19.469,19.8687,19.469,19.7889,0,0
TEN_PE,D,20181130,000000,19.7091,19.9493,19.5487,19.7091,0,0
TEN_PE,D,20181203,000000,19.7889,19.7889,18.5075,18.588,0,0
TEN_PE,D,20181204,000000,18.9089,18.9089,18.0262,18.5075,0,0
TEN_PE,D,20181205,000000,18.2673,18.2673,17.786,18.1866,0,0
TEN_PE,D,20181206,000000,17.9465,17.9465,17.3856,17.4661,0,0
TEN_PE,D,20181207,000000,17.7063,18.347,17.7063,17.9465,0,0
TEN_PE,D,20181210,000000,17.4661,17.7063,17.3057,17.3057,0,0
TEN_PE,D,20181211,000000,17.5459,17.5459,17.1462,17.4661,0,0
TEN_PE,D,20181212,000000,17.4661,17.6257,17.226,17.4661,0,0
TEN_PE,D,20181213,000000,17.7063,19.1482,17.5459,18.6678,0,0
TEN_PE,D,20181214,000000,18.6678,18.9089,18.1866,18.2673,0,0
TEN_PE,D,20181217,000000,18.2673,18.2673,17.786,18.0262,0,0
TEN_PE,D,20181218,000000,17.9465,17.9465,17.5459,17.7063,0,0
TEN_PE,D,20181219,000000,17.786,18.2673,17.5459,17.9465,0,0
TEN_PE,D,20181220,000000,17.6257,17.786,17.4661,17.5459,0,0
TEN_PE,D,20181221,000000,17.6257,17.786,16.5046,16.665,0,0
TEN_PE,D,20181227,000000,16.985,17.3057,16.8254,17.3057,0,0
TEN_PE,D,20181228,000000,17.3856,17.9465,16.9051,17.9465,0,0
TEN_PE,D,20190102,000000,17.7063,17.9465,17.5459,17.6257,0,0
TEN_PE,D,20190103,000000,17.6257,17.6257,17.3057,17.3057,0,0
TEN_PE,D,20190104,000000,17.3057,18.588,17.3057,18.5075,0,0
TEN_PE,D,20190107,000000,18.6678,18.9089,18.4276,18.6678,0,0
TEN_PE,D,20190108,000000,19.7091,20.2692,19.469,20.1894,0,0
TEN_PE,D,20190109,000000,20.1894,20.4304,19.7091,20.4304,0,0
TEN_PE,D,20190110,000000,20.3499,20.3499,19.7889,19.9493,0,0
TEN_PE,D,20190111,000000,19.9493,20.3499,19.7091,19.9493,0,0
TEN_PE,D,20190114,000000,20.1097,20.1097,19.469,19.9493,0,0
TEN_PE,D,20190115,000000,19.7091,20.4304,19.6294,20.4304,0,0
TEN_PE,D,20190116,000000,20.5111,21.1519,20.5111,21.072,0,0
TEN_PE,D,20190117,000000,21.1519,21.1519,20.7513,20.831,0,0
TEN_PE,D,20190118,000000,20.9109,20.9906,20.5111,20.5909,0,0
TEN_PE,D,20190121,000000,20.6706,20.6706,20.4304,20.5909,0,0
TEN_PE,D,20190122,000000,20.4304,20.4304,20.0299,20.1097,0,0
TEN_PE,D,20190123,000000,20.1894,21.3114,20.1097,20.9109,0,0
TEN_PE,D,20190124,000000,20.831,20.831,20.4304,20.5111,0,0
TEN_PE,D,20190125,000000,20.5111,21.072,19.0684,19.7889,0,0
TEN_PE,D,20190128,000000,19.7889,20.1097,19.6294,19.7889,0,0
TEN_PE,D,20190129,000000,19.6294,20.1894,19.6294,19.8687,0,0
TEN_PE,D,20190130,000000,19.8687,20.0299,19.5487,19.6294,0,0
TEN_PE,D,20190131,000000,19.8687,19.8687,19.3085,19.3892,0,0
TEN_PE,D,20190201,000000,19.3892,19.6294,19.228,19.3892,0,0
TEN_PE,D,20190204,000000,19.469,20.3499,19.469,20.1894,0,0
TEN_PE,D,20190205,000000,20.4304,20.4304,20.0299,20.1097,0,0
TEN_PE,D,20190206,000000,20.1894,20.4304,19.5487,19.7091,0,0
TEN_PE,D,20190207,000000,19.7889,19.7889,18.9089,19.0684,0,0
TEN_PE,D,20190208,000000,18.7476,18.8282,18.5075,18.588,0,0
TEN_PE,D,20190211,000000,17.9465,18.5075,17.9465,18.4276,0,0
TEN_PE,D,20190212,000000,18.5075,19.0684,18.5075,18.9089,0,0
TEN_PE,D,20190213,000000,18.8282,19.0684,18.8282,18.9089,0,0
TEN_PE,D,20190214,000000,19.0684,19.0684,18.588,18.9089,0,0
TEN_PE,D,20190215,000000,18.7476,18.8282,18.588,18.8282,0,0
TEN_PE,D,20190218,000000,18.9089,19.3085,18.9089,19.3085,0,0
TEN_PE,D,20190219,000000,19.3892,19.3892,19.0684,19.0684,0,0
TEN_PE,D,20190220,000000,19.0684,19.3892,19.0684,19.3892,0,0
TEN_PE,D,20190221,000000,19.469,19.7091,19.3085,19.7091,0,0
TEN_PE,D,20190222,000000,19.7091,19.8687,19.7091,19.7889,0,0
TEN_PE,D,20190225,000000,19.7889,20.0299,19.7091,19.9493,0,0
TEN_PE,D,20190226,000000,19.9493,20.0299,19.7889,19.9493,0,0
TEN_PE,D,20190227,000000,19.8687,20.0299,19.7091,19.8687,0,0
TEN_PE,D,20190228,000000,19.5487,19.8687,19.5487,19.7889,0,0
TEN_PE,D,20190301,000000,20.5909,21.2316,20.5909,20.9906,0,0
TEN_PE,D,20190304,000000,20.9906,20.9906,20.3499,20.9109,0,0
TEN_PE,D,20190305,000000,20.9109,21.072,20.6706,21.072,0,0
TEN_PE,D,20190306,000000,20.9109,21.6322,20.9109,21.392,0,0
TEN_PE,D,20190307,000000,21.392,21.392,21.072,21.3114,0,0
TEN_PE,D,20190308,000000,21.072,21.3114,20.4304,20.4304,0,0
TEN_PE,D,20190311,000000,20.4304,20.831,20.1894,20.5111,0,0
TEN_PE,D,20190312,000000,20.5909,21.7926,20.5111,21.2316,0,0
TEN_PE,D,20190313,000000,21.392,21.4718,21.2316,21.392,0,0
TEN_PE,D,20190314,000000,21.4718,22.0318,21.4718,22.0318,0,0
TEN_PE,D,20190315,000000,22.1125,22.6734,21.9521,21.9521,0,0
TEN_PE,D,20190318,000000,22.0318,22.2729,21.6322,22.0318,0,0
TEN_PE,D,20190319,000000,22.0318,22.8347,21.7119,22.5139,0,0
TEN_PE,D,20190320,000000,22.9145,23.3948,22.7541,23.2344,0,0
TEN_PE,D,20190321,000000,23.3151,23.3948,22.6734,23.1538,0,0
TEN_PE,D,20190322,000000,22.6734,22.9145,15.8631,15.8631,0,0
TEN_PE,D,20190325,000000,15.6229,15.6229,15.2223,15.5431,0,0
TEN_PE,D,20190326,000000,15.5431,15.6229,15.3827,15.5431,0,0
TEN_PE,D,20190327,000000,15.6229,16.1041,15.6229,15.9428,0,0
TEN_PE,D,20190328,000000,16.0243,16.1838,15.8631,16.1041,0,0
TEN_PE,D,20190329,000000,16.1838,16.1838,16.0243,16.1838,0,0
TEN_PE,D,20190401,000000,16.5046,17.1462,16.3434,16.7456,0,0
TEN_PE,D,20190402,000000,16.8254,18.1866,16.8254,17.786,0,0
TEN_PE,D,20190403,000000,18.106,18.7476,18.106,18.6678,0,0
TEN_PE,D,20190404,000000,18.6678,18.6678,18.0262,18.0262,0,0
TEN_PE,D,20190405,000000,19.0684,19.3892,18.5075,18.7476,0,0
TEN_PE,D,20190408,000000,18.7476,18.9089,18.347,18.9089,0,0
TEN_PE,D,20190409,000000,18.9089,18.9089,18.588,18.8282,0,0
TEN_PE,D,20190410,000000,18.8282,18.8282,18.5075,18.588,0,0
TEN_PE,D,20190411,000000,18.588,18.588,18.1866,18.2673,0,0
TEN_PE,D,20190412,000000,18.588,18.6678,18.347,18.347,0,0
TEN_PE,D,20190415,000000,18.5075,18.5075,18.0262,18.347,0,0
TEN_PE,D,20190416,000000,18.2673,18.2673,17.7063,17.8667,0,0
TEN_PE,D,20190417,000000,17.8667,17.8667,17.4661,17.6257,0,0
TEN_PE,D,20190418,000000,17.6257,18.2673,17.3057,18.1866,0,0
TEN_PE,D,20190423,000000,18.347,19.0684,18.347,19.0684,0,0
TEN_PE,D,20190424,000000,19.0684,19.3892,18.7476,18.9886,0,0
TEN_PE,D,20190425,000000,19.0684,19.3892,18.9089,19.3892,0,0
TEN_PE,D,20190426,000000,19.5487,20.1097,19.5487,20.1097,0,0
TEN_PE,D,20190429,000000,20.1097,20.1097,19.6294,19.7889,0,0
TEN_PE,D,20190430,000000,19.469,19.7889,19.469,19.7091,0,0
TEN_PE,D,20190502,000000,19.8687,20.5111,19.8687,20.3499,0,0
TEN_PE,D,20190506,000000,20.1894,20.1894,19.6294,20.1894,0,0
TEN_PE,D,20190507,000000,20.3499,20.3499,19.3892,19.469,0,0
TEN_PE,D,20190508,000000,19.3892,20.831,19.3085,20.831,0,0
TEN_PE,D,20190509,000000,21.072,22.5937,21.072,21.392,0,0
TEN_PE,D,20190510,000000,21.7119,21.8724,20.9109,21.5515,0,0
TEN_PE,D,20190513,000000,21.5515,21.5515,20.831,20.9906,0,0
TEN_PE,D,20190514,000000,20.9906,21.4718,20.9109,21.2316,0,0
TEN_PE,D,20190515,000000,21.392,22.5139,21.2316,22.5139,0,0
TEN_PE,D,20190516,000000,22.8347,23.635,22.8347,23.2344,0,0
TEN_PE,D,20190517,000000,23.2344,23.2344,22.3535,22.6734,0,0
TEN_PE,D,20190520,000000,22.6734,22.6734,20.6706,20.6706,0,0
TEN_PE,D,20190521,000000,21.6322,21.6322,20.2692,20.831,0,0
TEN_PE,D,20190522,000000,19.6294,21.072,18.106,18.106,0,0
TEN_PE,D,20190523,000000,18.5075,18.5075,16.9051,16.985,0,0
TEN_PE,D,20190524,000000,16.9051,18.0262,16.8254,17.786,0,0
TEN_PE,D,20190527,000000,17.786,18.5075,17.786,18.4276,0,0
TEN_PE,D,20190528,000000,18.5075,18.5075,17.7063,18.4276,0,0
TEN_PE,D,20190529,000000,18.106,18.2673,17.8667,18.2673,0,0
TEN_PE,D,20190530,000000,18.2673,18.7476,17.8667,18.6678,0,0
TEN_PE,D,20190531,000000,18.7476,18.7476,18.1866,18.6678,0,0
TEN_PE,D,20190603,000000,18.588,18.6678,18.1866,18.4276,0,0
TEN_PE,D,20190604,000000,18.392,18.4743,17.7326,18.0618,0,0
TEN_PE,D,20190605,000000,18.1442,18.2265,17.8964,17.8964,0,0
TEN_PE,D,20190606,000000,17.8964,17.8964,17.2378,17.7326,0,0
TEN_PE,D,20190607,000000,17.814,18.639,17.4848,18.5566,0,0
TEN_PE,D,20190610,000000,18.5566,18.5566,17.8964,18.0618,0,0
TEN_PE,D,20190611,000000,18.0618,18.0618,17.8964,18.0618,0,0
TEN_PE,D,20190612,000000,18.0618,18.0618,17.568,17.814,0,0
TEN_PE,D,20190613,000000,17.814,17.814,17.6503,17.6503,0,0
TEN_PE,D,20190614,000000,17.6503,17.6503,17.3202,17.4025,0,0
TEN_PE,D,20190617,000000,17.4025,17.568,16.3306,16.99,0,0
TEN_PE,D,20190618,000000,16.99,16.99,16.2474,16.3306,0,0
TEN_PE,D,20190619,000000,16.2474,16.7431,16.2474,16.4952,0,0
TEN_PE,D,20190621,000000,16.5776,17.568,16.5776,17.2378,0,0
TEN_PE,D,20190624,000000,17.4848,18.1442,17.4848,18.0618,0,0
TEN_PE,D,20190625,000000,17.9796,18.0618,17.3202,17.6503,0,0
TEN_PE,D,20190626,000000,17.4025,17.814,17.0724,17.568,0,0
TEN_PE,D,20190627,000000,17.568,18.4743,17.568,18.4743,0,0
TEN_PE,D,20190628,000000,18.4743,19.1338,18.4743,18.8044,0,0
TEN_PE,D,20190701,000000,19.2992,19.3816,18.5566,18.5566,0,0
TEN_PE,D,20190702,000000,18.4743,18.4743,17.8964,17.8964,0,0
TEN_PE,D,20190703,000000,18.2265,18.4743,17.8964,18.4743,0,0
TEN_PE,D,20190704,000000,18.5566,18.7213,18.3088,18.3088,0,0
TEN_PE,D,20190705,000000,18.4743,18.4743,18.1442,18.1442,0,0
TEN_PE,D,20190708,000000,18.0618,18.0618,17.4848,17.6503,0,0
TEN_PE,D,20190709,000000,17.6503,17.814,17.3202,17.6503,0,0
TEN_PE,D,20190710,000000,17.6503,17.9796,17.6503,17.9796,0,0
TEN_PE,D,20190711,000000,17.9796,17.9796,17.4848,17.6503,0,0
TEN_PE,D,20190712,000000,17.4848,17.7326,17.4848,17.6503,0,0
TEN_PE,D,20190715,000000,17.6503,17.6503,17.3202,17.3202,0,0
TEN_PE,D,20190716,000000,17.3202,17.4848,16.8254,16.99,0,0
TEN_PE,D,20190717,000000,17.0724,17.4025,17.0724,17.1555,0,0
TEN_PE,D,20190718,000000,17.1555,17.6503,17.1555,17.4848,0,0
TEN_PE,D,20190719,000000,17.4848,17.814,17.4848,17.7326,0,0
TEN_PE,D,20190722,000000,17.7326,17.814,17.4848,17.568,0,0
TEN_PE,D,20190723,000000,17.6503,17.6503,17.4848,17.568,0,0
TEN_PE,D,20190724,000000,17.6503,17.814,17.568,17.6503,0,0
TEN_PE,D,20190725,000000,17.6503,17.8964,17.568,17.814,0,0
TEN_PE,D,20190726,000000,17.8964,17.9796,17.814,17.814,0,0
TEN_PE,D,20190729,000000,17.814,17.814,17.6503,17.7326,0,0
TEN_PE,D,20190730,000000,17.7326,17.7326,17.4025,17.4848,0,0
TEN_PE,D,20190731,000000,17.4848,18.4743,17.4848,18.3088,0,0
TEN_PE,D,20190801,000000,18.3088,18.639,17.8964,17.9796,0,0
TEN_PE,D,20190802,000000,17.9796,18.1442,17.4848,17.4848,0,0
TEN_PE,D,20190805,000000,17.4848,17.4848,16.9077,16.99,0,0
TEN_PE,D,20190806,000000,16.99,17.4025,16.99,17.1555,0,0
TEN_PE,D,20190807,000000,17.4848,17.4848,16.6599,16.6599,0,0
TEN_PE,D,20190808,000000,16.8254,17.1555,16.5776,17.1555,0,0
TEN_PE,D,20190809,000000,17.4025,17.4025,16.7431,16.7431,0,0
TEN_PE,D,20190812,000000,16.7431,17.0724,16.5776,16.5776,0,0
TEN_PE,D,20190813,000000,16.8254,16.99,16.3306,16.8254,0,0
TEN_PE,D,20190814,000000,16.7431,16.9077,16.2474,16.4129,0,0
TEN_PE,D,20190816,000000,16.4129,16.4129,15.835,16.1651,0,0
TEN_PE,D,20190819,000000,16.3306,16.6599,16.2474,16.4952,0,0
TEN_PE,D,20190820,000000,16.4129,16.7431,16.0828,16.0828,0,0
TEN_PE,D,20190821,000000,16.1651,17.7326,16.1651,17.6503,0,0
TEN_PE,D,20190822,000000,17.4848,17.4848,17.0724,17.4025,0,0
TEN_PE,D,20190823,000000,17.568,18.0618,17.4025,17.814,0,0
TEN_PE,D,20190826,000000,17.4848,17.814,17.2378,17.814,0,0
TEN_PE,D,20190827,000000,17.814,17.814,17.3202,17.4025,0,0
TEN_PE,D,20190828,000000,17.814,18.3088,16.1651,16.1651,0,0
TEN_PE,D,20190829,000000,16.1651,17.6503,16.1651,17.4025,0,0
TEN_PE,D,20190830,000000,17.568,18.0618,17.4025,17.4025,0,0
TEN_PE,D,20190902,000000,17.4025,17.4025,16.6599,17.1555,0,0
TEN_PE,D,20190903,000000,17.4025,17.814,17.4025,17.7326,0,0
TEN_PE,D,20190904,000000,17.568,17.8964,17.4025,17.6503,0,0
TEN_PE,D,20190905,000000,17.6503,17.9796,17.4848,17.4848,0,0
TEN_PE,D,20190906,000000,17.4848,17.6503,17.4025,17.568,0,0
TEN_PE,D,20190909,000000,17.568,17.568,17.0724,17.4025,0,0
TEN_PE,D,20190910,000000,17.3202,17.4025,17.2378,17.4025,0,0
TEN_PE,D,20190911,000000,17.2378,17.568,17.2378,17.4025,0,0
TEN_PE,D,20190912,000000,17.4848,17.4848,17.1555,17.3202,0,0
TEN_PE,D,20190913,000000,17.2378,17.2378,16.9077,17.0724,0,0
TEN_PE,D,20190916,000000,16.9077,17.2378,16.7431,17.1555,0,0
TEN_PE,D,20190917,000000,16.99,17.1555,16.9077,17.1555,0,0
TEN_PE,D,20190918,000000,17.1555,17.1555,16.9077,16.9077,0,0
TEN_PE,D,20190919,000000,16.9077,17.4848,16.9077,17.4848,0,0
TEN_PE,D,20190920,000000,17.4848,18.3088,17.4848,18.3088,0,0
TEN_PE,D,20190923,000000,18.3088,18.3088,17.6503,17.7326,0,0
TEN_PE,D,20190924,000000,17.6503,17.814,17.3202,17.4025,0,0
TEN_PE,D,20190925,000000,17.6503,17.6503,17.3202,17.3202,0,0
TEN_PE,D,20190926,000000,17.4848,17.4848,17.1555,17.4025,0,0
TEN_PE,D,20190927,000000,17.1555,17.3202,17.1555,17.1555,0,0
TEN_PE,D,20190930,000000,17.1555,17.2378,16.9077,16.9077,0,0
TEN_PE,D,20191001,000000,16.99,17.6503,16.9077,17.568,0,0
TEN_PE,D,20191002,000000,17.568,17.568,16.1651,16.3306,0,0
TEN_PE,D,20191003,000000,16.1651,16.7431,16.1651,16.4129,0,0
TEN_PE,D,20191004,000000,16.4952,16.6599,16.2474,16.6599,0,0
TEN_PE,D,20191007,000000,16.6599,16.7431,16.4129,16.6599,0,0
TEN_PE,D,20191008,000000,16.8254,17.9796,16.8254,17.814,0,0
TEN_PE,D,20191009,000000,17.9796,19.1338,17.814,19.0514,0,0
TEN_PE,D,20191010,000000,19.1338,19.4639,18.7213,18.7213,0,0
TEN_PE,D,20191011,000000,18.8868,19.2992,18.7213,18.8868,0,0
TEN_PE,D,20191014,000000,18.9691,20.4542,18.8868,20.4542,0,0
TEN_PE,D,20191015,000000,20.2064,20.5365,19.8763,20.0418,0,0
TEN_PE,D,20191016,000000,20.1242,20.1242,19.8763,20.0418,0,0
TEN_PE,D,20191017,000000,20.2887,21.5261,19.794,20.7012,0,0
TEN_PE,D,20191018,000000,20.7012,21.0313,20.1242,20.371,0,0
TEN_PE,D,20191021,000000,20.5365,20.8667,20.4542,20.7012,0,0
TEN_PE,D,20191022,000000,20.7012,20.7012,19.2169,19.3816,0,0
TEN_PE,D,20191023,000000,19.5462,19.5462,17.7326,18.392,0,0
TEN_PE,D,20191024,000000,18.392,18.7213,18.392,18.4743,0,0
TEN_PE,D,20191025,000000,18.639,19.0514,18.5566,18.8868,0,0
TEN_PE,D,20191028,000000,19.3816,19.3816,18.8868,19.1338,0,0
TEN_PE,D,20191029,000000,19.0514,19.9587,19.0514,19.794,0,0
TEN_PE,D,20191030,000000,19.6294,20.0418,19.6294,19.8763,0,0
TEN_PE,D,20191031,000000,19.8763,20.1242,19.7117,20.0418,0,0
TEN_PE,D,20191104,000000,20.2064,20.7835,20.2064,20.7835,0,0
TEN_PE,D,20191105,000000,20.7835,21.6916,20.7835,21.5261,0,0
TEN_PE,D,20191106,000000,21.5261,22.0209,20.7835,20.8667,0,0
TEN_PE,D,20191107,000000,20.8667,21.6916,20.8667,21.4438,0,0
TEN_PE,D,20191108,000000,21.5261,21.8562,21.0313,21.5261,0,0
TEN_PE,D,20191112,000000,21.6084,21.6084,21.1136,21.1136,0,0
TEN_PE,D,20191113,000000,21.2791,21.3614,21.1136,21.1136,0,0
TEN_PE,D,20191114,000000,21.196,21.3614,20.2887,20.5365,0,0
TEN_PE,D,20191115,000000,20.2887,21.2791,20.2887,21.1136,0,0
TEN_PE,D,20191118,000000,21.2791,21.2791,20.4542,20.949,0,0
TEN_PE,D,20191119,000000,20.8667,21.1136,20.7012,21.0313,0,0
TEN_PE,D,20191120,000000,21.0313,21.3614,20.8667,21.3614,0,0
TEN_PE,D,20191121,000000,21.4438,22.351,21.4438,22.351,0,0
TEN_PE,D,20191122,000000,22.351,22.351,21.9386,22.2687,0,0
TEN_PE,D,20191125,000000,22.351,22.5165,22.1864,22.351,0,0
TEN_PE,D,20191126,000000,22.4333,22.4333,21.8562,21.9386,0,0
TEN_PE,D,20191127,000000,22.351,22.351,21.5261,21.6916,0,0
TEN_PE,D,20191128,000000,21.7739,21.7739,18.392,18.392,0,0
TEN_PE,D,20191129,000000,18.392,18.392,17.814,18.0618,0,0
TEN_PE,D,20191202,000000,18.1442,18.9691,18.1442,18.8868,0,0
TEN_PE,D,20191203,000000,18.8044,19.4639,18.8044,19.2992,0,0
TEN_PE,D,20191204,000000,19.4639,19.6294,19.2992,19.4639,0,0
TEN_PE,D,20191205,000000,19.4639,19.4639,19.2169,19.3816,0,0
TEN_PE,D,20191206,000000,19.3816,19.3816,19.2169,19.2169,0,0
TEN_PE,D,20191209,000000,19.1338,19.3816,19.0514,19.2169,0,0
TEN_PE,D,20191210,000000,19.2992,19.8763,19.1338,19.794,0,0
TEN_PE,D,20191211,000000,19.794,20.6189,19.794,20.6189,0,0
TEN_PE,D,20191212,000000,20.7835,22.1864,20.6189,22.1864,0,0
TEN_PE,D,20191213,000000,22.0209,22.0209,21.196,21.5261,0,0
TEN_PE,D,20191216,000000,21.6084,21.6084,21.2791,21.4438,0,0
TEN_PE,D,20191217,000000,21.3614,22.5988,21.0313,22.5988,0,0
TEN_PE,D,20191218,000000,22.5988,23.3405,22.351,23.175,0,0
TEN_PE,D,20191219,000000,23.175,23.753,23.175,23.5875,0,0
TEN_PE,D,20191220,000000,23.5875,23.5875,22.5988,22.5988,0,0
TEN_PE,D,20191223,000000,22.8457,23.5875,22.2687,22.2687,0,0
TEN_PE,D,20191227,000000,22.351,22.351,21.3614,21.3614,0,0
TEN_PE,D,20191230,000000,21.3614,21.9386,21.2791,21.3614,0,0
TEN_PE,D,20200102,000000,21.6084,22.351,21.6084,22.1864,0,0
TEN_PE,D,20200103,000000,22.1864,22.5988,22.104,22.5165,0,0
TEN_PE,D,20200107,000000,22.5988,23.4228,22.5988,23.0927,0,0
TEN_PE,D,20200108,000000,23.0104,24.4946,23.0104,24.4123,0,0
TEN_PE,D,20200109,000000,24.6601,26.3923,24.6601,26.2277,0,0
TEN_PE,D,20200110,000000,26.1445,26.4746,25.4851,25.4851,0,0
TEN_PE,D,20200113,000000,25.6497,26.2277,25.5674,26.2277,0,0
TEN_PE,D,20200114,000000,26.4746,27.0525,25.8152,26.887,0,0
TEN_PE,D,20200115,000000,26.9693,27.0525,25.0726,25.0726,0,0
TEN_PE,D,20200116,000000,25.3196,26.4746,25.0726,26.0622,0,0
TEN_PE,D,20200117,000000,25.3196,26.6401,25.3196,25.8152,0,0
TEN_PE,D,20200120,000000,25.732,27.3818,25.732,27.2171,0,0
TEN_PE,D,20200121,000000,27.5473,27.5473,26.887,27.0525,0,0
TEN_PE,D,20200122,000000,27.1348,28.0412,27.1348,27.8766,0,0
TEN_PE,D,20200123,000000,27.8766,28.0412,27.5473,27.6296,0,0
TEN_PE,D,20200124,000000,27.6296,29.4432,27.5473,29.0307,0,0
TEN_PE,D,20200127,000000,29.0307,29.0307,27.7119,27.9589,0,0
TEN_PE,D,20200128,000000,27.8766,29.0307,27.8766,27.9589,0,0
TEN_PE,D,20200129,000000,25.732,26.9693,25.4027,25.6497,0,0
TEN_PE,D,20200130,000000,25.5674,25.6497,24.9903,24.9903,0,0
TEN_PE,D,20200131,000000,24.9903,25.6497,24.9903,24.9903,0,0
TEN_PE,D,20200203,000000,25.0726,26.8047,25.0726,26.8047,0,0
TEN_PE,D,20200204,000000,27.2171,28.6183,27.2171,28.4537,0,0
TEN_PE,D,20200205,000000,28.8661,29.2785,28.289,28.5359,0,0
TEN_PE,D,20200206,000000,28.5359,28.7015,27.8766,28.4537,0,0
TEN_PE,D,20200207,000000,28.0412,29.1139,28.0412,28.6183,0,0
TEN_PE,D,20200210,000000,28.6183,29.0307,28.5359,28.7837,0,0
TEN_PE,D,20200211,000000,28.8661,30.1034,28.8661,29.8556,0,0
TEN_PE,D,20200212,000000,29.8556,29.8556,29.1962,29.1962,0,0
TEN_PE,D,20200213,000000,29.6087,29.6087,28.7837,29.0307,0,0
TEN_PE,D,20200214,000000,29.2785,29.2785,28.1236,28.289,0,0
TEN_PE,D,20200217,000000,28.289,29.0307,28.289,28.8661,0,0
TEN_PE,D,20200218,000000,28.8661,28.9484,27.7119,27.9589,0,0
TEN_PE,D,20200219,000000,27.6296,29.5263,27.3818,29.5263,0,0
TEN_PE,D,20200220,000000,29.691,29.7733,28.289,29.1139,0,0
TEN_PE,D,20200221,000000,29.691,31.7532,29.691,31.7532,0,0
TEN_PE,D,20200224,000000,31.2584,31.2584,29.3608,30.1858,0,0
TEN_PE,D,20200225,000000,30.1034,30.1034,27.5473,28.4537,0,0
TEN_PE,D,20200226,000000,27.7942,29.9388,27.6296,28.8661,0,0
TEN_PE,D,20200227,000000,28.9484,29.6087,27.9589,28.1236,0,0
TEN_PE,D,20200228,000000,26.6401,28.1236,25.2372,27.2995,0,0
TEN_PE,D,20200302,000000,30.1858,30.3513,27.8766,29.1139,0,0
TEN_PE,D,20200303,000000,30.2681,32.9897,30.1034,32.9897,0,0
TEN_PE,D,20200304,000000,32.3303,33.4845,31.8355,32.8259,0,0
TEN_PE,D,20200305,000000,33.8146,33.8969,31.6709,32.8259,0,0
TEN_PE,D,20200306,000000,31.5885,32.8259,31.0106,32.3303,0,0
TEN_PE,D,20200309,000000,29.1962,30.4336,27.4649,30.1858,0,0
TEN_PE,D,20200310,000000,30.5982,31.5054,28.7837,29.6087,0,0
TEN_PE,D,20200311,000000,29.6087,29.6087,27.1348,27.2995,0,0
TEN_PE,D,20200312,000000,24.9071,24.9071,20.1242,20.1242,0,0
TEN_PE,D,20200313,000000,22.104,24.3301,20.949,22.1864,0,0
TEN_PE,D,20200316,000000,21.6084,25.732,20.7012,24.9071,0,0
TEN_PE,D,20200317,000000,25.9798,27.1348,25.6497,25.9798,0,0
TEN_PE,D,20200318,000000,25.9798,27.9589,25.732,25.8975,0,0
TEN_PE,D,20200319,000000,25.9798,27.0525,25.8975,27.0525,0,0
TEN_PE,D,20200320,000000,28.1236,29.1962,27.0525,27.7942,0,0
TEN_PE,D,20200323,000000,26.4746,28.5359,26.4746,27.2995,0,0
TEN_PE,D,20200324,000000,29.8556,30.4336,21.8562,21.8562,0,0
TEN_PE,D,20200325,000000,22.7634,22.7634,21.196,21.4438,0,0
TEN_PE,D,20200326,000000,21.196,21.6916,21.0313,21.5261,0,0
TEN_PE,D,20200327,000000,21.6084,21.6916,21.5261,21.5261,0,0
TEN_PE,D,20200330,000000,21.5261,21.9386,21.196,21.6916,0,0
TEN_PE,D,20200331,000000,22.104,22.5988,22.104,22.104,0,0
TEN_PE,D,20200401,000000,21.6916,23.753,21.6916,23.175,0,0
TEN_PE,D,20200402,000000,23.4228,23.8353,23.175,23.4228,0,0
TEN_PE,D,20200403,000000,23.4228,23.6698,23.0104,23.4228,0,0
TEN_PE,D,20200406,000000,23.8353,25.5674,23.6698,24.8248,0,0
TEN_PE,D,20200407,000000,25.3196,25.732,23.5875,23.5875,0,0
TEN_PE,D,20200408,000000,23.4228,24.3301,23.4228,24.3301,0,0
TEN_PE,D,20200409,000000,25.0726,25.0726,23.753,24.1654,0,0
TEN_PE,D,20200414,000000,24.2478,24.9071,24.2478,24.9071,0,0
TEN_PE,D,20200415,000000,25.0726,25.2372,24.4946,24.9071,0,0
TEN_PE,D,20200416,000000,24.9903,25.6497,24.9903,25.5674,0,0
TEN_PE,D,20200417,000000,25.9798,27.6296,25.9798,27.2995,0,0
TEN_PE,D,20200420,000000,27.3818,29.1139,27.3818,29.1139,0,0
TEN_PE,D,20200421,000000,29.0307,29.0307,27.9589,27.9589,0,0
TEN_PE,D,20200422,000000,27.7942,29.0307,27.3818,29.0307,0,0
TEN_PE,D,20200423,000000,29.1962,29.7733,28.7015,29.7733,0,0
TEN_PE,D,20200424,000000,29.4432,30.0211,29.2785,29.8556,0,0
TEN_PE,D,20200427,000000,30.1034,32.001,30.1034,31.6709,0,0
TEN_PE,D,20200428,000000,31.8355,32.1657,31.8355,32.1657,0,0
TEN_PE,D,20200429,000000,32.5781,33.9792,32.5781,33.7323,0,0
TEN_PE,D,20200430,000000,34.4749,34.4749,32.1657,32.8259,0,0
TEN_PE,D,20200504,000000,34.7218,35.629,34.6395,35.2165,0,0
TEN_PE,D,20200505,000000,35.5467,36.9495,35.382,35.382,0,0
TEN_PE,D,20200506,000000,36.1246,36.1246,34.4749,35.2997,0,0
TEN_PE,D,20200507,000000,35.2997,36.0415,35.2997,35.5467,0,0
TEN_PE,D,20200508,000000,35.7945,35.7945,34.1447,35.0519,0,0
TEN_PE,D,20200511,000000,35.2165,35.629,34.8873,35.0519,0,0
TEN_PE,D,20200512,000000,35.4643,35.7945,34.8042,35.2997,0,0
TEN_PE,D,20200513,000000,35.9591,36.7841,35.9591,36.3716,0,0
TEN_PE,D,20200514,000000,36.4539,36.4539,34.5572,35.2165,0,0
TEN_PE,D,20200515,000000,36.3716,36.5371,35.2165,36.4539,0,0
TEN_PE,D,20200518,000000,36.8664,37.0319,36.1246,36.6194,0,0
TEN_PE,D,20200519,000000,37.0319,37.0319,36.5371,36.5371,0,0
TEN_PE,D,20200520,000000,36.7841,38.6808,36.5371,38.3507,0,0
TEN_PE,D,20200521,000000,38.8454,40.1651,38.5985,40.0004,0,0
TEN_PE,D,20200522,000000,39.7526,40.1651,39.2578,40.0827,0,0
TEN_PE,D,20200525,000000,40.0827,42.3928,40.0827,42.145,0,0
TEN_PE,D,20200526,000000,42.3104,42.3104,30.6805,30.6805,0,0
TEN_PE,D,20200527,000000,30.7637,31.0929,28.2059,29.4432,0,0
TEN_PE,D,20200528,000000,29.6808,30.4293,27.7687,30.0135,0,0
TEN_PE,D,20200529,000000,30.1798,30.5125,29.0163,30.1798,0,0
TEN_PE,D,20200601,000000,29.6808,31.0947,29.6808,31.0947,0,0
TEN_PE,D,20200602,000000,31.4273,31.4273,29.6808,30.0135,0,0
TEN_PE,D,20200603,000000,30.2629,30.5125,29.4313,29.5145,0,0
TEN_PE,D,20200604,000000,29.5976,29.764,27.9351,28.0183,0,0
TEN_PE,D,20200605,000000,28.3509,28.6836,28.3509,28.5173,0,0
TEN_PE,D,20200608,000000,28.7668,28.7668,26.6053,26.9371,0,0
TEN_PE,D,20200609,000000,26.8539,28.9331,26.4389,28.9331,0,0
TEN_PE,D,20200610,000000,29.4313,30.2629,29.0995,29.8472,0,0
TEN_PE,D,20200612,000000,28.5173,30.1798,28.5173,30.0135,0,0
TEN_PE,D,20200615,000000,29.6808,29.8472,29.349,29.6808,0,0
TEN_PE,D,20200616,000000,30.1798,30.6788,30.1798,30.6788,0,0
TEN_PE,D,20200617,000000,30.6788,32.4245,30.5957,32.3414,0,0
TEN_PE,D,20200618,000000,32.674,32.674,31.3441,31.3441,0,0
TEN_PE,D,20200619,000000,31.3441,32.2581,31.3441,31.76,0,0
TEN_PE,D,20200622,000000,31.5937,33.3393,31.5937,33.2562,0,0
TEN_PE,D,20200623,000000,33.4225,34.4205,33.0899,33.3393,0,0
TEN_PE,D,20200624,000000,33.3393,33.672,32.9235,32.9235,0,0
TEN_PE,D,20200625,000000,32.9235,33.8383,32.2581,33.8383,0,0
TEN_PE,D,20200626,000000,34.3374,34.3374,32.674,32.7571,0,0
TEN_PE,D,20200629,000000,32.2581,32.674,31.4273,31.5105,0,0
TEN_PE,D,20200630,000000,31.5105,33.0067,30.6788,30.8451,0,0
TEN_PE,D,20200701,000000,30.8451,32.5077,30.8451,32.5077,0,0
TEN_PE,D,20200702,000000,32.5908,33.0067,32.5077,32.5077,0,0
TEN_PE,D,20200703,000000,32.4245,33.8383,32.4245,33.672,0,0
TEN_PE,D,20200706,000000,34.0047,36.4989,33.7552,35.7504,0,0
TEN_PE,D,20200707,000000,35.8335,36.3325,34.8355,35.4177,0,0
TEN_PE,D,20200708,000000,35.5841,35.5841,35.085,35.4177,0,0
TEN_PE,D,20200709,000000,35.5009,35.5009,35.085,35.3345,0,0
TEN_PE,D,20200710,000000,35.0019,35.0019,34.1711,34.4205,0,0
TEN_PE,D,20200713,000000,35.1682,35.1682,34.5037,34.7523,0,0
TEN_PE,D,20200714,000000,34.7523,34.7523,33.4225,33.8383,0,0
TEN_PE,D,20200715,000000,33.9215,35.1682,33.7552,34.1711,0,0
TEN_PE,D,20200716,000000,34.586,34.7523,33.8383,34.7523,0,0
TEN_PE,D,20200717,000000,34.5037,34.5037,34.0047,34.1711,0,0
TEN_PE,D,20200720,000000,33.8383,33.8383,32.674,32.9235,0,0
TEN_PE,D,20200721,000000,33.173,34.4205,32.9235,32.9235,0,0
TEN_PE,D,20200722,000000,32.5908,33.173,32.0918,32.0918,0,0
TEN_PE,D,20200723,000000,31.9263,32.8403,31.9263,32.4245,0,0
TEN_PE,D,20200724,000000,31.8432,32.175,31.261,31.9263,0,0
TEN_PE,D,20200727,000000,31.76,33.3393,31.0115,33.3393,0,0
TEN_PE,D,20200728,000000,33.0899,33.0899,32.3414,32.3414,0,0
TEN_PE,D,20200729,000000,32.2581,33.0899,31.8432,32.9235,0,0
TEN_PE,D,20200730,000000,32.9235,33.0899,32.0087,32.4245,0,0
TEN_PE,D,20200731,000000,32.0918,33.0899,32.0918,32.674,0,0
TEN_PE,D,20200803,000000,33.3393,33.3393,32.3414,33.0067,0,0
TEN_PE,D,20200804,000000,33.3393,33.5057,32.5077,32.9235,0,0
TEN_PE,D,20200805,000000,32.9235,32.9235,31.4273,31.5105,0,0
TEN_PE,D,20200806,000000,31.5105,32.674,31.0115,32.3414,0,0
TEN_PE,D,20200807,000000,32.175,32.674,31.4273,32.5077,0,0
TEN_PE,D,20200810,000000,32.5908,33.0067,32.2581,32.4245,0,0
TEN_PE,D,20200811,000000,32.5908,34.1711,32.3414,34.1711,0,0
TEN_PE,D,20200812,000000,33.8383,33.8383,33.4225,33.8383,0,0
TEN_PE,D,20200813,000000,34.1711,34.6692,33.8383,34.1711,0,0
TEN_PE,D,20200814,000000,33.9215,34.3374,33.5889,33.7552,0,0
TEN_PE,D,20200817,000000,33.9215,34.586,33.672,34.0047,0,0
TEN_PE,D,20200818,000000,34.3374,34.3374,33.7552,34.0878,0,0
TEN_PE,D,20200819,000000,34.3374,34.8355,33.8383,33.8383,0,0
TEN_PE,D,20200820,000000,34.1711,34.2542,33.7552,34.1711,0,0
TEN_PE,D,20200821,000000,34.0878,34.6692,34.0878,34.1711,0,0
TEN_PE,D,20200824,000000,34.6692,34.6692,33.5057,33.5889,0,0
TEN_PE,D,20200825,000000,33.4225,33.4225,28.7668,28.7668,0,0
TEN_PE,D,20200826,000000,28.7668,29.6808,28.1846,29.5145,0,0
TEN_PE,D,20200827,000000,29.9303,30.4293,29.4313,29.6808,0,0
TEN_PE,D,20200828,000000,30.0135,30.0135,29.1827,29.349,0,0
TEN_PE,D,20200831,000000,29.764,29.9303,28.6836,29.9303,0,0
TEN_PE,D,20200901,000000,29.8472,30.4293,29.0163,29.0995,0,0
TEN_PE,D,20200902,000000,29.349,30.2629,29.349,29.9303,0,0
TEN_PE,D,20200903,000000,30.0135,30.2629,28.6836,28.7668,0,0
TEN_PE,D,20200904,000000,28.6005,29.2658,28.1015,28.3509,0,0
TEN_PE,D,20200907,000000,28.3509,29.1827,28.3509,29.0995,0,0
TEN_PE,D,20200908,000000,29.0995,29.6808,28.3509,29.4313,0,0
TEN_PE,D,20200909,000000,28.9331,29.5976,28.9331,29.4313,0,0
TEN_PE,D,20200910,000000,29.349,29.5145,28.2678,28.9331,0,0
TEN_PE,D,20200911,000000,28.6836,29.1827,28.6005,29.0163,0,0
TEN_PE,D,20200914,000000,28.6836,29.349,28.6005,29.349,0,0
TEN_PE,D,20200915,000000,28.9331,29.2658,28.6836,28.9331,0,0
TEN_PE,D,20200916,000000,29.0163,29.764,29.0163,29.4313,0,0
TEN_PE,D,20200917,000000,29.1827,29.764,29.0163,29.6808,0,0
TEN_PE,D,20200918,000000,29.1827,30.5125,29.1827,30.0966,0,0
TEN_PE,D,20200921,000000,30.0966,30.0966,28.6836,28.7668,0,0
TEN_PE,D,20200922,000000,28.6836,29.5976,28.3509,29.1827,0,0
TEN_PE,D,20200923,000000,29.1827,29.1827,28.3509,28.3509,0,0
TEN_PE,D,20200924,000000,28.1015,28.2678,27.852,27.9351,0,0
TEN_PE,D,20200925,000000,27.852,28.8499,27.0203,28.6005,0,0
TEN_PE,D,20200928,000000,28.9331,29.5976,28.9331,29.5145,0,0
TEN_PE,D,20200929,000000,30.1798,30.2629,29.764,30.1798,0,0
TEN_PE,D,20200930,000000,29.9303,30.3462,29.9303,30.3462,0,0
TEN_PE,D,20201001,000000,30.5125,30.5957,30.2629,30.5125,0,0
TEN_PE,D,20201002,000000,30.6788,31.4273,30.6788,31.261,0,0
TEN_PE,D,20201005,000000,31.261,31.5105,30.1798,30.762,0,0
TEN_PE,D,20201006,000000,30.762,30.762,29.0995,29.349,0,0
TEN_PE,D,20201007,000000,29.4313,29.5976,28.5173,28.9331,0,0
TEN_PE,D,20201008,000000,29.1827,29.6808,29.1827,29.5145,0,0
TEN_PE,D,20201009,000000,29.1827,29.8472,28.6836,29.764,0,0
TEN_PE,D,20201012,000000,30.0135,33.0067,30.0135,33.0067,0,0
TEN_PE,D,20201013,000000,32.9235,34.8355,32.9235,34.4205,0,0
TEN_PE,D,20201014,000000,34.4205,34.4205,33.7552,33.9215,0,0
TEN_PE,D,20201015,000000,33.8383,33.9215,32.3414,32.674,0,0
TEN_PE,D,20201016,000000,33.9215,35.9998,33.9215,35.7504,0,0
TEN_PE,D,20201019,000000,35.8335,36.8316,35.8335,35.9998,0,0
TEN_PE,D,20201020,000000,36.3325,36.3325,34.8355,35.085,0,0
TEN_PE,D,20201021,000000,35.085,35.2513,34.2542,34.7523,0,0
TEN_PE,D,20201022,000000,35.085,35.3345,34.5037,35.3345,0,0
TEN_PE,D,20201023,000000,35.2513,35.4177,33.4225,34.3374,0,0
TEN_PE,D,20201026,000000,34.2542,34.2542,33.5889,34.0047,0,0
TEN_PE,D,20201027,000000,34.0878,34.3374,33.672,33.9215,0,0
TEN_PE,D,20201028,000000,33.8383,33.8383,32.674,32.7571,0,0
TEN_PE,D,20201029,000000,32.5077,34.1711,32.5077,34.1711,0,0
TEN_PE,D,20201030,000000,34.0047,34.0047,33.0899,33.5057,0,0
TEN_PE,D,20201102,000000,33.4225,34.4205,33.2562,34.0047,0,0
TEN_PE,D,20201103,000000,34.5037,34.5037,33.672,33.7552,0,0
TEN_PE,D,20201104,000000,33.5057,34.0047,33.5057,33.9215,0,0
TEN_PE,D,20201105,000000,34.2542,35.1682,34.0878,34.6692,0,0
TEN_PE,D,20201106,000000,34.9187,35.0019,33.9215,34.7523,0,0
TEN_PE,D,20201109,000000,35.0019,36.2494,32.9235,33.0899,0,0
TEN_PE,D,20201110,000000,33.173,33.173,30.9283,31.0947,0,0
TEN_PE,D,20201112,000000,31.76,31.76,30.8451,31.6769,0,0
TEN_PE,D,20201113,000000,31.6769,31.6769,30.4293,30.6788,0,0
TEN_PE,D,20201116,000000,30.762,30.762,29.0163,29.1827,0,0
TEN_PE,D,20201117,000000,29.1827,30.3462,28.7668,29.349,0,0
TEN_PE,D,20201118,000000,29.5976,32.175,29.5976,32.175,0,0
TEN_PE,D,20201119,000000,32.3414,33.672,31.3441,32.674,0,0
TEN_PE,D,20201120,000000,33.2562,33.2562,32.0087,32.0087,0,0
TEN_PE,D,20201123,000000,32.5908,32.8403,32.0918,32.5908,0,0
TEN_PE,D,20201124,000000,32.5908,32.5908,23.1962,23.1962,0,0
TEN_PE,D,20201125,000000,23.1131,23.4458,22.7804,23.3626,0,0
TEN_PE,D,20201126,000000,22.6973,22.9467,22.0318,22.4477,0,0
TEN_PE,D,20201127,000000,22.4477,22.4477,21.7001,21.7001,0,0
TEN_PE,D,20201130,000000,21.7824,22.7804,21.7824,22.2814,0,0
TEN_PE,D,20201201,000000,22.2814,22.7804,19.3713,19.3713,0,0
TEN_PE,D,20201202,000000,19.5377,20.5357,19.5377,20.5357,0,0
TEN_PE,D,20201203,000000,20.702,21.3674,20.5357,21.1179,0,0
TEN_PE,D,20201204,000000,21.5337,21.7001,20.5357,21.4506,0,0
TEN_PE,D,20201207,000000,21.2842,21.2842,20.0367,20.5357,0,0
TEN_PE,D,20201208,000000,20.2862,20.5357,20.0367,20.5357,0,0
TEN_PE,D,20201209,000000,20.4525,20.4525,19.7041,19.9535,0,0
TEN_PE,D,20201210,000000,19.9535,20.6189,19.8704,20.5357,0,0
TEN_PE,D,20201211,000000,20.9516,20.9516,20.1198,20.1198,0,0
TEN_PE,D,20201214,000000,20.1198,20.2862,19.7041,20.1198,0,0
TEN_PE,D,20201215,000000,20.1198,20.2031,19.4545,19.7872,0,0
TEN_PE,D,20201216,000000,19.7872,20.1198,19.6209,20.1198,0,0
TEN_PE,D,20201217,000000,20.2862,20.7853,20.2862,20.3694,0,0
TEN_PE,D,20201218,000000,20.2862,20.2862,19.6209,19.7041,0,0
TEN_PE,D,20201221,000000,19.6209,19.6209,19.2882,19.3713,0,0
TEN_PE,D,20201222,000000,19.3713,19.9535,19.3713,19.5377,0,0
TEN_PE,D,20201223,000000,19.7041,20.5357,19.4545,20.2862,0,0
TEN_PE,D,20201228,000000,20.4525,21.3674,20.2031,21.1179,0,0
TEN_PE,D,20201229,000000,21.2842,21.4506,21.1179,21.201,0,0
TEN_PE,D,20201230,000000,21.2842,21.9487,21.1179,21.5337,0,0
TEN_PE,D,20210104,000000,21.4506,21.8655,21.2842,21.7001,0,0
TEN_PE,D,20210105,000000,22.0318,22.7804,21.6169,21.6169,0,0
TEN_PE,D,20210107,000000,21.9487,21.9487,20.4525,20.4525,0,0
TEN_PE,D,20210108,000000,20.4525,21.5337,20.4525,21.4506,0,0
TEN_PE,D,20210111,000000,21.3674,22.2814,21.3674,21.4506,0,0
TEN_PE,D,20210112,000000,21.4506,21.7001,21.3674,21.5337,0,0
TEN_PE,D,20210113,000000,20.2031,20.5357,20.2031,20.2862,0,0
TEN_PE,D,20210114,000000,20.2862,20.2862,19.8704,19.8704,0,0
TEN_PE,D,20210115,000000,19.8704,19.8704,19.3713,19.6209,0,0
TEN_PE,D,20210118,000000,19.6209,19.9535,19.5377,19.8704,0,0
TEN_PE,D,20210119,000000,19.9535,20.1198,19.7041,19.8704,0,0
TEN_PE,D,20210120,000000,19.8704,19.8704,19.3713,19.4545,0,0
TEN_PE,D,20210121,000000,19.6209,19.6209,18.6237,18.6237,0,0
TEN_PE,D,20210122,000000,18.6237,19.7041,18.6237,19.7041,0,0
TEN_PE,D,20210125,000000,19.8704,20.2862,19.205,19.4545,0,0
TEN_PE,D,20210126,000000,19.4545,19.6209,19.2882,19.4545,0,0
TEN_PE,D,20210127,000000,19.4545,19.7872,19.4545,19.7041,0,0
TEN_PE,D,20210128,000000,19.6209,20.1198,19.205,20.1198,0,0
TEN_PE,D,20210129,000000,19.9535,20.0367,19.4545,19.4545,0,0
TEN_PE,D,20210201,000000,19.7041,20.1198,19.4545,20.1198,0,0
TEN_PE,D,20210202,000000,20.1198,21.1179,20.1198,21.1179,0,0
TEN_PE,D,20210203,000000,21.1179,21.1179,20.2862,20.2862,0,0
TEN_PE,D,20210204,000000,20.2862,20.6189,20.2031,20.3694,0,0
TEN_PE,D,20210205,000000,20.2862,20.702,20.2862,20.2862,0,0
TEN_PE,D,20210208,000000,20.4525,21.2842,20.4525,21.2842,0,0
TEN_PE,D,20210209,000000,21.2842,21.2842,20.702,20.702,0,0
TEN_PE,D,20210210,000000,20.8684,20.8684,20.4525,20.6189,0,0
TEN_PE,D,20210211,000000,20.6189,21.5337,20.5357,21.5337,0,0
TEN_PE,D,20210212,000000,21.5337,21.5337,21.201,21.2842,0,0
TEN_PE,D,20210215,000000,21.4506,22.2814,21.3674,22.2814,0,0
TEN_PE,D,20210216,000000,22.3646,23.2794,22.1983,23.2794,0,0
TEN_PE,D,20210217,000000,23.3626,23.3626,22.5309,22.5309,0,0
TEN_PE,D,20210218,000000,22.5309,23.0299,22.3646,22.7804,0,0
TEN_PE,D,20210219,000000,22.6973,22.7804,21.5337,21.7001,0,0
TEN_PE,D,20210222,000000,21.7001,21.7001,20.3694,20.702,0,0
TEN_PE,D,20210223,000000,20.7853,20.7853,20.2031,20.5357,0,0
TEN_PE,D,20210224,000000,20.2862,21.201,20.2862,21.1179,0,0
TEN_PE,D,20210225,000000,21.201,21.3674,20.0367,20.1198,0,0
TEN_PE,D,20210226,000000,19.8704,19.8704,19.4545,19.4545,0,0
TEN_PE,D,20210301,000000,19.6209,20.4525,19.6209,20.4525,0,0
TEN_PE,D,20210302,000000,20.4525,21.1179,20.2862,20.6189,0,0
TEN_PE,D,20210303,000000,20.4525,20.702,20.0367,20.3694,0,0
TEN_PE,D,20210304,000000,20.3694,20.3694,19.7872,20.3694,0,0
TEN_PE,D,20210305,000000,20.2862,20.2862,19.4545,19.5377,0,0
TEN_PE,D,20210308,000000,19.6209,19.8704,19.5377,19.7872,0,0
TEN_PE,D,20210309,000000,19.7872,19.8704,19.6209,19.7041,0,0
TEN_PE,D,20210310,000000,19.7872,20.1198,19.7041,19.7041,0,0
TEN_PE,D,20210311,000000,20.0367,20.0367,19.5377,19.6209,0,0
TEN_PE,D,20210312,000000,19.7872,19.7872,19.4545,19.5377,0,0
TEN_PE,D,20210315,000000,19.6209,19.7872,19.4545,19.5377,0,0
TEN_PE,D,20210316,000000,19.5377,19.7041,19.5377,19.5377,0,0
TEN_PE,D,20210317,000000,19.5377,19.7041,18.7901,19.0395,0,0
TEN_PE,D,20210318,000000,19.0395,19.7041,19.0395,19.2882,0,0
TEN_PE,D,20210319,000000,18.7901,19.2882,18.7901,19.2882,0,0
TEN_PE,D,20210322,000000,19.3713,19.3713,18.8732,18.8732,0,0
TEN_PE,D,20210323,000000,18.8732,20.1198,18.5405,20.1198,0,0
TEN_PE,D,20210324,000000,20.1198,21.2842,20.1198,20.6189,0,0
TEN_PE,D,20210325,000000,20.6189,21.0347,20.5357,20.6189,0,0
TEN_PE,D,20210326,000000,20.6189,21.1179,20.6189,20.6189,0,0
TEN_PE,D,20210329,000000,20.6189,20.9516,20.4525,20.9516,0,0
TEN_PE,D,20210330,000000,21.1179,21.1179,20.7853,21.0347,0,0
TEN_PE,D,20210331,000000,20.7853,20.8684,20.6189,20.6189,0,0
TEN_PE,D,20210401,000000,20.6189,21.0347,20.3694,21.0347,0,0
TEN_PE,D,20210406,000000,21.1179,21.1179,20.5357,20.702,0,0
TEN_PE,D,20210407,000000,20.702,20.702,20.0367,20.1198,0,0
TEN_PE,D,20210408,000000,20.0367,20.2031,19.6209,19.7872,0,0
TEN_PE,D,20210409,000000,19.7041,20.4525,19.7041,20.1198,0,0
TEN_PE,D,20210412,000000,20.1198,20.3694,20.1198,20.3694,0,0
TEN_PE,D,20210413,000000,20.3694,20.5357,20.1198,20.1198,0,0
TEN_PE,D,20210414,000000,20.2862,20.3694,20.1198,20.2031,0,0
TEN_PE,D,20210415,000000,20.2031,20.2031,19.8704,19.8704,0,0
TEN_PE,D,20210416,000000,19.9535,20.0367,19.6209,19.6209,0,0
TEN_PE,D,20210419,000000,19.6209,19.8704,19.6209,19.7041,0,0
TEN_PE,D,20210420,000000,19.8704,19.8704,19.4545,19.7041,0,0
TEN_PE,D,20210421,000000,19.7872,19.7872,18.6237,18.7068,0,0
TEN_PE,D,20210422,000000,18.7901,18.9564,18.0415,18.3742,0,0
TEN_PE,D,20210423,000000,18.1247,18.3742,18.1247,18.3742,0,0
TEN_PE,D,20210426,000000,18.3742,18.3742,17.6257,17.7089,0,0
TEN_PE,D,20210427,000000,17.6257,18.2079,17.6257,17.8752,0,0
TEN_PE,D,20210428,000000,17.7089,18.4574,17.7089,18.1247,0,0
TEN_PE,D,20210429,000000,18.2911,18.3742,17.792,18.0415,0,0
TEN_PE,D,20210430,000000,18.0415,18.0415,17.5425,17.6257,0,0
TEN_PE,D,20210504,000000,17.6257,17.6257,16.5453,16.6277,0,0
TEN_PE,D,20210505,000000,16.5453,16.9603,16.2959,16.2959,0,0
TEN_PE,D,20210506,000000,16.2959,16.7108,15.7137,16.7108,0,0
TEN_PE,D,20210507,000000,16.7108,17.2098,16.5453,17.1267,0,0
TEN_PE,D,20210510,000000,17.293,17.293,16.5453,16.6277,0,0
TEN_PE,D,20210511,000000,16.794,16.9603,16.379,16.9603,0,0
TEN_PE,D,20210512,000000,17.0435,17.2098,16.1295,16.2126,0,0
TEN_PE,D,20210513,000000,16.2959,16.2959,15.2978,15.4641,0,0
TEN_PE,D,20210514,000000,15.5473,16.7108,15.5473,16.6277,0,0
TEN_PE,D,20210517,000000,16.6277,16.7108,16.4622,16.5453,0,0
TEN_PE,D,20210518,000000,16.6277,16.7108,16.2126,16.6277,0,0
TEN_PE,D,20210519,000000,16.379,16.8771,16.379,16.5453,0,0
TEN_PE,D,20210520,000000,16.794,18.3742,16.794,18.2911,0,0
TEN_PE,D,20210521,000000,18.2911,18.2911,17.6257,17.7089,0,0
TEN_PE,D,20210524,000000,17.7089,17.7089,17.1267,17.3762,0,0
TEN_PE,D,20210525,000000,17.0435,18.1247,15.2978,15.2978,0,0
TEN_PE,D,20210526,000000,15.2978,15.4641,15.2147,15.2978,0,0
TEN_PE,D,20210527,000000,15.2978,15.7137,15.2978,15.2978,0,0
TEN_PE,D,20210528,000000,15.6305,15.6305,15.381,15.4641,0,0
TEN_PE,D,20210531,000000,15.4641,15.5473,15.2978,15.381,0,0
TEN_PE,D,20210601,000000,15.381,15.6305,15.2978,15.381,0,0
TEN_PE,D,20210602,000000,15.5473,16.1295,15.5473,16.1295,0,0
TEN_PE,D,20210604,000000,16.0463,16.0463,15.5473,15.7969,0,0
TEN_PE,D,20210607,000000,15.7969,16.2126,15.2978,15.2978,0,0
TEN_PE,D,20210608,000000,15.2978,15.381,14.9651,15.0484,0,0
TEN_PE,D,20210609,000000,15.0484,15.381,15.0484,15.381,0,0
TEN_PE,D,20210610,000000,15.5473,15.7969,15.4641,15.5473,0,0
TEN_PE,D,20210611,000000,15.9632,16.6277,15.9632,16.6277,0,0
TEN_PE,D,20210614,000000,16.5453,16.5453,16.0463,16.0463,0,0
TEN_PE,D,20210615,000000,16.1295,16.1295,15.7137,15.9632,0,0
TEN_PE,D,20210616,000000,15.9632,16.2126,15.9632,16.1295,0,0
TEN_PE,D,20210617,000000,16.1295,16.1295,15.7969,15.9632,0,0
TEN_PE,D,20210618,000000,15.9632,16.2126,15.7969,15.7969,0,0
TEN_PE,D,20210621,000000,15.7969,15.7969,15.1315,15.2147,0,0
TEN_PE,D,20210622,000000,15.381,15.88,15.2978,15.7969,0,0
TEN_PE,D,20210623,000000,15.88,15.88,15.6305,15.7969,0,0
TEN_PE,D,20210624,000000,15.88,17.0435,15.88,17.0435,0,0
TEN_PE,D,20210625,000000,17.0435,17.0435,16.379,16.4622,0,0
TEN_PE,D,20210628,000000,16.5453,19.3713,16.2959,18.5405,0,0
TEN_PE,D,20210629,000000,18.6237,18.6237,17.8752,18.3742,0,0
TEN_PE,D,20210630,000000,18.3742,18.3742,17.6257,17.6257,0,0
TEN_PE,D,20210701,000000,17.8752,18.1247,17.5425,17.6257,0,0
TEN_PE,D,20210702,000000,18.246,18.4157,17.8217,17.8217,0,0
TEN_PE,D,20210705,000000,17.7369,18.4157,17.7369,18.0763,0,0
TEN_PE,D,20210706,000000,18.0763,18.7553,18.0763,18.3309,0,0
TEN_PE,D,20210707,000000,18.3309,18.4157,17.9915,18.0763,0,0
TEN_PE,D,20210708,000000,18.3309,18.3309,17.9915,18.1612,0,0
TEN_PE,D,20210709,000000,18.1612,18.3309,18.0763,18.1612,0,0
TEN_PE,D,20210712,000000,18.1612,18.8401,18.1612,18.6704,0,0
TEN_PE,D,20210713,000000,18.7553,18.7553,18.5006,18.5856,0,0
TEN_PE,D,20210714,000000,18.5856,18.5856,18.3309,18.3309,0,0
TEN_PE,D,20210715,000000,18.5006,18.5006,18.1612,18.3309,0,0
TEN_PE,D,20210716,000000,18.3309,18.7553,18.3309,18.7553,0,0
TEN_PE,D,20210719,000000,18.8401,18.8401,18.5006,18.5856,0,0
TEN_PE,D,20210720,000000,18.6704,18.8401,18.5006,18.5006,0,0
TEN_PE,D,20210721,000000,18.5006,19.2644,18.5006,19.1796,0,0
TEN_PE,D,20210722,000000,19.1796,19.519,19.0098,19.4341,0,0
TEN_PE,D,20210723,000000,19.519,19.9434,19.3493,19.3493,0,0
TEN_PE,D,20210726,000000,19.3493,19.519,19.1796,19.3493,0,0
TEN_PE,D,20210727,000000,19.3493,19.519,19.0947,19.0947,0,0
TEN_PE,D,20210728,000000,19.0947,19.3493,18.8401,19.2644,0,0
TEN_PE,D,20210729,000000,19.3493,19.6888,19.1796,19.519,0,0
TEN_PE,D,20210730,000000,19.519,19.9434,19.3493,19.9434,0,0
TEN_PE,D,20210802,000000,20.0282,20.3676,19.6888,20.1979,0,0
TEN_PE,D,20210803,000000,20.2828,20.4525,19.7736,19.7736,0,0
TEN_PE,D,20210804,000000,19.7736,20.2828,19.7736,20.1131,0,0
TEN_PE,D,20210805,000000,20.1131,20.1979,19.8585,20.1131,0,0
TEN_PE,D,20210806,000000,19.8585,20.1131,19.8585,19.9434,0,0
TEN_PE,D,20210809,000000,20.1131,20.1131,19.7736,19.8585,0,0
TEN_PE,D,20210810,000000,19.9434,20.0282,19.3493,19.3493,0,0
TEN_PE,D,20210811,000000,19.3493,19.6039,19.3493,19.4341,0,0
TEN_PE,D,20210812,000000,19.2644,19.4341,18.925,19.0098,0,0
TEN_PE,D,20210813,000000,19.0098,19.3493,18.8401,19.3493,0,0
TEN_PE,D,20210816,000000,19.3493,19.3493,18.8401,18.925,0,0
TEN_PE,D,20210817,000000,18.925,19.3493,18.925,19.1796,0,0
TEN_PE,D,20210818,000000,19.2644,19.2644,18.925,19.0098,0,0
TEN_PE,D,20210819,000000,19.0098,19.0947,18.7553,19.0947,0,0
TEN_PE,D,20210820,000000,19.1796,19.2644,18.925,19.1796,0,0
TEN_PE,D,20210823,000000,19.1796,19.2644,18.925,18.925,0,0
TEN_PE,D,20210824,000000,18.7553,19.3493,18.1612,18.8401,0,0
TEN_PE,D,20210825,000000,19.0098,19.6039,18.7553,18.7553,0,0
TEN_PE,D,20210826,000000,18.7553,19.0098,18.4157,18.5006,0,0
TEN_PE,D,20210827,000000,18.5006,18.8401,18.5006,18.8401,0,0
TEN_PE,D,20210830,000000,18.8401,18.8401,18.0763,18.0763,0,0
TEN_PE,D,20210831,000000,18.1612,18.5006,17.9066,17.9066,0,0
TEN_PE,D,20210901,000000,17.9066,18.3309,17.9066,18.246,0,0
TEN_PE,D,20210902,000000,18.246,18.6704,18.1612,18.6704,0,0
TEN_PE,D,20210903,000000,18.6704,18.7553,18.4157,18.6704,0,0
TEN_PE,D,20210906,000000,18.8401,19.1796,18.7553,19.0098,0,0
TEN_PE,D,20210907,000000,19.0098,19.3493,18.925,19.3493,0,0
TEN_PE,D,20210908,000000,19.3493,19.3493,18.6704,18.8401,0,0
TEN_PE,D,20210909,000000,18.8401,19.2644,18.4157,19.1796,0,0
TEN_PE,D,20210910,000000,19.3493,19.4341,19.0098,19.2644,0,0
TEN_PE,D,20210913,000000,19.3493,19.3493,19.1796,19.1796,0,0
TEN_PE,D,20210914,000000,19.1796,19.2644,19.0947,19.1796,0,0
TEN_PE,D,20210915,000000,19.1796,19.1796,19.0098,19.0098,0,0
TEN_PE,D,20210916,000000,19.0947,19.1796,18.925,19.0947,0,0
TEN_PE,D,20210917,000000,19.1796,19.3493,19.0098,19.1796,0,0
TEN_PE,D,20210920,000000,19.1796,19.1796,18.3309,18.4157,0,0
TEN_PE,D,20210921,000000,18.3309,18.5856,18.3309,18.5856,0,0
TEN_PE,D,20210922,000000,18.6704,18.8401,18.4157,18.4157,0,0
TEN_PE,D,20210923,000000,18.5006,18.7553,18.4157,18.6704,0,0
TEN_PE,D,20210924,000000,18.8401,18.8401,18.3309,18.4157,0,0
TEN_PE,D,20210927,000000,18.3309,18.5006,18.246,18.3309,0,0
TEN_PE,D,20210928,000000,18.246,18.4157,18.0763,18.0763,0,0
TEN_PE,D,20210929,000000,18.0763,18.246,18.0763,18.1612,0,0
TEN_PE,D,20210930,000000,18.246,18.5006,18.1612,18.5006,0,0
TEN_PE,D,20211001,000000,18.4157,18.5006,18.0763,18.0763,0,0
TEN_PE,D,20211004,000000,18.246,18.246,17.3125,17.5672,0,0
TEN_PE,D,20211005,000000,17.5672,17.7369,17.3125,17.5672,0,0
TEN_PE,D,20211006,000000,17.7369,17.7369,16.6336,16.8034,0,0
TEN_PE,D,20211007,000000,16.8034,17.3125,16.8034,17.2276,0,0
TEN_PE,D,20211008,000000,17.1428,17.3125,17.0579,17.3125,0,0
TEN_PE,D,20211011,000000,17.3974,17.7369,17.3974,17.652,0,0
TEN_PE,D,20211012,000000,15.106,15.106,14.0028,14.1725,0,0
TEN_PE,D,20211013,000000,14.2574,14.4271,13.9179,14.0028,0,0
TEN_PE,D,20211014,000000,14.0876,14.2574,13.9179,14.0028,0,0
TEN_PE,D,20211015,000000,14.1725,14.1725,13.1541,13.3238,0,0
TEN_PE,D,20211018,000000,13.3238,13.5785,13.1541,13.239,0,0
TEN_PE,D,20211019,000000,13.239,13.239,12.7298,12.8147,0,0
TEN_PE,D,20211020,000000,12.8147,12.8147,12.3903,12.4752,0,0
TEN_PE,D,20211021,000000,12.4752,12.4752,12.1357,12.2206,0,0
TEN_PE,D,20211022,000000,12.2206,12.645,12.2206,12.4752,0,0
TEN_PE,D,20211025,000000,12.645,12.8995,12.3903,12.4752,0,0
TEN_PE,D,20211026,000000,12.4752,12.645,12.3903,12.5601,0,0
TEN_PE,D,20211027,000000,12.645,12.645,12.3054,12.3903,0,0
TEN_PE,D,20211028,000000,12.3903,12.8147,12.3054,12.7298,0,0
TEN_PE,D,20211029,000000,12.8995,12.8995,12.3054,12.3903,0,0
TEN_PE,D,20211102,000000,12.3903,12.3903,11.7963,11.966,0,0
TEN_PE,D,20211103,000000,11.966,12.0509,11.8812,12.0509,0,0
TEN_PE,D,20211104,000000,12.2206,12.3903,11.8812,12.3903,0,0
TEN_PE,D,20211105,000000,12.3903,12.645,12.2206,12.3054,0,0
TEN_PE,D,20211108,000000,12.3903,12.4752,12.3054,12.3054,0,0
TEN_PE,D,20211109,000000,12.3054,12.3054,11.966,11.966,0,0
TEN_PE,D,20211110,000000,12.1357,12.2206,11.7114,11.8812,0,0
TEN_PE,D,20211112,000000,11.8812,12.2206,11.8812,12.1357,0,0
TEN_PE,D,20211115,000000,12.3054,12.4752,12.1357,12.1357,0,0
TEN_PE,D,20211116,000000,12.2206,12.3054,12.1357,12.3054,0,0
TEN_PE,D,20211117,000000,12.3903,12.3903,11.966,11.966,0,0
TEN_PE,D,20211118,000000,11.966,12.3054,11.7963,12.2206,0,0
TEN_PE,D,20211119,000000,12.3054,12.8995,12.3054,12.3903,0,0
TEN_PE,D,20211122,000000,12.5601,12.5601,12.0509,12.1357,0,0
TEN_PE,D,20211123,000000,11.966,13.3238,11.966,13.3238,0,0
TEN_PE,D,20211124,000000,13.5785,15.7001,12.645,15.7001,0,0
TEN_PE,D,20211125,000000,15.785,15.8698,15.2757,15.2757,0,0
TEN_PE,D,20211126,000000,15.0212,16.1244,15.0212,16.0395,0,0
TEN_PE,D,20211129,000000,16.2093,16.2093,15.3606,15.4454,0,0
TEN_PE,D,20211130,000000,15.3606,15.4454,15.1909,15.1909,0,0
TEN_PE,D,20211201,000000,15.2757,15.3606,15.1909,15.2757,0,0
TEN_PE,D,20211202,000000,15.2757,15.4454,14.9363,14.9363,0,0
TEN_PE,D,20211203,000000,15.106,15.2757,15.0212,15.2757,0,0
TEN_PE,D,20211206,000000,15.3606,15.3606,14.7666,14.7666,0,0
TEN_PE,D,20211207,000000,14.9363,15.3606,14.9363,15.1909,0,0
TEN_PE,D,20211208,000000,15.2757,15.5304,15.2757,15.3606,0,0
TEN_PE,D,20211209,000000,15.3606,15.4454,15.1909,15.1909,0,0
TEN_PE,D,20211210,000000,15.1909,15.2757,14.8515,14.8515,0,0
TEN_PE,D,20211213,000000,14.9363,14.9363,14.6817,14.7666,0,0
TEN_PE,D,20211214,000000,14.7666,14.7666,14.0028,14.5969,0,0
TEN_PE,D,20211215,000000,14.6817,14.6817,13.6634,13.7482,0,0
TEN_PE,D,20211216,000000,13.9179,14.4271,13.6634,14.2574,0,0
TEN_PE,D,20211217,000000,14.0876,14.1725,13.8331,13.9179,0,0
TEN_PE,D,20211220,000000,13.8331,14.0876,13.6634,14.0876,0,0
TEN_PE,D,20211221,000000,14.0876,14.4271,13.8331,14.4271,0,0
TEN_PE,D,20211222,000000,14.4271,15.1909,14.4271,15.1909,0,0
TEN_PE,D,20211223,000000,15.3606,15.3606,15.0212,15.3606,0,0
TEN_PE,D,20211227,000000,15.3606,15.3606,14.7666,14.8515,0,0
TEN_PE,D,20211228,000000,14.8515,15.2757,14.8515,15.1909,0,0
TEN_PE,D,20211229,000000,15.1909,15.5304,15.106,15.1909,0,0
TEN_PE,D,20211230,000000,15.2757,15.4454,15.106,15.1909,0,0
TEN_PE,D,20220103,000000,15.4454,16.0395,15.4454,16.0395,0,0
TEN_PE,D,20220104,000000,16.1244,16.5488,15.9547,16.379,0,0
TEN_PE,D,20220105,000000,16.379,16.379,15.6153,15.6153,0,0
TEN_PE,D,20220107,000000,15.8698,15.8698,15.6153,15.7001,0,0
TEN_PE,D,20220110,000000,15.9547,16.6336,15.6153,16.4638,0,0
TEN_PE,D,20220111,000000,16.5488,16.9731,16.5488,16.8034,0,0
TEN_PE,D,20220112,000000,16.9731,16.9731,16.5488,16.7185,0,0
TEN_PE,D,20220113,000000,16.7185,16.8882,16.2093,16.2941,0,0
TEN_PE,D,20220114,000000,16.2941,16.5488,16.0395,16.1244,0,0
TEN_PE,D,20220117,000000,16.2941,16.5488,16.1244,16.1244,0,0
TEN_PE,D,20220118,000000,16.1244,16.379,15.7001,15.9547,0,0
TEN_PE,D,20220119,000000,15.8698,15.8698,15.4454,15.4454,0,0
TEN_PE,D,20220120,000000,14.0876,14.3422,13.7482,13.7482,0,0
TEN_PE,D,20220121,000000,13.6634,13.8331,12.8147,12.8995,0,0
TEN_PE,D,20220124,000000,12.8995,13.1541,11.966,12.1357,0,0
TEN_PE,D,20220125,000000,12.3054,12.4752,10.8628,10.8628,0,0
TEN_PE,D,20220126,000000,10.8628,11.1173,10.2687,10.4384,0,0
TEN_PE,D,20220127,000000,10.3535,11.2871,10.3535,10.8628,0,0
TEN_PE,D,20220128,000000,10.9476,10.9476,10.099,10.1838,0,0
TEN_PE,D,20220131,000000,10.6082,11.0325,10.1838,10.9476,0,0
TEN_PE,D,20220201,000000,11.1173,11.4568,10.4384,10.6082,0,0
TEN_PE,D,20220202,000000,10.6931,11.2022,10.6931,11.1173,0,0
TEN_PE,D,20220203,000000,11.0325,11.1173,10.6931,10.8628,0,0
TEN_PE,D,20220204,000000,10.8628,10.9476,10.6082,10.6931,0,0
TEN_PE,D,20220207,000000,10.8628,10.8628,10.4384,10.7779,0,0
TEN_PE,D,20220208,000000,10.8628,10.8628,10.2687,10.4384,0,0
TEN_PE,D,20220209,000000,10.4384,10.8628,10.4384,10.8628,0,0
TEN_PE,D,20220210,000000,10.8628,10.8628,10.4384,10.7779,0,0
TEN_PE,D,20220211,000000,10.6082,10.8628,10.4384,10.7779,0,0
TEN_PE,D,20220214,000000,10.5233,10.5233,9.92929,10.0141,0,0
TEN_PE,D,20220215,000000,10.0141,10.3535,10.0141,10.2687,0,0
TEN_PE,D,20220216,000000,10.3535,10.5233,10.0141,10.0141,0,0
TEN_PE,D,20220217,000000,10.0141,10.099,9.50495,9.58976,0,0
TEN_PE,D,20220218,000000,9.58976,9.67466,9.25032,9.33523,0,0
TEN_PE,D,20220221,000000,9.50495,9.50495,8.91086,9.08059,0,0
TEN_PE,D,20220222,000000,8.82599,9.16545,8.82599,9.16545,0,0
TEN_PE,D,20220223,000000,9.25032,9.42004,8.74113,8.74113,0,0
TEN_PE,D,20220224,000000,8.0622,8.40167,7.38329,8.14707,0,0
TEN_PE,D,20220225,000000,8.48654,8.82599,8.3168,8.82599,0,0
TEN_PE,D,20220228,000000,8.48654,9.25032,8.48654,9.25032,0,0
TEN_PE,D,20220301,000000,9.25032,9.33523,9.16545,9.25032,0,0
TEN_PE,D,20220302,000000,9.25032,9.33523,8.99573,9.25032,0,0
TEN_PE,D,20220303,000000,9.33523,9.33523,8.99573,9.08059,0,0
TEN_PE,D,20220304,000000,8.91086,8.99573,8.74113,8.82599,0,0
TEN_PE,D,20220307,000000,8.48654,8.82599,8.3168,8.74113,0,0
TEN_PE,D,20220308,000000,8.74113,8.91086,8.40167,8.5714,0,0
TEN_PE,D,20220309,000000,8.65626,8.99573,8.65626,8.91086,0,0
TEN_PE,D,20220310,000000,9.08059,9.25032,8.82599,9.08059,0,0
TEN_PE,D,20220311,000000,9.25032,9.58976,9.16545,9.33523,0,0
TEN_PE,D,20220314,000000,9.42004,9.50495,9.25032,9.25032,0,0
TEN_PE,D,20220315,000000,9.25032,9.25032,8.91086,8.99573,0,0
TEN_PE,D,20220316,000000,9.08059,9.33523,8.91086,8.91086,0,0
TEN_PE,D,20220317,000000,9.16545,9.75948,9.08059,9.58976,0,0
TEN_PE,D,20220318,000000,9.84438,9.84438,9.33523,9.50495,0,0
TEN_PE,D,20220321,000000,9.67466,9.75948,9.50495,9.67466,0,0
TEN_PE,D,20220322,000000,9.67466,9.67466,9.42004,9.50495,0,0
TEN_PE,D,20220323,000000,9.50495,9.58976,9.25032,9.25032,0,0
TEN_PE,D,20220324,000000,9.33523,9.50495,9.25032,9.50495,0,0
TEN_PE,D,20220325,000000,9.58976,9.67466,9.42004,9.42004,0,0
TEN_PE,D,20220328,000000,9.50495,9.50495,9.16545,9.16545,0,0
TEN_PE,D,20220329,000000,9.25032,9.42004,9.25032,9.33523,0,0
TEN_PE,D,20220330,000000,9.33523,9.50495,9.33523,9.42004,0,0
TEN_PE,D,20220331,000000,9.16545,9.16545,8.48654,8.48654,0,0
TEN_PE,D,20220401,000000,8.65626,8.91086,8.5714,8.74113,0,0
TEN_PE,D,20220404,000000,8.99573,8.99573,8.65626,8.74113,0,0
TEN_PE,D,20220405,000000,8.82599,8.82599,8.48654,8.5714,0,0
TEN_PE,D,20220406,000000,8.48654,8.48654,8.14707,8.14707,0,0
TEN_PE,D,20220407,000000,8.0622,8.0622,7.04382,7.04382,0,0
TEN_PE,D,20220408,000000,7.12869,7.21355,6.78923,6.95895,0,0
TEN_PE,D,20220411,000000,6.95895,7.38329,6.95895,7.38329,0,0
TEN_PE,D,20220412,000000,7.38329,7.38329,6.8741,6.8741,0,0
TEN_PE,D,20220413,000000,6.95895,7.21355,6.78923,7.21355,0,0
TEN_PE,D,20220414,000000,7.21355,7.63788,7.04382,7.63788,0,0
TEN_PE,D,20220419,000000,7.72274,7.72274,7.38329,7.55301,0,0
TEN_PE,D,20220420,000000,7.63788,7.63788,7.04382,7.04382,0,0
TEN_PE,D,20220421,000000,7.12869,7.29842,7.04382,7.04382,0,0
TEN_PE,D,20220422,000000,7.12869,7.12869,6.8741,6.95895,0,0
TEN_PE,D,20220425,000000,7.12869,7.38329,7.04382,7.29842,0,0
TEN_PE,D,20220426,000000,7.46815,7.46815,6.8741,6.8741,0,0
TEN_PE,D,20220427,000000,6.95895,6.95895,6.70436,6.70436,0,0
TEN_PE,D,20220428,000000,6.8741,7.04382,6.70436,6.95895,0,0
TEN_PE,D,20220429,000000,6.95895,7.12869,6.78923,6.78923,0,0
TEN_PE,D,20220502,000000,6.8741,6.95895,6.6195,6.95895,0,0
TEN_PE,D,20220504,000000,7.04382,7.29842,7.04382,7.29842,0,0
TEN_PE,D,20220505,000000,7.38329,7.38329,6.95895,6.95895,0,0
TEN_PE,D,20220506,000000,6.8741,7.12869,6.78923,7.12869,0,0
TEN_PE,D,20220509,000000,7.12869,7.12869,6.78923,6.78923,0,0
TEN_PE,D,20220510,000000,6.78923,6.95895,6.70436,6.70436,0,0
TEN_PE,D,20220511,000000,6.78923,6.8741,6.70436,6.8741,0,0
TEN_PE,D,20220512,000000,6.78923,6.95895,6.70436,6.8741,0,0
TEN_PE,D,20220513,000000,6.95895,6.95895,6.78923,6.78923,0,0
TEN_PE,D,20220516,000000,6.8741,6.8741,6.6195,6.70436,0,0
TEN_PE,D,20220517,000000,6.78923,7.04382,6.70436,6.95895,0,0
TEN_PE,D,20220518,000000,6.95895,7.04382,6.44976,6.44976,0,0
TEN_PE,D,20220519,000000,6.3649,6.44976,6.28004,6.3649,0,0
TEN_PE,D,20220520,000000,6.44976,6.70436,6.44976,6.6195,0,0
TEN_PE,D,20220523,000000,6.70436,6.8741,6.53463,6.6195,0,0
TEN_PE,D,20220524,000000,6.3649,6.70436,5.43138,6.70436,0,0
TEN_PE,D,20220525,000000,6.78923,6.78923,6.6195,6.78923,0,0
TEN_PE,D,20220526,000000,6.78923,6.95895,6.78923,6.78923,0,0
TEN_PE,D,20220527,000000,6.78923,6.95895,6.70436,6.95895,0,0
TEN_PE,D,20220530,000000,7.04382,7.46815,7.04382,7.21355,0,0
TEN_PE,D,20220531,000000,7.21355,7.21355,6.8741,6.95895,0,0
TEN_PE,D,20220601,000000,7.18286,7.73538,6.99868,6.99868,0,0
TEN_PE,D,20220602,000000,6.99868,6.99868,6.63033,6.72242,0,0
TEN_PE,D,20220603,000000,6.81451,6.99868,6.63033,6.63033,0,0
TEN_PE,D,20220606,000000,6.72242,6.90659,6.63033,6.81451,0,0
TEN_PE,D,20220607,000000,6.81451,6.81451,6.44615,6.44615,0,0
TEN_PE,D,20220608,000000,6.53824,6.53824,6.26198,6.26198,0,0
TEN_PE,D,20220609,000000,6.35407,6.35407,6.0778,6.35407,0,0
TEN_PE,D,20220610,000000,6.26198,6.26198,6.16989,6.16989,0,0
TEN_PE,D,20220613,000000,6.0778,6.0778,5.80154,5.89363,0,0
TEN_PE,D,20220614,000000,5.89363,5.98571,5.80154,5.80154,0,0
TEN_PE,D,20220615,000000,5.98571,5.98571,5.80154,5.89363,0,0
TEN_PE,D,20220617,000000,5.80154,6.26198,5.80154,6.16989,0,0
TEN_PE,D,20220620,000000,6.35407,6.53824,6.16989,6.53824,0,0
TEN_PE,D,20220621,000000,6.63033,6.63033,6.35407,6.63033,0,0
TEN_PE,D,20220622,000000,6.63033,6.63033,6.35407,6.53824,0,0
TEN_PE,D,20220623,000000,6.53824,6.99868,6.53824,6.90659,0,0
TEN_PE,D,20220624,000000,6.90659,7.09077,6.81451,6.90659,0,0
TEN_PE,D,20220627,000000,6.90659,7.18286,6.90659,7.18286,0,0
TEN_PE,D,20220628,000000,7.27495,7.55121,7.18286,7.27495,0,0
TEN_PE,D,20220629,000000,7.09077,7.09077,6.81451,6.90659,0,0
TEN_PE,D,20220630,000000,6.81451,6.99868,6.63033,6.63033,0,0
TEN_PE,D,20220701,000000,6.63033,6.90659,6.63033,6.90659,0,0
TEN_PE,D,20220704,000000,6.90659,6.90659,6.63033,6.63033,0,0
TEN_PE,D,20220705,000000,6.53824,6.53824,5.70945,5.80154,0,0
TEN_PE,D,20220706,000000,5.89363,6.16989,5.80154,5.98571,0,0
TEN_PE,D,20220707,000000,6.0778,6.44615,5.89363,6.44615,0,0
TEN_PE,D,20220708,000000,6.44615,6.44615,6.26198,6.35407,0,0
TEN_PE,D,20220711,000000,6.35407,6.44615,6.26198,6.35407,0,0
TEN_PE,D,20220712,000000,6.35407,6.35407,5.98571,5.98571,0,0
TEN_PE,D,20220713,000000,5.89363,6.0778,5.89363,5.98571,0,0
TEN_PE,D,20220714,000000,5.98571,6.16989,5.70945,5.80154,0,0
TEN_PE,D,20220715,000000,5.80154,6.0778,5.80154,5.98571,0,0
TEN_PE,D,20220718,000000,5.98571,6.16989,5.98571,6.16989,0,0
TEN_PE,D,20220719,000000,6.0778,6.35407,6.0778,6.26198,0,0
TEN_PE,D,20220720,000000,6.26198,6.35407,6.26198,6.35407,0,0
TEN_PE,D,20220721,000000,6.35407,6.35407,6.0778,6.0778,0,0
TEN_PE,D,20220722,000000,6.0778,6.35407,6.0778,6.35407,0,0
TEN_PE,D,20220725,000000,6.35407,6.35407,5.98571,5.98571,0,0
TEN_PE,D,20220726,000000,5.98571,5.98571,5.89363,5.89363,0,0
TEN_PE,D,20220727,000000,5.98571,5.98571,5.70945,5.70945,0,0
TEN_PE,D,20220728,000000,5.80154,5.89363,5.52527,5.52527,0,0
TEN_PE,D,20220729,000000,5.61736,5.70945,5.52527,5.52527,0,0
TEN_PE,D,20220801,000000,5.61736,5.61736,5.43319,5.52527,0,0
TEN_PE,D,20220802,000000,5.52527,5.70945,5.43319,5.43319,0,0
TEN_PE,D,20220803,000000,5.43319,5.52527,5.43319,5.52527,0,0
TEN_PE,D,20220804,000000,5.52527,5.98571,5.52527,5.98571,0,0
TEN_PE,D,20220805,000000,6.0778,6.26198,5.89363,5.89363,0,0
TEN_PE,D,20220808,000000,5.89363,5.98571,5.80154,5.89363,0,0
TEN_PE,D,20220809,000000,5.98571,5.98571,5.70945,5.70945,0,0
TEN_PE,D,20220810,000000,5.80154,5.98571,5.70945,5.98571,0,0
TEN_PE,D,20220811,000000,6.0778,6.44615,5.89363,6.44615,0,0
TEN_PE,D,20220812,000000,6.44615,6.53824,6.35407,6.44615,0,0
TEN_PE,D,20220816,000000,6.53824,6.63033,6.35407,6.44615,0,0
TEN_PE,D,20220817,000000,6.44615,6.53824,6.44615,6.44615,0,0
TEN_PE,D,20220818,000000,6.44615,6.53824,6.35407,6.35407,0,0
TEN_PE,D,20220819,000000,6.26198,6.35407,6.0778,6.16989,0,0
TEN_PE,D,20220822,000000,6.16989,6.16989,5.98571,5.98571,0,0
TEN_PE,D,20220823,000000,5.89363,6.0778,5.89363,5.89363,0,0
TEN_PE,D,20220824,000000,5.89363,5.89363,5.80154,5.80154,0,0
TEN_PE,D,20220825,000000,5.89363,6.0778,5.89363,5.98571,0,0
TEN_PE,D,20220826,000000,6.0778,6.16989,5.89363,5.98571,0,0
TEN_PE,D,20220829,000000,5.89363,6.0778,5.80154,6.0778,0,0
TEN_PE,D,20220830,000000,5.98571,5.98571,5.61736,5.61736,0,0
TEN_PE,D,20220831,000000,5.80154,5.80154,5.52527,5.70945,0,0
TEN_PE,D,20220901,000000,5.70945,5.80154,5.52527,5.70945,0,0
TEN_PE,D,20220902,000000,5.80154,5.89363,5.61736,5.80154,0,0
TEN_PE,D,20220905,000000,5.89363,5.89363,5.61736,5.61736,0,0
TEN_PE,D,20220906,000000,5.52527,6.53824,5.52527,6.53824,0,0
TEN_PE,D,20220907,000000,6.63033,7.09077,6.63033,7.09077,0,0
TEN_PE,D,20220908,000000,7.18286,7.45912,6.90659,6.99868,0,0
TEN_PE,D,20220909,000000,7.09077,7.6433,7.09077,7.55121,0,0
TEN_PE,D,20220912,000000,7.6433,7.73538,7.36703,7.73538,0,0
TEN_PE,D,20220913,000000,7.73538,7.91956,7.55121,7.6433,0,0
TEN_PE,D,20220914,000000,7.55121,7.91956,7.55121,7.91956,0,0
TEN_PE,D,20220915,000000,8.01165,8.19582,7.73538,7.73538,0,0
TEN_PE,D,20220916,000000,7.73538,7.82747,7.55121,7.73538,0,0
TEN_PE,D,20220919,000000,7.82747,7.91956,7.6433,7.82747,0,0
TEN_PE,D,20220920,000000,7.82747,7.82747,7.6433,7.6433,0,0
TEN_PE,D,20220921,000000,7.6433,7.82747,7.6433,7.6433,0,0
TEN_PE,D,20220922,000000,7.6433,7.82747,7.27495,7.27495,0,0
TEN_PE,D,20220923,000000,7.36703,7.36703,6.90659,6.90659,0,0
TEN_PE,D,20220926,000000,6.90659,6.99868,6.72242,6.81451,0,0
TEN_PE,D,20220927,000000,6.90659,6.99868,6.81451,6.81451,0,0
TEN_PE,D,20220928,000000,6.72242,6.99868,6.63033,6.99868,0,0
TEN_PE,D,20220929,000000,6.99868,6.99868,6.63033,6.72242,0,0
TEN_PE,D,20220930,000000,6.63033,6.90659,6.63033,6.90659,0,0
TEN_PE,D,20221003,000000,6.99868,7.27495,6.81451,7.27495,0,0
TEN_PE,D,20221004,000000,7.36703,7.55121,7.27495,7.36703,0,0
TEN_PE,D,20221005,000000,7.45912,7.45912,7.27495,7.36703,0,0
TEN_PE,D,20221006,000000,7.45912,7.55121,7.18286,7.18286,0,0
TEN_PE,D,20221007,000000,7.18286,7.27495,7.09077,7.18286,0,0
TEN_PE,D,20221010,000000,7.18286,7.18286,6.90659,6.90659,0,0
TEN_PE,D,20221011,000000,6.99868,6.99868,6.90659,6.99868,0,0
TEN_PE,D,20221012,000000,6.99868,6.99868,6.72242,6.72242,0,0
TEN_PE,D,20221013,000000,6.72242,6.90659,6.53824,6.53824,0,0
TEN_PE,D,20221014,000000,6.72242,6.72242,6.44615,6.44615,0,0
TEN_PE,D,20221017,000000,6.44615,6.81451,6.26198,6.81451,0,0
TEN_PE,D,20221018,000000,6.72242,6.90659,6.72242,6.72242,0,0
TEN_PE,D,20221019,000000,6.72242,6.81451,6.53824,6.53824,0,0
TEN_PE,D,20221020,000000,6.63033,6.72242,6.53824,6.53824,0,0
TEN_PE,D,20221021,000000,6.53824,6.63033,6.44615,6.44615,0,0
TEN_PE,D,20221024,000000,6.53824,6.63033,6.35407,6.44615,0,0
TEN_PE,D,20221025,000000,6.53824,6.72242,6.44615,6.63033,0,0
TEN_PE,D,20221026,000000,6.63033,6.81451,6.63033,6.81451,0,0
TEN_PE,D,20221027,000000,6.90659,6.90659,6.72242,6.90659,0,0
TEN_PE,D,20221028,000000,6.90659,7.18286,6.72242,7.18286,0,0
TEN_PE,D,20221031,000000,7.18286,7.36703,7.09077,7.27495,0,0
TEN_PE,D,20221102,000000,7.36703,7.55121,7.18286,7.36703,0,0
TEN_PE,D,20221103,000000,7.27495,7.27495,6.99868,7.09077,0,0
TEN_PE,D,20221104,000000,7.27495,7.55121,7.27495,7.45912,0,0
TEN_PE,D,20221107,000000,7.55121,7.91956,7.45912,7.6433,0,0
TEN_PE,D,20221108,000000,7.73538,7.82747,7.55121,7.82747,0,0
TEN_PE,D,20221109,000000,7.91956,8.01165,7.6433,7.6433,0,0
TEN_PE,D,20221110,000000,7.6433,7.82747,7.45912,7.82747,0,0
TEN_PE,D,20221114,000000,7.91956,8.38,7.91956,8.28791,0,0
TEN_PE,D,20221115,000000,8.28791,8.28791,8.01165,8.01165,0,0
TEN_PE,D,20221116,000000,7.82747,8.10374,7.82747,8.10374,0,0
TEN_PE,D,20221117,000000,8.10374,8.10374,7.6433,7.6433,0,0
TEN_PE,D,20221118,000000,7.73538,8.01165,7.6433,7.82747,0,0
TEN_PE,D,20221121,000000,7.82747,7.82747,7.36703,7.36703,0,0
TEN_PE,D,20221122,000000,7.45912,9.57714,7.45912,9.57714,0,0
TEN_PE,D,20221123,000000,9.76132,10.3138,9.57714,9.85341,0,0
TEN_PE,D,20221124,000000,9.85341,10.3138,9.57714,10.3138,0,0
TEN_PE,D,20221125,000000,10.2218,10.4059,10.1297,10.1297,0,0
TEN_PE,D,20221128,000000,10.1297,10.2218,9.94549,10.0376,0,0
TEN_PE,D,20221129,000000,10.0376,10.3138,9.76132,10.3138,0,0
TEN_PE,D,20221130,000000,10.3138,10.6822,10.1297,10.1297,0,0
TEN_PE,D,20221201,000000,10.3138,10.3138,9.94549,9.94549,0,0
TEN_PE,D,20221202,000000,10.0376,10.498,10.0376,10.498,0,0
TEN_PE,D,20221205,000000,10.498,10.8664,10.498,10.6822,0,0
TEN_PE,D,20221206,000000,10.6822,10.6822,10.3138,10.4059,0,0
TEN_PE,D,20221207,000000,10.4059,10.6822,10.4059,10.5901,0,0
TEN_PE,D,20221208,000000,10.5901,10.5901,10.2218,10.2218,0,0
TEN_PE,D,20221209,000000,10.3138,10.5901,10.2218,10.5901,0,0
TEN_PE,D,20221212,000000,10.5901,10.5901,10.3138,10.3138,0,0
TEN_PE,D,20221213,000000,10.3138,10.5901,10.1297,10.498,0,0
TEN_PE,D,20221214,000000,10.498,10.8664,10.3138,10.8664,0,0
TEN_PE,D,20221215,000000,10.8664,10.8664,10.0376,10.0376,0,0
TEN_PE,D,20221216,000000,10.1297,10.2218,9.85341,10.1297,0,0
TEN_PE,D,20221219,000000,10.1297,10.2218,9.94549,9.94549,0,0
TEN_PE,D,20221220,000000,9.85341,9.85341,9.66923,9.66923,0,0
TEN_PE,D,20221221,000000,9.76132,9.85341,9.66923,9.76132,0,0
TEN_PE,D,20221222,000000,9.85341,9.94549,9.66923,9.66923,0,0
TEN_PE,D,20221223,000000,9.57714,9.76132,9.39297,9.76132,0,0
TEN_PE,D,20221227,000000,9.76132,9.76132,9.30088,9.30088,0,0
TEN_PE,D,20221228,000000,9.30088,9.48505,9.1167,9.1167,0,0
TEN_PE,D,20221229,000000,9.1167,9.48505,9.1167,9.39297,0,0
TEN_PE,D,20221230,000000,9.39297,9.57714,9.39297,9.48505,0,0
TEN_PE,D,20230102,000000,9.57714,9.66923,9.30088,9.30088,0,0
TEN_PE,D,20230103,000000,9.48505,9.76132,9.39297,9.76132,0,0
TEN_PE,D,20230104,000000,9.76132,10.2218,9.76132,10.2218,0,0
TEN_PE,D,20230105,000000,10.3138,10.7743,10.3138,10.498,0,0
TEN_PE,D,20230109,000000,10.7743,10.7743,10.3138,10.5901,0,0
TEN_PE,D,20230110,000000,10.5901,12.0635,10.4059,12.0635,0,0
TEN_PE,D,20230111,000000,12.0635,12.1556,11.3268,11.4189,0,0
TEN_PE,D,20230112,000000,11.4189,11.6031,11.2347,11.2347,0,0
TEN_PE,D,20230113,000000,11.2347,11.511,11.2347,11.3268,0,0
TEN_PE,D,20230116,000000,11.3268,11.3268,10.9585,10.9585,0,0
TEN_PE,D,20230117,000000,10.9585,11.0505,10.498,10.498,0,0
TEN_PE,D,20230118,000000,10.498,10.6822,10.4059,10.5901,0,0
TEN_PE,D,20230119,000000,10.5901,10.5901,10.2218,10.4059,0,0
TEN_PE,D,20230120,000000,10.498,10.5901,10.4059,10.4059,0,0
TEN_PE,D,20230123,000000,10.498,10.498,10.1297,10.2218,0,0
TEN_PE,D,20230124,000000,10.3138,10.3138,9.85341,9.94549,0,0
TEN_PE,D,20230125,000000,9.94549,10.1297,9.85341,10.0376,0,0
TEN_PE,D,20230126,000000,10.0376,10.1297,9.94549,9.94549,0,0
TEN_PE,D,20230127,000000,10.0376,10.1297,9.85341,10.0376,0,0
TEN_PE,D,20230130,000000,10.0376,10.0376,9.30088,9.39297,0,0
TEN_PE,D,20230131,000000,9.39297,9.76132,9.39297,9.57714,0,0
TEN_PE,D,20230201,000000,9.57714,9.76132,9.48505,9.57714,0,0
TEN_PE,D,20230202,000000,9.66923,10.3138,9.66923,10.3138,0,0
TEN_PE,D,20230203,000000,10.2218,10.5901,10.2218,10.3138,0,0
TEN_PE,D,20230206,000000,10.3138,10.4059,9.94549,9.94549,0,0
TEN_PE,D,20230207,000000,9.94549,9.94549,9.66923,9.85341,0,0
TEN_PE,D,20230208,000000,9.94549,10.0376,9.85341,10.0376,0,0
TEN_PE,D,20230209,000000,10.0376,10.1297,9.94549,10.0376,0,0
TEN_PE,D,20230210,000000,10.0376,10.0376,9.57714,9.66923,0,0
TEN_PE,D,20230213,000000,9.66923,9.76132,9.57714,9.76132,0,0
TEN_PE,D,20230214,000000,9.76132,9.85341,9.57714,9.66923,0,0
TEN_PE,D,20230215,000000,9.66923,10.0376,9.66923,9.94549,0,0
TEN_PE,D,20230216,000000,9.94549,10.0376,9.76132,9.85341,0,0
TEN_PE,D,20230217,000000,9.85341,9.94549,9.76132,9.76132,0,0
TEN_PE,D,20230220,000000,9.76132,9.85341,9.66923,9.76132,0,0
TEN_PE,D,20230221,000000,9.76132,9.76132,9.66923,9.66923,0,0
TEN_PE,D,20230222,000000,9.66923,9.66923,9.48505,9.57714,0,0
TEN_PE,D,20230223,000000,9.57714,9.76132,9.57714,9.66923,0,0
TEN_PE,D,20230224,000000,9.76132,9.76132,9.57714,9.66923,0,0
TEN_PE,D,20230227,000000,9.66923,9.85341,9.66923,9.76132,0,0
TEN_PE,D,20230228,000000,9.66923,9.85341,9.66923,9.85341,0,0
TEN_PE,D,20230301,000000,9.85341,10.1297,9.76132,9.85341,0,0
TEN_PE,D,20230302,000000,9.85341,9.85341,9.66923,9.76132,0,0
TEN_PE,D,20230303,000000,9.76132,9.85341,9.66923,9.76132,0,0
TEN_PE,D,20230306,000000,9.76132,9.94549,9.66923,9.85341,0,0
TEN_PE,D,20230307,000000,9.85341,10.0376,9.76132,9.85341,0,0
TEN_PE,D,20230308,000000,9.85341,9.85341,9.66923,9.66923,0,0
TEN_PE,D,20230309,000000,9.66923,9.76132,9.57714,9.66923,0,0
TEN_PE,D,20230310,000000,9.30088,9.30088,8.65626,8.74835,0,0
TEN_PE,D,20230313,000000,8.74835,8.93253,8.56418,8.93253,0,0
TEN_PE,D,20230314,000000,8.93253,9.1167,8.93253,8.93253,0,0
TEN_PE,D,20230315,000000,9.02462,9.02462,8.56418,8.65626,0,0
TEN_PE,D,20230316,000000,8.65626,8.84044,8.65626,8.74835,0,0
TEN_PE,D,20230317,000000,8.93253,9.1167,8.84044,9.1167,0,0
TEN_PE,D,20230320,000000,9.1167,9.1167,8.84044,8.84044,0,0
TEN_PE,D,20230321,000000,8.84044,8.93253,8.74835,8.84044,0,0
TEN_PE,D,20230322,000000,8.84044,8.93253,8.65626,8.65626,0,0
TEN_PE,D,20230323,000000,8.65626,8.74835,8.47209,8.47209,0,0
TEN_PE,D,20230324,000000,8.47209,8.56418,8.38,8.47209,0,0
TEN_PE,D,20230327,000000,8.47209,8.84044,8.47209,8.84044,0,0
TEN_PE,D,20230328,000000,8.84044,8.84044,8.56418,8.56418,0,0
TEN_PE,D,20230329,000000,8.19582,11.9714,6.99868,11.9714,0,0
TEN_PE,D,20230330,000000,11.8793,12.524,11.8793,12.2477,0,0
TEN_PE,D,20230331,000000,12.4319,12.524,11.6952,11.9714,0,0
TEN_PE,D,20230403,000000,12.0635,12.1556,11.6031,11.6031,0,0
TEN_PE,D,20230404,000000,11.6952,12.0635,11.511,11.511,0,0
TEN_PE,D,20230405,000000,11.511,11.6031,11.0505,11.1426,0,0
TEN_PE,D,20230406,000000,11.2347,11.511,11.2347,11.2347,0,0
TEN_PE,D,20230411,000000,11.511,11.511,10.8664,10.9585,0,0
TEN_PE,D,20230412,000000,11.0505,11.0505,10.7743,10.7743,0,0
TEN_PE,D,20230413,000000,10.7743,11.0505,10.5901,10.5901,0,0
TEN_PE,D,20230414,000000,10.6822,10.7743,10.498,10.6822,0,0
TEN_PE,D,20230417,000000,10.7743,11.0505,9.66923,10.6822,0,0
TEN_PE,D,20230418,000000,10.6822,10.9585,10.5901,10.5901,0,0
TEN_PE,D,20230419,000000,10.6822,10.6822,10.3138,10.498,0,0
TEN_PE,D,20230420,000000,10.498,10.6822,10.4059,10.4059,0,0
TEN_PE,D,20230421,000000,10.4059,10.9585,10.4059,10.4059,0,0
TEN_PE,D,20230424,000000,10.6822,10.8664,10.5901,10.5901,0,0
TEN_PE,D,20230425,000000,10.5901,10.8664,10.498,10.7743,0,0
TEN_PE,D,20230426,000000,10.7743,10.9585,10.6822,10.7743,0,0
TEN_PE,D,20230427,000000,10.7743,11.1426,10.498,10.5901,0,0
TEN_PE,D,20230428,000000,10.6822,10.7743,10.498,10.5901,0,0
TEN_PE,D,20230502,000000,10.6822,10.7743,10.5901,10.6822,0,0
TEN_PE,D,20230504,000000,10.6822,10.6822,10.498,10.6822,0,0
TEN_PE,D,20230505,000000,10.6822,11.0505,10.5901,11.0505,0,0
TEN_PE,D,20230508,000000,11.0505,11.2347,11.0505,11.1426,0,0
TEN_PE,D,20230509,000000,11.0505,11.0505,10.5901,10.5901,0,0
TEN_PE,D,20230510,000000,10.6822,10.8664,10.5901,10.6822,0,0
TEN_PE,D,20230511,000000,10.6822,11.1426,10.6822,11.1426,0,0
TEN_PE,D,20230512,000000,11.2347,11.2347,10.7743,10.7743,0,0
TEN_PE,D,20230515,000000,10.8664,11.0505,10.7743,10.8664,0,0
TEN_PE,D,20230516,000000,10.8664,10.8664,10.498,10.498,0,0
TEN_PE,D,20230517,000000,10.498,10.6822,10.4059,10.498,0,0
TEN_PE,D,20230518,000000,10.6822,10.6822,10.498,10.5901,0,0
TEN_PE,D,20230519,000000,10.5901,10.8664,10.5901,10.8664,0,0
TEN_PE,D,20230522,000000,10.8664,10.8664,10.6822,10.6822,0,0
TEN_PE,D,20230523,000000,10.3138,38.4007,10.1297,38.4007,0,0
TEN_PE,D,20230524,000000,38.6769,40.3345,38.4927,39.8741,0,0
TEN_PE,D,20230525,000000,40.4266,40.6108,39.4136,39.8741,0,0
TEN_PE,D,20230526,000000,40.3345,40.5187,40.1503,40.2424,0,0
TEN_PE,D,20230529,000000,40.5187,40.9791,40.5187,40.7949,0,0
TEN_PE,D,20230530,000000,40.7949,40.7949,39.8741,39.8741,0,0
TEN_PE,D,20230531,000000,40.2424,40.2424,39.5057,39.8741,0,0
TEN_PE,D,20230601,000000,39.782,40.1503,39.782,39.782,0,0
TEN_PE,D,20230602,000000,40.7029,40.7949,39.5978,39.6899,0,0
TEN_PE,D,20230605,000000,39.8741,40.3345,39.1374,39.5978,0,0
TEN_PE,D,20230606,000000,39.782,39.8741,39.3215,39.8741,0,0
TEN_PE,D,20230607,000000,39.8741,40.0582,39.1374,39.1374,0,0
TEN_PE,D,20230609,000000,39.5057,39.5057,39.1374,39.3215,0,0
TEN_PE,D,20230612,000000,39.782,40.3345,39.4136,39.8741,0,0
TEN_PE,D,20230613,000000,39.8741,39.8741,39.1374,39.1374,0,0
TEN_PE,D,20230614,000000,39.4136,41.3475,39.3215,41.2554,0,0
TEN_PE,D,20230615,000000,41.8079,43.0971,41.2554,41.9921,0,0
TEN_PE,D,20230616,000000,42.2684,45.3073,42.2684,44.5705,0,0
TEN_PE,D,20230619,000000,45.1231,45.1231,44.018,44.2022,0,0
TEN_PE,D,20230620,000000,44.7,50.2,44.7,46,0,0
TEN_PE,D,20230621,000000,46.1,46.2,44.9,45.6,0,0
TEN_PE,D,20230622,000000,45.3,45.3,44.3,44.6,0,0
TEN_PE,D,20230623,000000,44.6,45.3,44.3,44.3,0,0
TEN_PE,D,20230626,000000,44.8,44.8,42.6,43.2,0,0
TEN_PE,D,20230627,000000,43.2,43.3,42.1,42.2,0,0
TEN_PE,D,20230628,000000,42.5,43.8,42.5,43,0,0
TEN_PE,D,20230629,000000,43.1,43.4,41.7,42.2,0,0
TEN_PE,D,20230630,000000,42.5,42.5,41.5,41.5,0,0
TEN_PE,D,20230703,000000,41.5,41.7,40.8,40.9,0,0
TEN_PE,D,20230704,000000,41,42.4,41,41.9,0,0
TEN_PE,D,20230705,000000,42,42.1,40.9,40.9,0,0
TEN_PE,D,20230706,000000,41,41.4,39.2,39.2,0,0
TEN_PE,D,20230707,000000,39.3,40.2,39,39.3,0,0
TEN_PE,D,20230710,000000,39.4,40.9,39.4,40.9,0,0
TEN_PE,D,20230711,000000,40.3,41,40.3,40.8,0,0
TEN_PE,D,20230712,000000,40.8,42.4,40.8,41.9,0,0
TEN_PE,D,20230713,000000,41.7,42.8,41.7,42.1,0,0
TEN_PE,D,20230714,000000,42.1,43.9,42.1,43.7,0,0
TEN_PE,D,20230717,000000,43.8,43.8,42.3,43.6,0,0
TEN_PE,D,20230718,000000,43.9,43.9,43.3,43.6,0,0
TEN_PE,D,20230719,000000,43.8,43.9,42.6,42.7,0,0
TEN_PE,D,20230720,000000,43,43.6,42.5,43.4,0,0
TEN_PE,D,20230721,000000,43.7,43.9,42.7,42.7,0,0
TEN_PE,D,20230724,000000,43.1,43.7,42.5,42.9,0,0
TEN_PE,D,20230725,000000,43.4,43.4,42.2,42.2,0,0
TEN_PE,D,20230726,000000,42.9,42.9,42,42.2,0,0
TEN_PE,D,20230727,000000,42.3,42.8,41.5,41.9,0,0
TEN_PE,D,20230728,000000,42.1,42.8,41.7,41.9,0,0
TEN_PE,D,20230731,000000,42.1,43,41.7,42.3,0,0
TEN_PE,D,20230801,000000,42.6,42.8,42.3,42.4,0,0
TEN_PE,D,20230802,000000,42.5,42.5,41.7,41.7,0,0
TEN_PE,D,20230803,000000,41.4,42.5,41.3,42.2,0,0
TEN_PE,D,20230804,000000,42.3,42.8,41.7,41.7,0,0
TEN_PE,D,20230807,000000,41.911,42.439,41.858,42.3,0,0
TEN_PE,D,20230808,000000,42.247,42.273,41.403,41.6,0,0
TEN_PE,D,20230809,000000,41.706,42.023,41.2,41.2,0,0
TEN_PE,D,20230810,000000,41.673,41.858,41.12,41.2,0,0
TEN_PE,D,20230811,000000,41.491,41.491,40.197,40.5,0,0
TEN_PE,D,20230814,000000,40.5,41.66,40.447,41.6,0,0
TEN_PE,D,20230816,000000,41.416,42.76,41.074,41.1,0,0
TEN_PE,D,20230817,000000,41.1,41.759,40.204,40.4,0,0
TEN_PE,D,20230818,000000,40.663,40.716,39.871,40.1,0,0
TEN_PE,D,20230821,000000,40.575,40.865,39.573,40,0,0
TEN_PE,D,20230822,000000,40,41.291,39.71,41.1,0,0
TEN_PE,D,20230823,000000,42.128,42.128,40.442,40.5,0,0
TEN_PE,D,20230824,000000,40.895,41.291,40.078,40.1,0,0
TEN_PE,D,20230825,000000,40.099,40.811,39.651,39.9,0,0
TEN_PE,D,20230828,000000,40.745,41.986,40.745,41.9,0,0
TEN_PE,D,20230829,000000,42.11,42.11,41.372,41.4,0,0
TEN_PE,D,20230830,000000,41.875,44.618,41.875,44.5,0,0
TEN_PE,D,20230831,000000,44.501,44.712,43.262,43.3,0,0
TEN_PE,D,20230901,000000,43.248,44.752,43.248,44.3,0,0
TEN_PE,D,20230904,000000,44.748,44.853,43.43,43.5,0,0
TEN_PE,D,20230905,000000,43.737,44.053,42.736,43,0,0
TEN_PE,D,20230906,000000,42.894,43.526,41.682,42,0,0
TEN_PE,D,20230907,000000,44.266,100,43.502,100,0,0
TEN_PE,D,20230908,000000,101.294,101.294,97.186,97.7,0,0
TEN_PE,D,20230911,000000,98.717,103.501,98.717,102.8,0,0
TEN_PE,D,20230912,000000,103.928,103.928,101.283,102.4,0,0
TEN_PE,D,20230913,000000,102.397,102.397,97.671,97.7,0,0
TEN_PE,D,20230914,000000,98.21,101.249,97.816,100.1,0,0
TEN_PE,D,20230915,000000,100.158,101.058,98.92,99.7,0,0
TEN_PE,D,20230918,000000,100.427,102.452,100.315,101.1,0,0
TEN_PE,D,20230919,000000,101.272,102.115,100.484,100.9,0,0
TEN_PE,D,20230920,000000,101.238,101.857,98.368,98.8,0,0
TEN_PE,D,20230921,000000,98.796,99.077,96.039,97.3,0,0
TEN_PE,D,20230922,000000,97.863,99.5,96.625,99.5,0,0
TEN_PE,D,20230925,000000,99.505,99.674,95.849,95.9,0,0
TEN_PE,D,20230926,000000,95.734,97.591,93.314,97.5,0,0
TEN_PE,D,20230927,000000,96.716,97.278,94.579,95.1,0,0
TEN_PE,D,20230928,000000,95.104,95.104,91.6,91.6,0,0
TEN_PE,D,20230929,000000,92.73,95.544,92.73,95.5,0,0
TEN_PE,D,20231002,000000,95.444,96.007,93.138,93.8,0,0
TEN_PE,D,20231003,000000,93.968,94.925,91.9,91.9,0,0
TEN_PE,D,20231004,000000,92.238,99.831,92.238,98.3,0,0
