<TICKER>,<PER>,<DATE>,<TIME>,<OPEN>,<HIGH>,<LOW>,<CLOSE>,<VOL>,<OPENINT>
ULG_PB,D,20180615,000000,17.2077,17.2077,17.2077,17.2077,0,0
ULG_PB,D,20180618,000000,16.6061,19.3621,16.6061,16.9962,0,0
ULG_PB,D,20180619,000000,16.9962,16.9962,15.0606,15.6632,0,0
ULG_PB,D,20180620,000000,15.1266,15.1266,12.9053,12.9554,0,0
ULG_PB,D,20180621,000000,13.442,17.1908,13.442,16.7194,0,0
ULG_PB,D,20180622,000000,17.5328,19.2577,16.7765,17.2077,0,0
ULG_PB,D,20180625,000000,17.7033,17.7033,16.1346,16.1346,0,0
ULG_PB,D,20180626,000000,16.5658,16.7765,15.7275,16.6962,0,0
ULG_PB,D,20180627,000000,16.3542,16.6962,15.8579,16.4194,0,0
ULG_PB,D,20180628,000000,16.3944,16.3944,14.8419,15.7034,0,0
ULG_PB,D,20180629,000000,15.7034,15.7034,14.4347,14.8419,0,0
ULG_PB,D,20180702,000000,14.8419,15.2731,14.8419,15.0606,0,0
ULG_PB,D,20180703,000000,15.0606,15.4026,15.0606,15.3855,0,0
ULG_PB,D,20180704,000000,15.3615,16.1346,15.3615,15.8328,0,0
ULG_PB,D,20180705,000000,16.1346,16.8426,16.1346,16.59,0,0
ULG_PB,D,20180706,000000,16.8909,16.8909,15.9391,16.4355,0,0
ULG_PB,D,20180709,000000,16.265,16.265,15.6632,15.8739,0,0
ULG_PB,D,20180710,000000,16.0525,16.6712,15.7034,16.2391,0,0
ULG_PB,D,20180711,000000,16.5238,18.289,16.4596,17.1908,0,0
ULG_PB,D,20180712,000000,17.4274,17.5328,16.8256,17.1908,0,0
ULG_PB,D,20180713,000000,17.1908,17.2077,16.6712,17.2077,0,0
ULG_PB,D,20180716,000000,17.7523,17.7523,16.956,16.9962,0,0
ULG_PB,D,20180717,000000,17.1426,17.4524,16.8015,17.3873,0,0
ULG_PB,D,20180718,000000,17.2077,17.4274,16.6061,17.3622,0,0
ULG_PB,D,20180719,000000,17.3873,17.4675,16.8909,17.4274,0,0
ULG_PB,D,20180720,000000,17.4024,17.4274,16.9962,17.1024,0,0
ULG_PB,D,20180723,000000,17.4274,17.4274,16.7765,17.3211,0,0
ULG_PB,D,20180724,000000,17.0212,17.1024,16.5658,17.1024,0,0
ULG_PB,D,20180725,000000,16.5658,17.1676,16.5658,17.1676,0,0
ULG_PB,D,20180726,000000,16.7765,17.2729,16.7364,17.2729,0,0
ULG_PB,D,20180727,000000,17.2077,17.8345,17.0864,17.7943,0,0
ULG_PB,D,20180730,000000,18.9729,21.5182,17.947,17.947,0,0
ULG_PB,D,20180731,000000,18.314,19.2318,17.4926,18.1345,0,0
ULG_PB,D,20180801,000000,18.2809,18.2809,16.9962,17.1426,0,0
ULG_PB,D,20180802,000000,16.8498,17.1265,16.248,17.0122,0,0
ULG_PB,D,20180803,000000,16.8498,17.5648,16.5007,17.1104,0,0
ULG_PB,D,20180806,000000,17.256,17.256,16.8658,17.0864,0,0
ULG_PB,D,20180807,000000,17.2158,17.2158,16.1346,16.7926,0,0
ULG_PB,D,20180808,000000,16.8498,17.4024,16.4837,17.1837,0,0
ULG_PB,D,20180809,000000,17.2158,17.2158,16.7926,17.0373,0,0
ULG_PB,D,20180810,000000,17.1265,18.1345,17.0373,17.4926,0,0
ULG_PB,D,20180813,000000,18.2247,19.2657,18.2247,18.9398,0,0
ULG_PB,D,20180814,000000,19.2318,19.5255,18.8987,18.9729,0,0
ULG_PB,D,20180816,000000,19.2657,19.2657,17.9881,18.6068,0,0
ULG_PB,D,20180817,000000,18.6478,18.7523,18.297,18.6068,0,0
ULG_PB,D,20180820,000000,19.3058,23.8109,19.3058,23.8109,0,0
ULG_PB,D,20180821,000000,23.4779,23.6975,21.9816,22.8923,0,0
ULG_PB,D,20180822,000000,22.5262,26.9259,22.5262,23.6243,0,0
ULG_PB,D,20180823,000000,24.543,24.9081,21.7619,21.7941,0,0
ULG_PB,D,20180824,000000,21.7941,22.2744,19.2318,19.5987,0,0
ULG_PB,D,20180827,000000,21.9414,23.0797,21.7218,22.786,0,0
ULG_PB,D,20180828,000000,23.0797,23.5511,22.4208,22.8923,0,0
ULG_PB,D,20180829,000000,23.0797,23.5181,22.0869,22.786,0,0
ULG_PB,D,20180830,000000,22.786,23.4448,22.3476,22.786,0,0
ULG_PB,D,20180831,000000,20.1835,22.1592,20.1835,21.4691,0,0
ULG_PB,D,20180903,000000,21.4691,21.4691,19.3058,19.5987,0,0
ULG_PB,D,20180904,000000,19.0451,20.8433,18.8666,19.5576,0,0
ULG_PB,D,20180905,000000,19.2318,20.371,19.0451,19.7773,0,0
ULG_PB,D,20180906,000000,19.5255,20.8834,19.5255,20.5495,0,0
ULG_PB,D,20180907,000000,20.8433,22.8923,20.8102,22.6726,0,0
ULG_PB,D,20180910,000000,22.6726,23.5913,21.2503,21.9816,0,0
ULG_PB,D,20180911,000000,22.0146,22.6396,21.2816,21.5753,0,0
ULG_PB,D,20180912,000000,21.6155,22.1592,21.6155,21.9414,0,0
ULG_PB,D,20180913,000000,21.9816,21.9816,21.2816,21.5013,0,0
ULG_PB,D,20180914,000000,21.6155,22.6396,21.6155,22.2011,0,0
ULG_PB,D,20180917,000000,21.6878,22.3476,21.3967,21.6878,0,0
ULG_PB,D,20180918,000000,21.2816,22.3476,21.0628,21.9083,0,0
ULG_PB,D,20180919,000000,21.9083,21.9083,21.1031,21.7941,0,0
ULG_PB,D,20180920,000000,21.6155,21.8682,21.3226,21.7941,0,0
ULG_PB,D,20180921,000000,21.5423,22.7458,21.5423,22.1592,0,0
ULG_PB,D,20180924,000000,22.3476,22.3476,21.428,22.1592,0,0
ULG_PB,D,20180925,000000,22.3065,22.3065,21.7941,21.9816,0,0
ULG_PB,D,20180926,000000,21.7941,21.9816,21.6155,21.9414,0,0
ULG_PB,D,20180927,000000,21.9414,22.4529,21.9414,22.4529,0,0
ULG_PB,D,20180928,000000,22.4208,22.4208,21.5423,21.9816,0,0
ULG_PB,D,20181001,000000,21.6477,21.8342,20.371,20.371,0,0
ULG_PB,D,20181002,000000,20.6236,21.0628,20.371,20.6236,0,0
ULG_PB,D,20181003,000000,20.5495,20.9164,20.371,20.8834,0,0
ULG_PB,D,20181004,000000,20.8834,21.7218,20.8834,21.5753,0,0
ULG_PB,D,20181005,000000,21.5753,22.4529,21.0628,22.3798,0,0
ULG_PB,D,20181008,000000,22.3476,22.4931,21.6878,21.9414,0,0
ULG_PB,D,20181009,000000,21.9414,21.9414,21.0628,21.0628,0,0
ULG_PB,D,20181010,000000,20.8834,21.3226,20.5495,20.8834,0,0
ULG_PB,D,20181011,000000,20.1433,20.1433,17.947,18.314,0,0
ULG_PB,D,20181012,000000,18.3541,20.1433,18.3541,20.1433,0,0
ULG_PB,D,20181015,000000,20.1433,20.1433,19.0862,19.5255,0,0
ULG_PB,D,20181016,000000,19.0862,20.737,19.0862,20.737,0,0
ULG_PB,D,20181017,000000,21.0628,21.5753,20.6959,20.8433,0,0
ULG_PB,D,20181018,000000,20.8834,21.7619,20.1835,21.2503,0,0
ULG_PB,D,20181019,000000,20.5495,21.428,20.5495,21.0628,0,0
ULG_PB,D,20181022,000000,21.7941,22.7136,17.0864,17.0864,0,0
ULG_PB,D,20181023,000000,17.3622,19.4853,17.3622,18.0693,0,0
ULG_PB,D,20181024,000000,18.4925,19.1755,18.3541,19.005,0,0
ULG_PB,D,20181025,000000,18.3541,18.4354,17.3622,17.8747,0,0
ULG_PB,D,20181026,000000,18.1836,18.1836,17.0292,17.0292,0,0
ULG_PB,D,20181029,000000,16.8828,17.0864,16.0936,16.94,0,0
ULG_PB,D,20181030,000000,16.94,17.647,16.3774,17.5095,0,0
ULG_PB,D,20181031,000000,17.5095,17.7943,16.94,17.5907,0,0
ULG_PB,D,20181102,000000,17.5907,18.0693,17.1426,17.9881,0,0
ULG_PB,D,20181105,000000,18.0121,18.4925,17.9881,18.297,0,0
ULG_PB,D,20181106,000000,18.2157,18.8907,18.1595,18.8907,0,0
ULG_PB,D,20181107,000000,19.0621,19.4853,18.9478,19.4281,0,0
ULG_PB,D,20181108,000000,19.5085,20.4451,18.8104,20.4451,0,0
ULG_PB,D,20181109,000000,20.6147,21.428,19.7701,19.9076,0,0
ULG_PB,D,20181113,000000,19.7701,20.7289,19.2005,20.3299,0,0
ULG_PB,D,20181114,000000,20.9807,21.095,20.4683,20.8673,0,0
ULG_PB,D,20181115,000000,20.6147,20.7531,19.6236,20.4451,0,0
ULG_PB,D,20181116,000000,20.3299,20.3299,18.3541,20.2165,0,0
ULG_PB,D,20181119,000000,20.045,20.3299,19.1433,19.4281,0,0
ULG_PB,D,20181120,000000,19.737,19.737,18.0693,18.3541,0,0
ULG_PB,D,20181121,000000,17.7943,18.9157,17.647,18.5818,0,0
ULG_PB,D,20181122,000000,18.3541,18.9157,18.0693,18.9157,0,0
ULG_PB,D,20181123,000000,18.3782,19.4853,18.3541,19.0621,0,0
ULG_PB,D,20181126,000000,19.0621,19.7701,18.663,19.4523,0,0
ULG_PB,D,20181127,000000,19.4523,19.5424,19.0621,19.4523,0,0
ULG_PB,D,20181128,000000,19.2005,19.4281,18.8344,19.2005,0,0
ULG_PB,D,20181129,000000,19.4853,19.4853,19.1755,19.4281,0,0
ULG_PB,D,20181130,000000,19.4281,19.4281,18.8344,18.8344,0,0
ULG_PB,D,20181203,000000,18.9729,19.4853,18.9729,19.3139,0,0
ULG_PB,D,20181204,000000,19.3139,19.3139,18.6068,18.8907,0,0
ULG_PB,D,20181205,000000,18.3782,19.6236,18.1595,19.5085,0,0
ULG_PB,D,20181206,000000,19.4853,19.4853,18.9157,19.3701,0,0
ULG_PB,D,20181207,000000,19.4281,19.4281,18.9157,19.2005,0,0
ULG_PB,D,20181210,000000,19.3389,19.3389,18.2407,18.2729,0,0
ULG_PB,D,20181211,000000,18.3541,18.3541,17.647,18.1274,0,0
ULG_PB,D,20181212,000000,18.2407,18.7202,17.9319,18.322,0,0
ULG_PB,D,20181213,000000,17.9319,18.322,17.7033,17.7033,0,0
ULG_PB,D,20181214,000000,17.3622,17.9319,17.3622,17.7033,0,0
ULG_PB,D,20181217,000000,17.7033,17.7943,17.3372,17.3622,0,0
ULG_PB,D,20181218,000000,17.256,17.256,16.2391,16.573,0,0
ULG_PB,D,20181219,000000,16.8015,16.8828,15.2481,15.5329,0,0
ULG_PB,D,20181220,000000,15.557,16.5489,15.557,15.8088,0,0
ULG_PB,D,20181221,000000,15.8088,16.3774,15.5329,16.265,0,0
ULG_PB,D,20181227,000000,17.5648,17.5648,16.2391,16.5167,0,0
ULG_PB,D,20181228,000000,16.4927,16.9149,16.3774,16.8828,0,0
ULG_PB,D,20190102,000000,17.5095,18.0453,16.8015,17.5648,0,0
ULG_PB,D,20190103,000000,17.5648,17.7033,17.0864,17.2248,0,0
ULG_PB,D,20190104,000000,17.7943,17.7943,16.94,17.4194,0,0
ULG_PB,D,20190107,000000,17.622,18.0693,17.4524,18.0693,0,0
ULG_PB,D,20190108,000000,18.1023,18.8344,18.1023,18.7202,0,0
ULG_PB,D,20190109,000000,18.7202,18.9729,18.1274,18.696,0,0
ULG_PB,D,20190110,000000,18.5818,18.8585,18.3541,18.8585,0,0
ULG_PB,D,20190111,000000,18.8907,19.2577,18.8907,18.9478,0,0
ULG_PB,D,20190114,000000,18.9478,19.1433,18.5496,19.1433,0,0
ULG_PB,D,20190115,000000,19.2577,21.5995,19.2577,20.8914,0,0
ULG_PB,D,20190116,000000,20.8914,22.8762,20.8914,22.7288,0,0
ULG_PB,D,20190117,000000,22.7288,23.9984,22.0789,22.3886,0,0
ULG_PB,D,20190118,000000,22.535,23.2091,22.1932,22.535,0,0
ULG_PB,D,20190121,000000,23.2984,23.9172,22.786,23.9172,0,0
ULG_PB,D,20190122,000000,23.9984,24.8528,23.4609,23.7216,0,0
ULG_PB,D,20190123,000000,23.5181,24.8528,23.5181,23.9412,0,0
ULG_PB,D,20190124,000000,24.0306,24.0306,22.2824,22.5914,0,0
ULG_PB,D,20190125,000000,22.8431,22.9815,21.3468,22.0789,0,0
ULG_PB,D,20190128,000000,22.136,22.4208,21.5995,21.7128,0,0
ULG_PB,D,20190129,000000,21.8833,22.1932,21.3226,21.461,0,0
ULG_PB,D,20190130,000000,22.3396,23.8359,21.9655,23.2663,0,0
ULG_PB,D,20190131,000000,23.1529,23.576,22.5914,22.8762,0,0
ULG_PB,D,20190201,000000,23.8921,23.8921,22.5914,22.5914,0,0
ULG_PB,D,20190204,000000,23.1529,23.1529,21.803,22.3396,0,0
ULG_PB,D,20190205,000000,22.1681,22.4208,21.803,21.8833,0,0
ULG_PB,D,20190206,000000,22.1681,22.5592,22.1119,22.1932,0,0
ULG_PB,D,20190207,000000,22.5914,22.5914,21.8271,22.1681,0,0
ULG_PB,D,20190208,000000,22.0217,22.1681,21.803,22.1681,0,0
ULG_PB,D,20190211,000000,22.2824,22.2824,21.745,22.0217,0,0
ULG_PB,D,20190212,000000,21.803,22.2253,21.803,21.8833,0,0
ULG_PB,D,20190213,000000,21.9083,23.0136,21.9083,23.0136,0,0
ULG_PB,D,20190214,000000,23.576,23.6645,23.0708,23.3555,0,0
ULG_PB,D,20190215,000000,23.576,23.576,22.5914,23.1529,0,0
ULG_PB,D,20190218,000000,23.1529,23.5181,22.5914,23.2984,0,0
ULG_PB,D,20190219,000000,23.0957,23.2422,22.5914,23.0957,0,0
ULG_PB,D,20190220,000000,23.0136,23.0387,22.5592,23.0387,0,0
ULG_PB,D,20190221,000000,23.0387,23.2422,22.8199,23.1279,0,0
ULG_PB,D,20190222,000000,23.1529,23.2984,23.1279,23.2984,0,0
ULG_PB,D,20190225,000000,23.7457,23.7457,23.2091,23.4939,0,0
ULG_PB,D,20190226,000000,23.5511,23.5511,23.0387,23.2984,0,0
ULG_PB,D,20190227,000000,23.2984,24.7055,23.1279,24.7055,0,0
ULG_PB,D,20190228,000000,24.876,25.9741,24.6492,25.8357,0,0
ULG_PB,D,20190301,000000,25.925,26.6821,25.4366,26.1777,0,0
ULG_PB,D,20190304,000000,26.1447,26.5438,25.4366,26.3723,0,0
ULG_PB,D,20190305,000000,26.4054,28.1213,26.4054,27.3893,0,0
ULG_PB,D,20190306,000000,27.3893,27.9267,26.9669,27.2517,0,0
ULG_PB,D,20190307,000000,27.1045,27.4695,26.7384,26.7714,0,0
ULG_PB,D,20190308,000000,26.5678,27.5276,26.1205,26.9669,0,0
ULG_PB,D,20190311,000000,27.5848,32.2603,27.5848,28.9427,0,0
ULG_PB,D,20190312,000000,29.8614,31.8371,29.7881,29.7881,0,0
ULG_PB,D,20190313,000000,29.7881,29.7881,22.8351,22.8351,0,0
ULG_PB,D,20190314,000000,22.6163,24.6162,22.6163,24.4537,0,0
ULG_PB,D,20190315,000000,24.5109,25.0064,24.2832,24.6725,0,0
ULG_PB,D,20190318,000000,24.9492,25.0064,23.6735,23.9493,0,0
ULG_PB,D,20190319,000000,23.8439,23.8439,22.2824,23.3395,0,0
ULG_PB,D,20190320,000000,23.3958,24.0064,22.8351,24.0064,0,0
ULG_PB,D,20190321,000000,24.0064,25.1689,23.6564,24.876,0,0
ULG_PB,D,20190322,000000,25.1117,25.2259,24.5278,24.876,0,0
ULG_PB,D,20190325,000000,24.4698,24.5832,24.0064,24.234,0,0
ULG_PB,D,20190326,000000,24.5278,24.6403,24.1207,24.6403,0,0
ULG_PB,D,20190327,000000,24.5832,24.5832,24.0627,24.0627,0,0
ULG_PB,D,20190328,000000,24.2983,24.4698,23.7708,24.3555,0,0
ULG_PB,D,20190329,000000,24.3555,25.9822,24.3555,25.8688,0,0
ULG_PB,D,20190401,000000,25.6903,26.1616,25.2831,25.8117,0,0
ULG_PB,D,20190402,000000,25.5751,25.9822,25.2831,25.6322,0,0
ULG_PB,D,20190403,000000,25.6903,25.9822,25.2831,25.5188,0,0
ULG_PB,D,20190404,000000,25.5188,25.5188,25.2259,25.4625,0,0
ULG_PB,D,20190405,000000,25.4055,25.5751,24.9903,25.3403,0,0
ULG_PB,D,20190408,000000,25.1689,25.1689,23.7708,24.1207,0,0
ULG_PB,D,20190409,000000,24.0627,24.6403,22.3717,24.6403,0,0
ULG_PB,D,20190410,000000,24.2983,25.1689,24.2983,24.876,0,0
ULG_PB,D,20190411,000000,24.8189,24.8189,24.4698,24.5832,0,0
ULG_PB,D,20190412,000000,24.5278,24.8189,23.8921,24.3555,0,0
ULG_PB,D,20190415,000000,24.4698,24.9903,24.4127,24.7055,0,0
ULG_PB,D,20190416,000000,24.7055,24.876,24.4127,24.6403,0,0
ULG_PB,D,20190417,000000,24.6403,25.7554,24.5278,25.1689,0,0
ULG_PB,D,20190418,000000,25.4055,25.4625,24.5832,25.0555,0,0
ULG_PB,D,20190423,000000,24.7626,26.5678,24.7626,26.5678,0,0
ULG_PB,D,20190424,000000,26.8044,26.9169,26.2759,26.9169,0,0
ULG_PB,D,20190425,000000,26.625,27.0964,26.5108,26.975,0,0
ULG_PB,D,20190426,000000,27.1535,27.1535,26.3312,26.7384,0,0
ULG_PB,D,20190429,000000,26.4536,26.8044,25.8688,26.5678,0,0
ULG_PB,D,20190430,000000,26.6821,26.7384,25.9822,26.7384,0,0
ULG_PB,D,20190502,000000,26.9169,27.0321,13.841,13.841,0,0
ULG_PB,D,20190506,000000,13.8732,13.9624,13.6625,13.9624,0,0
ULG_PB,D,20190507,000000,13.9624,14.0535,13.6946,13.6946,0,0
ULG_PB,D,20190508,000000,13.7187,13.841,13.3286,13.7187,0,0
ULG_PB,D,20190509,000000,13.7517,13.8089,13.475,13.475,0,0
ULG_PB,D,20190510,000000,13.508,13.6625,13.2634,13.2634,0,0
ULG_PB,D,20190513,000000,13.3858,13.3858,12.3519,12.7188,0,0
ULG_PB,D,20190514,000000,12.7518,12.9304,12.1992,12.5965,0,0
ULG_PB,D,20190515,000000,12.5965,13.2062,11.9385,13.2062,0,0
ULG_PB,D,20190516,000000,13.6295,13.6295,12.8974,13.2313,0,0
ULG_PB,D,20190517,000000,13.0197,13.0527,12.7188,13.0527,0,0
ULG_PB,D,20190520,000000,12.8652,12.9866,12.3858,12.5322,0,0
ULG_PB,D,20190521,000000,12.1992,12.4099,11.6617,12.0608,0,0
ULG_PB,D,20190522,000000,11.6206,12.142,11.6206,12.142,0,0
ULG_PB,D,20190523,000000,11.9295,12.109,11.6849,11.8161,0,0
ULG_PB,D,20190524,000000,11.6206,12.0358,11.3197,11.8653,0,0
ULG_PB,D,20190527,000000,12.0117,12.0117,11.6367,11.767,0,0
ULG_PB,D,20190528,000000,11.767,11.9867,11.6707,11.9867,0,0
ULG_PB,D,20190529,000000,11.9867,11.9867,11.3769,11.6448,0,0
ULG_PB,D,20190530,000000,11.6206,12.7518,11.5894,12.4751,0,0
ULG_PB,D,20190531,000000,12.5322,12.5322,11.9787,12.084,0,0
ULG_PB,D,20190603,000000,11.9545,11.9545,11.5635,11.7108,0,0
ULG_PB,D,20190604,000000,11.4983,11.6126,11.2224,11.6126,0,0
ULG_PB,D,20190605,000000,11.5635,11.5635,10.9376,11.052,0,0
ULG_PB,D,20190606,000000,10.9376,11.1823,10.8314,11.1823,0,0
ULG_PB,D,20190607,000000,11.3769,11.8322,11.0109,11.8322,0,0
ULG_PB,D,20190610,000000,11.8073,11.8073,11.3287,11.5894,0,0
ULG_PB,D,20190611,000000,11.6849,12.084,11.3939,12.0439,0,0
ULG_PB,D,20190612,000000,12.1652,12.1652,11.6448,11.7921,0,0
ULG_PB,D,20190613,000000,11.8653,11.9626,11.5635,11.8653,0,0
ULG_PB,D,20190614,000000,11.9144,11.9295,11.6448,11.8073,0,0
ULG_PB,D,20190617,000000,11.8322,11.8653,11.5635,11.7421,0,0
ULG_PB,D,20190618,000000,11.7421,11.776,11.5635,11.6617,0,0
ULG_PB,D,20190619,000000,11.6617,11.8161,11.5635,11.7421,0,0
ULG_PB,D,20190621,000000,11.7269,12.084,11.6939,11.8073,0,0
ULG_PB,D,20190624,000000,11.7421,12.2876,11.7421,12.0679,0,0
ULG_PB,D,20190625,000000,12.0439,12.1581,11.9295,12.1581,0,0
ULG_PB,D,20190626,000000,12.2304,12.2304,12.109,12.1581,0,0
ULG_PB,D,20190627,000000,12.142,12.4429,12.1331,12.4099,0,0
ULG_PB,D,20190628,000000,12.6259,12.875,12.6259,12.875,0,0
ULG_PB,D,20190701,000000,13.2465,13.3125,12.875,12.9991,0,0
ULG_PB,D,20190702,000000,13.1223,13.1223,12.692,12.9991,0,0
ULG_PB,D,20190703,000000,12.751,13.0902,12.7259,12.875,0,0
ULG_PB,D,20190704,000000,12.875,12.875,12.5679,12.7831,0,0
ULG_PB,D,20190705,000000,12.692,12.7831,12.6019,12.751,0,0
ULG_PB,D,20190708,000000,12.751,12.9991,12.5679,12.817,0,0
ULG_PB,D,20190709,000000,12.85,12.85,12.5357,12.692,0,0
ULG_PB,D,20190710,000000,12.6599,12.6599,12.5357,12.6259,0,0
ULG_PB,D,20190711,000000,12.5357,12.6599,12.3778,12.6599,0,0
ULG_PB,D,20190712,000000,12.6259,12.6259,12.3206,12.4438,0,0
ULG_PB,D,20190715,000000,12.2795,12.3778,12.2287,12.2287,0,0
ULG_PB,D,20190716,000000,12.2206,13.0652,12.2206,12.4777,0,0
ULG_PB,D,20190717,000000,12.751,12.9732,12.6259,12.9072,0,0
ULG_PB,D,20190718,000000,12.9732,12.9732,12.7259,12.9411,0,0
ULG_PB,D,20190719,000000,12.9411,12.9411,12.7831,12.85,0,0
ULG_PB,D,20190722,000000,13.0652,13.4955,12.9411,12.9991,0,0
ULG_PB,D,20190723,000000,13.1223,13.3384,13.1223,13.2465,0,0
ULG_PB,D,20190724,000000,13.2465,13.3714,13.1223,13.3125,0,0
ULG_PB,D,20190725,000000,13.4955,13.4955,13.2143,13.4044,0,0
ULG_PB,D,20190726,000000,13.4374,14.116,13.2465,14.116,0,0
ULG_PB,D,20190729,000000,14.4222,14.4884,13.9008,14.3642,0,0
ULG_PB,D,20190730,000000,14.6695,14.6695,13.6197,13.6197,0,0
ULG_PB,D,20190731,000000,13.2465,13.4616,12.9991,13.4374,0,0
ULG_PB,D,20190801,000000,13.4374,13.4374,12.85,13.0652,0,0
ULG_PB,D,20190802,000000,12.9411,13.2143,12.3778,13.1223,0,0
ULG_PB,D,20190805,000000,12.9991,12.9991,12.5357,12.6259,0,0
ULG_PB,D,20190806,000000,12.6259,12.875,12.4438,12.85,0,0
ULG_PB,D,20190807,000000,12.9411,12.9411,12.5679,12.85,0,0
ULG_PB,D,20190808,000000,12.5357,12.9732,12.5018,12.817,0,0
ULG_PB,D,20190809,000000,12.7831,12.7831,12.2206,12.5679,0,0
ULG_PB,D,20190812,000000,12.3456,12.5679,12.3206,12.5018,0,0
ULG_PB,D,20190813,000000,12.692,12.692,12.0724,12.1215,0,0
ULG_PB,D,20190814,000000,12.1385,12.1965,11.9474,11.9564,0,0
ULG_PB,D,20190816,000000,12.0224,12.6259,12.0135,12.6259,0,0
ULG_PB,D,20190819,000000,12.5679,12.7259,12.5018,12.692,0,0
ULG_PB,D,20190820,000000,12.692,12.751,12.5018,12.751,0,0
ULG_PB,D,20190821,000000,12.875,12.875,12.6259,12.817,0,0
ULG_PB,D,20190822,000000,12.817,12.817,12.4117,12.751,0,0
ULG_PB,D,20190823,000000,12.751,12.751,12.5018,12.751,0,0
ULG_PB,D,20190826,000000,12.6599,12.692,12.3778,12.692,0,0
ULG_PB,D,20190827,000000,12.6019,12.7259,12.4438,12.5679,0,0
ULG_PB,D,20190828,000000,12.5679,12.5679,12.3037,12.4777,0,0
ULG_PB,D,20190829,000000,12.5018,12.6019,12.3286,12.4777,0,0
ULG_PB,D,20190830,000000,12.4438,12.4438,12.3206,12.4438,0,0
ULG_PB,D,20190902,000000,12.3206,12.3206,11.9813,12.1215,0,0
ULG_PB,D,20190903,000000,12.0724,12.1385,11.8742,12.0724,0,0
ULG_PB,D,20190904,000000,12.1385,12.1385,11.7662,12.0135,0,0
ULG_PB,D,20190905,000000,11.9974,12.0724,11.8233,12.0724,0,0
ULG_PB,D,20190906,000000,12.3778,12.3778,10.2511,10.2511,0,0
ULG_PB,D,20190909,000000,10.3841,10.3841,9.8458,9.97786,0,0
ULG_PB,D,20190910,000000,9.96987,10.0288,9.86274,9.92078,0,0
ULG_PB,D,20190911,000000,9.97786,10.1939,9.92078,10.1939,0,0
ULG_PB,D,20190912,000000,10.343,11.0215,10.343,10.9386,0,0
ULG_PB,D,20190913,000000,10.8555,11.2028,10.5663,10.8314,0,0
ULG_PB,D,20190916,000000,10.8555,10.8555,10.5663,10.7233,0,0
ULG_PB,D,20190917,000000,10.8056,10.8056,10.5162,10.6493,0,0
ULG_PB,D,20190918,000000,10.6734,10.6734,10.3681,10.3681,0,0
ULG_PB,D,20190919,000000,10.144,10.3019,10.127,10.2931,0,0
ULG_PB,D,20190920,000000,10.2761,10.343,10.177,10.3341,0,0
ULG_PB,D,20190923,000000,10.3511,10.3511,10.127,10.127,0,0
ULG_PB,D,20190924,000000,10.2359,10.2359,10.0868,10.1939,0,0
ULG_PB,D,20190925,000000,10.2511,10.3019,10.0699,10.185,0,0
ULG_PB,D,20190926,000000,10.2681,10.2681,10.1109,10.26,0,0
ULG_PB,D,20190927,000000,10.2931,10.3019,10.119,10.219,0,0
ULG_PB,D,20190930,000000,10.119,10.177,9.87968,10.0868,0,0
ULG_PB,D,20191001,000000,10.0868,10.0868,9.92877,10.0369,0,0
ULG_PB,D,20191002,000000,10.3019,10.3019,9.58954,9.6065,0,0
ULG_PB,D,20191003,000000,9.5574,9.89662,9.5574,9.74752,0,0
ULG_PB,D,20191004,000000,9.96987,9.96987,9.74752,9.87968,0,0
ULG_PB,D,20191007,000000,9.87968,9.92877,9.63057,9.63057,0,0
ULG_PB,D,20191008,000000,9.70555,9.77967,9.70555,9.74752,0,0
ULG_PB,D,20191009,000000,9.81365,9.85465,9.6065,9.85465,0,0
ULG_PB,D,20191010,000000,9.85465,9.88776,9.68957,9.80469,0,0
ULG_PB,D,20191011,000000,9.87968,9.87968,9.73866,9.85465,0,0
ULG_PB,D,20191014,000000,9.73866,9.92877,9.73866,9.92877,0,0
ULG_PB,D,20191015,000000,9.86274,10.185,9.73058,10.0779,0,0
ULG_PB,D,20191016,000000,10.0868,10.5582,10.0868,10.5162,0,0
ULG_PB,D,20191017,000000,10.5582,10.5582,10.4172,10.5243,0,0
ULG_PB,D,20191018,000000,10.5162,10.5162,10.227,10.2761,0,0
ULG_PB,D,20191021,000000,10.3511,10.3511,10.0868,10.202,0,0
ULG_PB,D,20191022,000000,10.202,10.202,9.88776,9.97786,0,0
ULG_PB,D,20191023,000000,9.96274,9.96274,9.69756,9.82164,0,0
ULG_PB,D,20191024,000000,9.71364,9.87968,9.66455,9.82164,0,0
ULG_PB,D,20191025,000000,9.82164,9.82164,9.67254,9.80469,0,0
ULG_PB,D,20191028,000000,9.67254,9.81365,9.50651,9.6065,0,0
ULG_PB,D,20191029,000000,9.5574,9.70555,9.44936,9.63057,0,0
ULG_PB,D,20191030,000000,9.6556,9.68957,9.39937,9.5574,0,0
ULG_PB,D,20191031,000000,9.5815,9.5815,9.22527,9.5574,0,0
ULG_PB,D,20191104,000000,9.70555,9.70555,9.4324,9.63952,0,0
ULG_PB,D,20191105,000000,9.66455,9.66455,9.47436,9.5574,0,0
ULG_PB,D,20191106,000000,9.54846,9.67254,9.37437,9.54846,0,0
ULG_PB,D,20191107,000000,9.5574,9.5574,9.07707,9.07707,0,0
ULG_PB,D,20191108,000000,9.36633,9.36633,9.03511,9.26724,0,0
ULG_PB,D,20191112,000000,9.44936,9.54846,9.34133,9.44936,0,0
ULG_PB,D,20191113,000000,9.54043,9.54043,9.1351,9.16724,0,0
ULG_PB,D,20191114,000000,9.34133,9.37437,9.18421,9.34133,0,0
ULG_PB,D,20191115,000000,9.32527,9.49043,9.32527,9.44936,0,0
ULG_PB,D,20191118,000000,9.44936,9.77168,9.34133,9.66455,0,0
ULG_PB,D,20191119,000000,9.76359,9.96987,9.71364,9.85465,0,0
ULG_PB,D,20191120,000000,9.90384,9.90384,9.5574,9.58954,0,0
ULG_PB,D,20191121,000000,9.71364,10.2931,9.71364,10.219,0,0
ULG_PB,D,20191122,000000,10.2931,11.3688,9.71364,11.3688,0,0
ULG_PB,D,20191125,000000,11.576,11.576,11.0957,11.3197,0,0
ULG_PB,D,20191126,000000,11.3197,11.3197,11.1706,11.2448,0,0
ULG_PB,D,20191127,000000,11.3278,11.3278,11.0706,11.1706,0,0
ULG_PB,D,20191128,000000,11.1537,11.2528,11.0957,11.2028,0,0
ULG_PB,D,20191129,000000,11.3028,11.3939,11.1287,11.3769,0,0
ULG_PB,D,20191202,000000,11.418,11.418,11.1287,11.2689,0,0
ULG_PB,D,20191203,000000,11.2689,11.2689,11.1448,11.2028,0,0
ULG_PB,D,20191204,000000,11.1706,11.2028,11.1037,11.2028,0,0
ULG_PB,D,20191205,000000,11.2528,11.4269,11.1448,11.2028,0,0
ULG_PB,D,20191206,000000,11.3278,11.3278,11.1207,11.2689,0,0
ULG_PB,D,20191209,000000,11.2689,11.2689,11.1448,11.1537,0,0
ULG_PB,D,20191210,000000,11.2278,11.2278,11.1037,11.1706,0,0
ULG_PB,D,20191211,000000,11.1706,11.2448,11.0787,11.1448,0,0
ULG_PB,D,20191212,000000,11.1448,11.6421,11.1448,11.6421,0,0
ULG_PB,D,20191213,000000,11.7662,11.9153,11.526,11.6742,0,0
ULG_PB,D,20191216,000000,11.7662,11.7992,11.418,11.5501,0,0
ULG_PB,D,20191217,000000,11.592,11.592,11.2939,11.576,0,0
ULG_PB,D,20191218,000000,11.7162,11.8894,11.468,11.7492,0,0
ULG_PB,D,20191219,000000,11.7662,12.1385,11.7662,12.0385,0,0
ULG_PB,D,20191220,000000,12.0724,12.0724,11.8233,11.9813,0,0
ULG_PB,D,20191223,000000,11.9813,12.1385,11.7662,11.7912,0,0
ULG_PB,D,20191227,000000,11.7742,11.7742,11.592,11.7403,0,0
ULG_PB,D,20191230,000000,11.7403,12.3778,11.6421,12.0884,0,0
ULG_PB,D,20200102,000000,12.2546,12.4117,12.1385,12.3778,0,0
ULG_PB,D,20200103,000000,12.4117,12.4117,12.1625,12.2546,0,0
ULG_PB,D,20200107,000000,12.2546,12.9991,12.2546,12.817,0,0
ULG_PB,D,20200108,000000,12.7259,12.875,12.6019,12.7259,0,0
ULG_PB,D,20200109,000000,12.875,13.4955,12.692,13.4955,0,0
ULG_PB,D,20200110,000000,13.4616,13.991,13.4616,13.991,0,0
ULG_PB,D,20200113,000000,14.116,14.116,13.7437,13.991,0,0
ULG_PB,D,20200114,000000,13.991,13.991,13.4955,13.7767,0,0
ULG_PB,D,20200115,000000,13.6197,13.6197,13.1563,13.2465,0,0
ULG_PB,D,20200116,000000,13.0902,13.4616,12.875,13.4044,0,0
ULG_PB,D,20200117,000000,13.3714,13.3714,12.875,12.9991,0,0
ULG_PB,D,20200120,000000,12.9991,13.4374,12.9072,13.2143,0,0
ULG_PB,D,20200121,000000,13.2143,13.2143,12.9991,13.1893,0,0
ULG_PB,D,20200122,000000,13.7437,13.7437,13.0652,13.3125,0,0
ULG_PB,D,20200123,000000,13.4044,13.4044,12.1385,12.3778,0,0
ULG_PB,D,20200124,000000,12.4117,12.5357,12.0644,12.5018,0,0
ULG_PB,D,20200127,000000,12.3778,12.3778,12.0965,12.1876,0,0
ULG_PB,D,20200128,000000,12.1876,12.3527,11.8233,11.9474,0,0
ULG_PB,D,20200129,000000,11.8742,12.1385,11.7742,12.0135,0,0
ULG_PB,D,20200130,000000,12.0135,12.0644,11.7742,11.7742,0,0
ULG_PB,D,20200131,000000,11.8233,11.9564,11.8233,11.9474,0,0
ULG_PB,D,20200203,000000,11.8983,12.7831,11.8983,12.7259,0,0
ULG_PB,D,20200204,000000,12.7259,12.7259,12.5679,12.6599,0,0
ULG_PB,D,20200205,000000,12.692,13.2804,12.6599,13.2804,0,0
ULG_PB,D,20200206,000000,13.3714,13.4955,13.2465,13.3125,0,0
ULG_PB,D,20200207,000000,13.3125,13.3714,12.751,12.875,0,0
ULG_PB,D,20200210,000000,12.9411,13.8098,12.7259,13.4374,0,0
ULG_PB,D,20200211,000000,13.6857,14.0499,13.6197,13.8098,0,0
ULG_PB,D,20200212,000000,13.8098,13.9589,13.3714,13.5616,0,0
ULG_PB,D,20200213,000000,13.4374,13.6197,13.2804,13.4374,0,0
ULG_PB,D,20200214,000000,13.5857,13.5857,13.3714,13.5276,0,0
ULG_PB,D,20200217,000000,13.3714,13.6857,13.3714,13.4955,0,0
ULG_PB,D,20200218,000000,13.4955,13.5857,13.3384,13.5857,0,0
ULG_PB,D,20200219,000000,13.4044,13.5616,13.4044,13.4955,0,0
ULG_PB,D,20200220,000000,13.4374,13.4955,13.2465,13.3125,0,0
ULG_PB,D,20200221,000000,13.2143,13.3125,12.9732,13.2804,0,0
ULG_PB,D,20200224,000000,12.9991,12.9991,12.3456,12.817,0,0
ULG_PB,D,20200225,000000,12.4777,12.751,11.9474,12.2287,0,0
ULG_PB,D,20200226,000000,11.7662,12.2947,11.468,12.1965,0,0
ULG_PB,D,20200227,000000,12.1215,12.1215,10.9225,11.1448,0,0
ULG_PB,D,20200228,000000,9.96987,10.3019,9.1592,9.90384,0,0
ULG_PB,D,20200302,000000,10.5243,11.0787,10.2359,10.5823,0,0
ULG_PB,D,20200303,000000,11.1448,11.493,10.8314,11.1207,0,0
ULG_PB,D,20200304,000000,10.9957,11.1037,10.5823,11.0706,0,0
ULG_PB,D,20200305,000000,11.2689,11.3939,10.7073,11.0547,0,0
ULG_PB,D,20200306,000000,10.5823,11.0547,10.5332,10.8975,0,0
ULG_PB,D,20200309,000000,9.47436,10.3761,9.10117,9.47436,0,0
ULG_PB,D,20200310,000000,9.5315,9.8458,9.03511,9.03511,0,0
ULG_PB,D,20200311,000000,9.20921,9.20921,7.75296,8.05097,0,0
ULG_PB,D,20200312,000000,6.99167,6.99167,6.25529,6.25529,0,0
ULG_PB,D,20200313,000000,6.80963,7.48815,6.43733,6.68553,0,0
ULG_PB,D,20200316,000000,6.75178,7.70323,6.31314,7.70323,0,0
ULG_PB,D,20200317,000000,7.73635,8.5396,7.67841,8.5396,0,0
ULG_PB,D,20200318,000000,8.55567,9.22527,8.42292,8.60567,0,0
ULG_PB,D,20200319,000000,8.35675,9.1592,8.35675,9.15206,0,0
ULG_PB,D,20200320,000000,9.22527,9.59846,8.42292,8.5396,0,0
ULG_PB,D,20200323,000000,8.05097,8.42292,7.81082,8.02589,0,0
ULG_PB,D,20200324,000000,8.72977,8.72977,8.18338,8.65478,0,0
ULG_PB,D,20200325,000000,8.97708,9.10117,8.35675,8.48068,0,0
ULG_PB,D,20200326,000000,8.35675,8.77887,8.34837,8.6637,0,0
ULG_PB,D,20200327,000000,8.70477,8.90297,8.39863,8.6637,0,0
ULG_PB,D,20200330,000000,8.72977,8.72977,8.4564,8.6637,0,0
ULG_PB,D,20200331,000000,9.10117,9.47436,7.81911,7.81911,0,0
ULG_PB,D,20200401,000000,7.62047,8.84494,7.62047,8.34837,0,0
ULG_PB,D,20200402,000000,8.61281,9.24224,8.61281,9.11814,0,0
ULG_PB,D,20200403,000000,9.68957,10.3172,9.49043,10.285,0,0
ULG_PB,D,20200406,000000,11.2778,11.5091,10.7314,11.2778,0,0
ULG_PB,D,20200407,000000,11.3519,11.3769,10.3341,10.3341,0,0
ULG_PB,D,20200408,000000,10.0868,11.435,9.9458,11.3769,0,0
ULG_PB,D,20200409,000000,11.484,11.6421,10.9135,11.2197,0,0
ULG_PB,D,20200414,000000,11.2197,11.2197,10.6984,11.1957,0,0
ULG_PB,D,20200415,000000,11.1957,11.1957,10.7565,10.8314,0,0
ULG_PB,D,20200416,000000,10.8056,10.9135,10.6734,10.8056,0,0
ULG_PB,D,20200417,000000,10.9635,11.1448,10.7565,11.1207,0,0
ULG_PB,D,20200420,000000,11.1448,12.5018,11.0127,12.5018,0,0
ULG_PB,D,20200421,000000,12.792,13.0982,11.8233,12.6098,0,0
ULG_PB,D,20200422,000000,12.634,12.9991,12.634,12.9491,0,0
ULG_PB,D,20200423,000000,13.4125,13.5696,12.9991,13.5196,0,0
ULG_PB,D,20200424,000000,13.5196,13.5196,13.0982,13.4955,0,0
ULG_PB,D,20200427,000000,13.5447,14.5874,13.5447,14.5874,0,0
ULG_PB,D,20200428,000000,14.8766,17.8559,14.8766,16.3168,0,0
ULG_PB,D,20200429,000000,16.523,17.7479,16.523,17.2265,0,0
ULG_PB,D,20200430,000000,17.6988,17.6988,15.0338,15.6632,0,0
ULG_PB,D,20200504,000000,15.6632,16.9373,14.9267,16.1837,0,0
ULG_PB,D,20200505,000000,16.4409,16.7792,15.6632,15.9775,0,0
ULG_PB,D,20200506,000000,15.9195,15.9445,15.4481,15.6382,0,0
ULG_PB,D,20200507,000000,15.4231,15.4231,15.0088,15.3981,0,0
ULG_PB,D,20200508,000000,15.1669,15.3981,15.0338,15.1919,0,0
ULG_PB,D,20200511,000000,15.1418,16.598,14.8766,16.598,0,0
ULG_PB,D,20200512,000000,16.7551,17.9551,16.7551,17.7479,0,0
ULG_PB,D,20200513,000000,17.7479,17.7479,17.4917,17.6408,0,0
ULG_PB,D,20200514,000000,17.2524,17.3015,15.5552,16.681,0,0
ULG_PB,D,20200515,000000,17.2015,17.2015,14.157,14.157,0,0
ULG_PB,D,20200518,000000,15.0017,15.0017,14.4963,14.7285,0,0
ULG_PB,D,20200519,000000,14.9098,14.9098,14.3393,14.6374,0,0
ULG_PB,D,20200520,000000,14.6785,14.7285,14.091,14.6374,0,0
ULG_PB,D,20200521,000000,14.7285,14.7285,14.2731,14.4963,0,0
ULG_PB,D,20200522,000000,14.6374,15.0919,14.6374,14.9508,0,0
ULG_PB,D,20200525,000000,15.1338,15.5392,14.9508,15.4481,0,0
ULG_PB,D,20200526,000000,15.4481,16.5399,15.4481,16.2668,0,0
ULG_PB,D,20200527,000000,16.5399,16.5649,15.5221,15.7213,0,0
ULG_PB,D,20200528,000000,15.7954,16.4489,15.473,15.9686,0,0
ULG_PB,D,20200529,000000,15.9686,16.581,15.7463,16.4248,0,0
ULG_PB,D,20200601,000000,16.581,17.2185,16.0855,16.581,0,0
ULG_PB,D,20200602,000000,16.7221,16.7471,16.0195,16.0435,0,0
ULG_PB,D,20200603,000000,16.2007,16.4248,15.8614,16.0195,0,0
ULG_PB,D,20200604,000000,16.1757,16.1757,15.407,15.5221,0,0
ULG_PB,D,20200605,000000,15.5883,15.9533,15.0178,15.9533,0,0
ULG_PB,D,20200608,000000,16.0855,16.0855,15.0677,15.407,0,0
ULG_PB,D,20200609,000000,15.2901,15.8123,15.2901,15.8123,0,0
ULG_PB,D,20200610,000000,15.8123,15.8614,15.6552,15.8123,0,0
ULG_PB,D,20200612,000000,14.9508,15.382,14.7035,15.1338,0,0
ULG_PB,D,20200615,000000,14.7945,14.7945,13.9589,14.6374,0,0
ULG_PB,D,20200616,000000,15.6802,15.6802,14.8606,14.9098,0,0
ULG_PB,D,20200617,000000,15.1338,15.1338,14.6374,14.8436,0,0
ULG_PB,D,20200618,000000,14.9508,15.0919,14.7285,15.0428,0,0
ULG_PB,D,20200619,000000,15.0428,15.2748,14.8436,15.1579,0,0
ULG_PB,D,20200622,000000,15.365,15.407,15.1999,15.2748,0,0
ULG_PB,D,20200623,000000,15.2901,15.2901,14.9098,14.9508,0,0
ULG_PB,D,20200624,000000,14.9098,15.0677,14.8186,15.0178,0,0
ULG_PB,D,20200625,000000,15.0178,15.0178,14.3232,14.8606,0,0
ULG_PB,D,20200626,000000,14.8606,14.8606,14.4552,14.4963,0,0
ULG_PB,D,20200629,000000,14.7285,14.7285,14.5214,14.6785,0,0
ULG_PB,D,20200630,000000,14.7285,14.9508,14.5454,14.6785,0,0
ULG_PB,D,20200701,000000,14.5874,14.9098,14.5454,14.9098,0,0
ULG_PB,D,20200702,000000,15.2026,15.5293,15.2026,15.4114,0,0
ULG_PB,D,20200703,000000,15.0017,15.2525,14.8588,15.1856,0,0
ULG_PB,D,20200706,000000,15.2945,15.5543,15.0436,15.5543,0,0
ULG_PB,D,20200707,000000,15.7302,15.7302,15.0436,15.2525,0,0
ULG_PB,D,20200708,000000,15.3704,15.5293,15.1356,15.5043,0,0
ULG_PB,D,20200709,000000,15.5543,15.5543,15.0936,15.0936,0,0
ULG_PB,D,20200710,000000,15.1356,15.5293,15.0436,15.5043,0,0
ULG_PB,D,20200713,000000,15.5043,15.5043,15.1356,15.2026,0,0
ULG_PB,D,20200714,000000,15.4373,15.4373,14.8588,15.2525,0,0
ULG_PB,D,20200715,000000,15.2276,15.2276,14.8839,15.0017,0,0
ULG_PB,D,20200716,000000,14.8169,15.1356,14.7918,15.1356,0,0
ULG_PB,D,20200717,000000,15.1356,16.7855,15.0936,16.5176,0,0
ULG_PB,D,20200720,000000,16.5596,16.5596,16.074,16.3998,0,0
ULG_PB,D,20200721,000000,16.4927,16.5596,15.898,16.2158,0,0
ULG_PB,D,20200722,000000,16.1909,16.2828,15.3195,15.3195,0,0
ULG_PB,D,20200723,000000,14.9098,17.4301,14.9098,16.3328,0,0
ULG_PB,D,20200724,000000,16.7435,16.7435,15.7132,16.3748,0,0
ULG_PB,D,20200727,000000,16.7435,16.7435,15.8222,16.2158,0,0
ULG_PB,D,20200728,000000,16.2158,16.2158,15.3865,15.4114,0,0
ULG_PB,D,20200729,000000,15.2026,15.6632,15.1856,15.1856,0,0
ULG_PB,D,20200730,000000,15.2775,15.2775,13.3009,13.5357,0,0
ULG_PB,D,20200731,000000,13.7615,14.7918,13.7615,14.6749,0,0
ULG_PB,D,20200803,000000,14.6749,14.6999,14.3812,14.658,0,0
ULG_PB,D,20200804,000000,14.7499,15.6632,14.449,15.2276,0,0
ULG_PB,D,20200805,000000,15.5543,15.5543,14.7499,15.1186,0,0
ULG_PB,D,20200806,000000,15.1186,15.1186,14.7249,14.9347,0,0
ULG_PB,D,20200807,000000,14.8839,14.8839,14.474,14.516,0,0
ULG_PB,D,20200810,000000,14.6749,14.7668,14.449,14.566,0,0
ULG_PB,D,20200811,000000,14.9098,14.9098,14.4231,14.499,0,0
ULG_PB,D,20200812,000000,14.4231,14.4231,14.0803,14.1723,0,0
ULG_PB,D,20200813,000000,14.1723,14.3812,14.1723,14.2642,0,0
ULG_PB,D,20200814,000000,14.1723,14.8588,14.1723,14.6079,0,0
ULG_PB,D,20200817,000000,14.6749,14.8419,14.1723,14.541,0,0
ULG_PB,D,20200818,000000,14.6329,14.6329,14.0803,14.0803,0,0
ULG_PB,D,20200819,000000,14.0803,14.2642,13.8035,14.0803,0,0
ULG_PB,D,20200820,000000,14.0803,14.6749,13.5527,14.2892,0,0
ULG_PB,D,20200821,000000,14.2892,14.583,14.1303,14.2892,0,0
ULG_PB,D,20200824,000000,14.449,14.7249,13.7366,14.7249,0,0
ULG_PB,D,20200825,000000,14.658,14.658,13.8794,13.8794,0,0
ULG_PB,D,20200826,000000,14.0803,14.1723,13.7116,13.8536,0,0
ULG_PB,D,20200827,000000,13.6946,14.1303,13.6946,13.8794,0,0
ULG_PB,D,20200828,000000,13.7116,13.8794,13.6946,13.8794,0,0
ULG_PB,D,20200831,000000,13.9714,13.9714,13.234,13.4857,0,0
ULG_PB,D,20200901,000000,13.234,13.3009,12.7982,13.1,0,0
ULG_PB,D,20200902,000000,13.2089,13.6446,13.117,13.6197,0,0
ULG_PB,D,20200903,000000,13.6696,13.7615,13.234,13.3009,0,0
ULG_PB,D,20200904,000000,12.5724,13.2089,12.5724,12.8911,0,0
ULG_PB,D,20200907,000000,12.6393,12.8402,12.0617,12.1537,0,0
ULG_PB,D,20200908,000000,12.3375,12.3375,11.1483,12.1117,0,0
ULG_PB,D,20200909,000000,11.6091,13.3929,11.6091,13.025,0,0
ULG_PB,D,20200910,000000,13.2589,13.2589,12.3885,13.117,0,0
ULG_PB,D,20200911,000000,12.6144,13.7116,12.6144,13.7116,0,0
ULG_PB,D,20200914,000000,14.2223,14.3812,12.1117,12.1117,0,0
ULG_PB,D,20200915,000000,11.9019,12.2795,11.9019,12.0698,0,0
ULG_PB,D,20200916,000000,12.2126,12.2126,11.576,11.576,0,0
ULG_PB,D,20200917,000000,11.8438,11.8438,11.576,11.8019,0,0
ULG_PB,D,20200918,000000,12.0278,12.0278,11.659,11.8689,0,0
ULG_PB,D,20200921,000000,11.8269,11.8269,11.1234,11.4162,0,0
ULG_PB,D,20200922,000000,11.4162,11.4751,11.1234,11.2322,0,0
ULG_PB,D,20200923,000000,11.3492,11.3492,10.8386,10.9645,0,0
ULG_PB,D,20200924,000000,10.8555,10.8555,10.2609,10.5957,0,0
ULG_PB,D,20200925,000000,10.5957,11.643,10.5957,11.559,0,0
ULG_PB,D,20200928,000000,11.559,11.559,11.3331,11.534,0,0
ULG_PB,D,20200929,000000,11.559,11.743,11.492,11.643,0,0
ULG_PB,D,20200930,000000,11.8269,12.1956,11.643,12.0527,0,0
ULG_PB,D,20201001,000000,12.1117,12.1117,11.743,11.743,0,0
ULG_PB,D,20201002,000000,11.743,11.9858,10.7966,11.9858,0,0
ULG_PB,D,20201005,000000,12.1956,12.7232,12.1956,12.6894,0,0
ULG_PB,D,20201006,000000,13.058,13.2428,12.7652,12.9742,0,0
ULG_PB,D,20201007,000000,12.9161,12.9161,12.5384,12.8491,0,0
ULG_PB,D,20201008,000000,12.9322,12.9322,12.0867,12.0867,0,0
ULG_PB,D,20201009,000000,12.1117,12.3795,11.9019,12.2795,0,0
ULG_PB,D,20201012,000000,12.5223,12.7232,12.0108,12.5804,0,0
ULG_PB,D,20201013,000000,12.5804,12.5804,12.1537,12.3126,0,0
ULG_PB,D,20201014,000000,12.3545,12.5384,11.701,12.1537,0,0
ULG_PB,D,20201015,000000,12.1537,12.1537,11.3492,11.701,0,0
ULG_PB,D,20201016,000000,11.2913,12.1537,11.2913,11.701,0,0
ULG_PB,D,20201019,000000,11.9019,12.5223,11.9019,12.4215,0,0
ULG_PB,D,20201020,000000,12.5223,12.6063,12.1537,12.3964,0,0
ULG_PB,D,20201021,000000,12.5054,12.6063,12.3126,12.3375,0,0
ULG_PB,D,20201022,000000,12.3795,12.6474,11.9698,12.3126,0,0
ULG_PB,D,20201023,000000,12.4384,12.4384,12.0698,12.4215,0,0
ULG_PB,D,20201026,000000,12.9322,12.9322,11.9019,11.9439,0,0
ULG_PB,D,20201027,000000,12.1117,12.1117,11.7599,12.0278,0,0
ULG_PB,D,20201028,000000,12.0278,12.0278,10.8555,11.0225,0,0
ULG_PB,D,20201029,000000,10.8555,11.3331,10.4278,11.3331,0,0
ULG_PB,D,20201030,000000,11.2493,11.2493,10.5537,10.6707,0,0
ULG_PB,D,20201102,000000,10.5957,11.0484,10.5118,10.8975,0,0
ULG_PB,D,20201103,000000,10.8975,11.0064,10.7377,10.8805,0,0
ULG_PB,D,20201104,000000,11.0484,11.3492,10.7546,11.2322,0,0
ULG_PB,D,20201105,000000,11.2654,11.8858,11.2654,11.676,0,0
ULG_PB,D,20201106,000000,11.2654,11.492,10.9645,11.0814,0,0
ULG_PB,D,20201109,000000,11.0814,11.2073,10.8386,10.9225,0,0
ULG_PB,D,20201110,000000,10.8386,11.0484,10.6377,10.6377,0,0
ULG_PB,D,20201112,000000,10.8555,11.576,10.8555,11.492,0,0
ULG_PB,D,20201113,000000,11.576,12.3795,11.576,12.3126,0,0
ULG_PB,D,20201116,000000,12.6474,12.7232,12.0108,12.3126,0,0
ULG_PB,D,20201117,000000,12.3126,12.6224,11.701,12.3545,0,0
ULG_PB,D,20201118,000000,12.4804,12.4804,12.1706,12.3126,0,0
ULG_PB,D,20201119,000000,12.3126,12.3126,11.8689,12.1956,0,0
ULG_PB,D,20201120,000000,12.3964,12.7232,7.91536,7.91536,0,0
ULG_PB,D,20201123,000000,8.00749,8.47649,8.00749,8.40113,0,0
ULG_PB,D,20201124,000000,8.42631,8.61906,8.3006,8.45139,0,0
ULG_PB,D,20201125,000000,8.45139,8.56014,8.1582,8.40113,0,0
ULG_PB,D,20201126,000000,8.22525,8.40113,8.08285,8.22525,0,0
ULG_PB,D,20201127,000000,8.05776,8.17499,7.98232,8.10794,0,0
ULG_PB,D,20201130,000000,8.07446,8.07446,7.7143,7.78135,0,0
ULG_PB,D,20201201,000000,8.04937,8.04937,7.73939,7.76457,0,0
ULG_PB,D,20201202,000000,7.90697,7.90697,7.64725,7.76457,0,0
ULG_PB,D,20201203,000000,7.78965,7.78965,7.40441,7.76457,0,0
ULG_PB,D,20201204,000000,7.73939,8.07446,7.7143,8.07446,0,0
ULG_PB,D,20201207,000000,8.12472,8.29221,7.95723,7.96562,0,0
ULG_PB,D,20201208,000000,8.22525,8.29221,8.04937,8.17499,0,0
ULG_PB,D,20201209,000000,8.25034,8.51015,8.25034,8.42631,0,0
ULG_PB,D,20201210,000000,8.40113,8.53514,8.23364,8.42631,0,0
ULG_PB,D,20201211,000000,8.20846,8.32578,8.02419,8.29221,0,0
ULG_PB,D,20201214,000000,8.26712,8.26712,8.00749,8.04937,0,0
ULG_PB,D,20201215,000000,8.17499,8.25034,8.04937,8.04937,0,0
ULG_PB,D,20201216,000000,8.02419,8.20846,7.81483,7.83991,0,0
ULG_PB,D,20201217,000000,7.96562,7.96562,7.51325,7.53842,0,0
ULG_PB,D,20201218,000000,7.53842,7.73939,7.52164,7.7143,0,0
ULG_PB,D,20201221,000000,7.89018,7.89018,7.40441,7.5719,0,0
ULG_PB,D,20201222,000000,7.56351,7.62217,7.44628,7.59707,0,0
ULG_PB,D,20201223,000000,7.66404,7.78135,7.63895,7.66404,0,0
ULG_PB,D,20201228,000000,7.83991,8.07446,7.78965,8.05776,0,0
ULG_PB,D,20201229,000000,8.14989,8.3006,8.13312,8.27552,0,0
ULG_PB,D,20201230,000000,8.32578,8.32578,8.03259,8.04937,0,0
ULG_PB,D,20210104,000000,8.17499,8.3006,8.08285,8.10794,0,0
ULG_PB,D,20210105,000000,8.02419,8.1582,8.02419,8.12472,0,0
ULG_PB,D,20210107,000000,8.1582,8.29221,8.07446,8.20007,0,0
ULG_PB,D,20210108,000000,8.26712,8.27552,8.09963,8.17499,0,0
ULG_PB,D,20210111,000000,8.1582,8.27552,7.91536,8.14989,0,0
ULG_PB,D,20210112,000000,8.18338,8.20007,7.9991,8.10794,0,0
ULG_PB,D,20210113,000000,8.07446,8.07446,7.89018,7.89018,0,0
ULG_PB,D,20210114,000000,7.89018,7.90697,7.7143,7.78135,0,0
ULG_PB,D,20210115,000000,7.78965,7.78965,7.5719,7.63895,0,0
ULG_PB,D,20210118,000000,7.78965,7.9991,7.63895,7.90697,0,0
ULG_PB,D,20210119,000000,7.91536,8.05776,7.73109,7.8651,0,0
ULG_PB,D,20210120,000000,7.9991,7.9991,7.73109,7.8818,0,0
ULG_PB,D,20210121,000000,7.91536,8.12472,7.8651,8.10794,0,0
ULG_PB,D,20210122,000000,8.08285,8.56014,8.08285,8.40113,0,0
ULG_PB,D,20210125,000000,8.66906,9.02975,8.66906,8.77798,0,0
ULG_PB,D,20210126,000000,8.78601,8.78601,8.47649,8.68602,0,0
ULG_PB,D,20210127,000000,8.51817,8.54317,8.10794,8.26712,0,0
ULG_PB,D,20210128,000000,8.26712,8.42631,7.91536,8.31739,0,0
ULG_PB,D,20210129,000000,8.37604,8.37604,7.9991,8.14989,0,0
ULG_PB,D,20210201,000000,8.17499,8.40113,8.07446,8.08285,0,0
ULG_PB,D,20210202,000000,8.17499,8.22525,7.9991,8.22525,0,0
ULG_PB,D,20210203,000000,8.22525,8.22525,7.93206,7.96562,0,0
ULG_PB,D,20210204,000000,8.02419,8.05776,7.94044,7.9991,0,0
ULG_PB,D,20210205,000000,8.3006,8.39273,8.12472,8.37604,0,0
ULG_PB,D,20210208,000000,8.37604,8.37604,8.00749,8.09963,0,0
ULG_PB,D,20210209,000000,8.09963,8.09963,7.76457,7.80644,0,0
ULG_PB,D,20210210,000000,7.91536,8.10794,7.73939,8.07446,0,0
ULG_PB,D,20210211,000000,8.09963,8.3006,8.09963,8.25034,0,0
ULG_PB,D,20210212,000000,8.25034,8.25034,8.10794,8.12472,0,0
ULG_PB,D,20210215,000000,8.17499,8.17499,7.96562,8.05776,0,0
ULG_PB,D,20210216,000000,8.04937,8.09963,7.96562,8.05776,0,0
ULG_PB,D,20210217,000000,8.08285,8.08285,7.89018,7.90697,0,0
ULG_PB,D,20210218,000000,8.02419,8.02419,7.81483,7.89018,0,0
ULG_PB,D,20210219,000000,7.8818,7.89018,7.66404,7.69752,0,0
ULG_PB,D,20210222,000000,7.69752,7.7143,7.51325,7.58869,0,0
ULG_PB,D,20210223,000000,7.64725,7.64725,7.32897,7.48815,0,0
ULG_PB,D,20210224,000000,7.4295,7.76457,7.4295,7.63895,0,0
ULG_PB,D,20210225,000000,7.7143,7.83991,7.54681,7.54681,0,0
ULG_PB,D,20210226,000000,7.47138,7.48815,7.37924,7.44628,0,0
ULG_PB,D,20210301,000000,7.40441,7.62217,7.40441,7.54681,0,0
ULG_PB,D,20210302,000000,7.4295,7.49655,7.2788,7.34575,0,0
ULG_PB,D,20210303,000000,7.52164,7.52164,7.22853,7.2788,0,0
ULG_PB,D,20210304,000000,7.2704,7.2788,7.07774,7.20335,0,0
ULG_PB,D,20210305,000000,7.32897,7.40441,7.12801,7.35415,0,0
ULG_PB,D,20210308,000000,7.39602,7.40441,7.22853,7.39602,0,0
ULG_PB,D,20210309,000000,7.47138,7.48815,7.22014,7.22014,0,0
ULG_PB,D,20210310,000000,7.22014,7.37093,7.16148,7.37093,0,0
ULG_PB,D,20210311,000000,7.37093,7.37093,7.15309,7.20335,0,0
ULG_PB,D,20210312,000000,7.24522,7.24522,7.15309,7.22853,0,0
ULG_PB,D,20210315,000000,7.25362,7.25362,7.10283,7.18666,0,0
ULG_PB,D,20210316,000000,7.18666,7.18666,7.06095,7.07774,0,0
ULG_PB,D,20210317,000000,7.08613,7.20335,6.97721,7.20335,0,0
ULG_PB,D,20210318,000000,7.1364,7.1364,7.02748,7.03586,0,0
ULG_PB,D,20210319,000000,7.03586,7.08613,6.91025,6.95212,0,0
ULG_PB,D,20210322,000000,7.15309,7.15309,7.03586,7.07774,0,0
ULG_PB,D,20210323,000000,7.1364,7.1364,6.96043,6.97721,0,0
ULG_PB,D,20210324,000000,7.11122,7.11122,6.91025,7.00238,0,0
ULG_PB,D,20210325,000000,6.97721,7.02748,6.91025,6.97721,0,0
ULG_PB,D,20210326,000000,6.95212,7.03586,6.8432,6.97721,0,0
ULG_PB,D,20210329,000000,7.01069,7.52164,7.01069,7.48815,0,0
ULG_PB,D,20210330,000000,7.48815,7.48815,7.30388,7.40441,0,0
ULG_PB,D,20210331,000000,7.40441,7.52164,7.40441,7.40441,0,0
ULG_PB,D,20210401,000000,7.4295,7.45467,7.15309,7.4295,0,0
ULG_PB,D,20210406,000000,7.32067,7.5719,7.2788,7.40441,0,0
ULG_PB,D,20210407,000000,7.53842,7.53842,7.40441,7.4295,0,0
ULG_PB,D,20210408,000000,7.37924,7.44628,7.32067,7.32897,0,0
ULG_PB,D,20210409,000000,7.39602,7.51325,7.18666,7.47138,0,0
ULG_PB,D,20210412,000000,7.4295,7.4295,7.18666,7.2788,0,0
ULG_PB,D,20210413,000000,7.2788,7.39602,7.15309,7.32897,0,0
ULG_PB,D,20210414,000000,7.37093,7.37093,7.17827,7.30388,0,0
ULG_PB,D,20210415,000000,7.32067,7.35415,7.2704,7.2788,0,0
ULG_PB,D,20210416,000000,7.32897,7.35415,7.2788,7.32897,0,0
ULG_PB,D,20210419,000000,7.30388,7.44628,7.24522,7.32897,0,0
ULG_PB,D,20210420,000000,7.59707,7.96562,2.80597,2.80597,0,0
ULG_PB,D,20210421,000000,2.83106,2.83106,2.72223,2.77249,0,0
ULG_PB,D,20210422,000000,2.7808,2.83106,2.7641,2.80597,0,0
ULG_PB,D,20210423,000000,2.82276,2.93159,2.80597,2.9065,0,0
ULG_PB,D,20210426,000000,2.95676,2.99025,2.85623,2.87293,0,0
ULG_PB,D,20210427,000000,2.89811,2.9065,2.81436,2.88972,0,0
ULG_PB,D,20210428,000000,2.99864,3.03212,2.95676,3.02373,0,0
ULG_PB,D,20210429,000000,3.03212,3.0656,2.98185,3.01533,0,0
ULG_PB,D,20210430,000000,3.01533,3.01533,2.93159,2.99025,0,0
ULG_PB,D,20210504,000000,3.01533,3.11586,3.01533,3.0572,0,0
ULG_PB,D,20210505,000000,3.08238,3.08238,2.98185,3.0572,0,0
ULG_PB,D,20210506,000000,3.04891,3.04891,2.96507,3.00703,0,0
ULG_PB,D,20210507,000000,3.00703,3.00703,2.93159,3.00703,0,0
ULG_PB,D,20210510,000000,3.03212,3.04051,2.99025,3.02373,0,0
ULG_PB,D,20210511,000000,2.95676,3.02373,2.95676,2.96507,0,0
ULG_PB,D,20210512,000000,3.00703,3.00703,2.95676,2.99864,0,0
ULG_PB,D,20210513,000000,2.95676,2.95676,2.79757,2.84785,0,0
ULG_PB,D,20210514,000000,2.83946,2.83946,2.54635,2.54635,0,0
ULG_PB,D,20210517,000000,2.57143,2.6217,2.55465,2.6133,0,0
ULG_PB,D,20210518,000000,2.65518,2.65518,2.6133,2.63849,0,0
ULG_PB,D,20210519,000000,2.63849,2.63849,2.57143,2.60491,0,0
ULG_PB,D,20210520,000000,2.6217,2.72223,2.6217,2.67196,0,0
ULG_PB,D,20210521,000000,2.67196,2.70544,2.64678,2.69705,0,0
ULG_PB,D,20210524,000000,2.68036,2.68036,2.63849,2.67196,0,0
ULG_PB,D,20210525,000000,2.69705,2.69705,2.63009,2.67196,0,0
ULG_PB,D,20210526,000000,2.67196,2.70544,2.6133,2.65518,0,0
ULG_PB,D,20210527,000000,2.71383,2.71383,2.64678,2.64678,0,0
ULG_PB,D,20210528,000000,2.68866,2.72223,2.65518,2.71383,0,0
ULG_PB,D,20210531,000000,2.71383,2.84785,2.68036,2.81436,0,0
ULG_PB,D,20210601,000000,2.80597,2.80597,2.7808,2.79757,0,0
ULG_PB,D,20210602,000000,2.80597,2.83106,2.79757,2.80597,0,0
ULG_PB,D,20210604,000000,2.80597,2.85623,2.80597,2.83946,0,0
ULG_PB,D,20210607,000000,2.83946,2.89811,2.83946,2.88133,0,0
ULG_PB,D,20210608,000000,2.87293,2.87293,2.78919,2.83946,0,0
ULG_PB,D,20210609,000000,2.90159,2.96409,2.86588,2.96409,0,0
ULG_PB,D,20210610,000000,2.98194,2.98194,2.85695,2.91944,0,0
ULG_PB,D,20210611,000000,2.90159,2.90159,2.80338,2.8391,0,0
ULG_PB,D,20210614,000000,2.79446,2.84802,2.74981,2.79446,0,0
ULG_PB,D,20210615,000000,2.80338,2.80338,2.70517,2.75875,0,0
ULG_PB,D,20210616,000000,2.79446,2.79446,2.70517,2.74089,0,0
ULG_PB,D,20210617,000000,2.75875,2.75875,2.69625,2.74089,0,0
ULG_PB,D,20210618,000000,2.72304,2.72304,2.70517,2.7141,0,0
ULG_PB,D,20210621,000000,2.72304,2.74981,2.66054,2.7141,0,0
ULG_PB,D,20210622,000000,2.7141,2.74981,2.70517,2.7141,0,0
ULG_PB,D,20210623,000000,2.74981,2.74981,2.7141,2.74981,0,0
ULG_PB,D,20210624,000000,2.75875,2.75875,2.69625,2.74089,0,0
ULG_PB,D,20210625,000000,2.74089,2.88373,2.67839,2.78552,0,0
ULG_PB,D,20210628,000000,2.78552,2.79446,2.73196,2.76767,0,0
ULG_PB,D,20210629,000000,2.79446,2.79446,2.72304,2.78552,0,0
ULG_PB,D,20210630,000000,2.78552,2.79446,2.72304,2.73196,0,0
ULG_PB,D,20210701,000000,2.78552,2.78552,2.69625,2.70517,0,0
ULG_PB,D,20210702,000000,2.70517,2.7141,2.69625,2.70517,0,0
ULG_PB,D,20210705,000000,2.72304,2.72304,2.66054,2.66054,0,0
ULG_PB,D,20210706,000000,2.7141,2.7141,2.6516,2.66054,0,0
ULG_PB,D,20210707,000000,2.70517,2.7141,2.66946,2.7141,0,0
ULG_PB,D,20210708,000000,2.7141,2.7141,2.64268,2.67839,0,0
ULG_PB,D,20210709,000000,2.68732,2.68732,2.64268,2.64268,0,0
ULG_PB,D,20210712,000000,2.64268,2.69625,2.62483,2.6516,0,0
ULG_PB,D,20210713,000000,2.6516,2.69625,2.59804,2.62483,0,0
ULG_PB,D,20210714,000000,2.66946,2.66946,2.62483,2.64268,0,0
ULG_PB,D,20210715,000000,2.6516,2.66946,2.62483,2.64268,0,0
ULG_PB,D,20210716,000000,2.6516,2.6516,2.62483,2.64268,0,0
ULG_PB,D,20210719,000000,2.64268,2.6516,2.54447,2.54447,0,0
ULG_PB,D,20210720,000000,2.54447,2.58018,2.49091,2.56233,0,0
ULG_PB,D,20210721,000000,2.56233,2.61589,2.56233,2.61589,0,0
ULG_PB,D,20210722,000000,2.66054,2.73196,2.66054,2.67839,0,0
ULG_PB,D,20210723,000000,2.67839,2.73196,2.66946,2.69625,0,0
ULG_PB,D,20210726,000000,2.73196,2.73196,2.6516,2.66054,0,0
ULG_PB,D,20210727,000000,2.6516,2.66054,2.62483,2.64268,0,0
ULG_PB,D,20210728,000000,2.66054,2.66946,2.58912,2.58912,0,0
ULG_PB,D,20210729,000000,2.64268,2.64268,2.56233,2.62483,0,0
ULG_PB,D,20210730,000000,2.56233,2.59804,2.53554,2.53554,0,0
ULG_PB,D,20210802,000000,2.60697,2.60697,2.53554,2.54447,0,0
ULG_PB,D,20210803,000000,2.5534,2.59804,2.53554,2.5534,0,0
ULG_PB,D,20210804,000000,2.54447,2.56233,2.53554,2.56233,0,0
ULG_PB,D,20210805,000000,2.54447,2.58018,2.53554,2.58018,0,0
ULG_PB,D,20210806,000000,2.60697,2.60697,2.54447,2.58018,0,0
ULG_PB,D,20210809,000000,2.59804,2.61589,2.52662,2.56233,0,0
ULG_PB,D,20210810,000000,2.58018,2.59804,2.53554,2.58018,0,0
ULG_PB,D,20210811,000000,2.58912,2.58912,2.53554,2.56233,0,0
ULG_PB,D,20210812,000000,2.58018,2.60697,2.53554,2.59804,0,0
ULG_PB,D,20210813,000000,2.60697,2.62483,2.58018,2.58018,0,0
ULG_PB,D,20210816,000000,2.58018,2.60697,2.5534,2.58018,0,0
ULG_PB,D,20210817,000000,2.63375,2.63375,2.58018,2.63375,0,0
ULG_PB,D,20210818,000000,2.58912,2.63375,2.58912,2.61589,0,0
ULG_PB,D,20210819,000000,2.66054,2.66054,2.54447,2.60697,0,0
ULG_PB,D,20210820,000000,2.60697,2.60697,2.56233,2.60697,0,0
ULG_PB,D,20210823,000000,2.56233,2.64268,2.56233,2.61589,0,0
ULG_PB,D,20210824,000000,2.61589,2.63375,2.58018,2.60697,0,0
ULG_PB,D,20210825,000000,2.6516,2.70517,2.60697,2.67839,0,0
ULG_PB,D,20210826,000000,2.68732,2.69625,2.62483,2.66054,0,0
ULG_PB,D,20210827,000000,2.70517,2.70517,2.63375,2.66054,0,0
ULG_PB,D,20210830,000000,2.66054,2.70517,2.62483,2.66054,0,0
ULG_PB,D,20210831,000000,2.63375,2.66054,2.59804,2.61589,0,0
ULG_PB,D,20210901,000000,2.61589,2.69625,2.61589,2.64268,0,0
ULG_PB,D,20210902,000000,2.67839,2.67839,2.62483,2.66946,0,0
ULG_PB,D,20210903,000000,2.67839,2.67839,2.62483,2.6516,0,0
ULG_PB,D,20210906,000000,2.69625,2.70517,2.63375,2.66946,0,0
ULG_PB,D,20210907,000000,2.70517,2.74981,2.6516,2.66946,0,0
ULG_PB,D,20210908,000000,2.66946,2.67839,2.63375,2.67839,0,0
ULG_PB,D,20210909,000000,2.69625,2.69625,2.64268,2.64268,0,0
ULG_PB,D,20210910,000000,2.67839,2.68732,2.63375,2.66946,0,0
ULG_PB,D,20210913,000000,2.67839,2.68732,2.63375,2.67839,0,0
ULG_PB,D,20210914,000000,2.66946,2.69625,2.64268,2.66054,0,0
ULG_PB,D,20210915,000000,2.67839,2.67839,2.64268,2.66054,0,0
ULG_PB,D,20210916,000000,2.66054,2.66946,2.63375,2.66054,0,0
ULG_PB,D,20210917,000000,2.66054,2.66054,2.62483,2.66054,0,0
ULG_PB,D,20210920,000000,2.66054,2.66054,2.53554,2.59804,0,0
ULG_PB,D,20210921,000000,2.59804,2.59804,2.52662,2.5534,0,0
ULG_PB,D,20210922,000000,2.5534,2.59804,2.5534,2.58912,0,0
ULG_PB,D,20210923,000000,2.56233,2.60697,2.5534,2.58912,0,0
ULG_PB,D,20210924,000000,2.58912,2.97302,2.54447,2.97302,0,0
ULG_PB,D,20210927,000000,3.00873,3.00873,2.95515,2.96409,0,0
ULG_PB,D,20210928,000000,2.96409,2.99087,2.92838,2.94623,0,0
ULG_PB,D,20210929,000000,2.92838,2.95515,2.91052,2.91944,0,0
ULG_PB,D,20210930,000000,2.99087,2.99087,2.89266,2.91944,0,0
ULG_PB,D,20211001,000000,2.92838,2.97302,2.91944,2.91944,0,0
ULG_PB,D,20211004,000000,2.91944,2.9373,2.82123,2.86588,0,0
ULG_PB,D,20211005,000000,2.84802,2.91944,2.82123,2.91052,0,0
ULG_PB,D,20211006,000000,2.84802,2.86588,2.82123,2.85695,0,0
ULG_PB,D,20211007,000000,2.83017,2.87481,2.81231,2.87481,0,0
ULG_PB,D,20211008,000000,2.89266,2.89266,2.80338,2.84802,0,0
ULG_PB,D,20211011,000000,2.8391,2.87481,2.81231,2.87481,0,0
ULG_PB,D,20211012,000000,2.89266,2.89266,2.7766,2.82123,0,0
ULG_PB,D,20211013,000000,2.8391,2.84802,2.83017,2.83017,0,0
ULG_PB,D,20211014,000000,2.8391,2.8391,2.79446,2.81231,0,0
ULG_PB,D,20211015,000000,2.8391,2.8391,2.7766,2.80338,0,0
ULG_PB,D,20211018,000000,2.80338,2.80338,2.76767,2.79446,0,0
ULG_PB,D,20211019,000000,2.7766,2.80338,2.74089,2.76767,0,0
ULG_PB,D,20211020,000000,2.76767,2.76767,2.7141,2.76767,0,0
ULG_PB,D,20211021,000000,2.76767,2.76767,2.66054,2.69625,0,0
ULG_PB,D,20211022,000000,2.60697,2.7766,2.60697,2.74981,0,0
ULG_PB,D,20211025,000000,2.74089,2.76767,2.64268,2.6516,0,0
ULG_PB,D,20211026,000000,2.6516,2.70517,2.56233,2.60697,0,0
ULG_PB,D,20211027,000000,2.59804,2.6516,2.57125,2.6516,0,0
ULG_PB,D,20211028,000000,2.67839,2.7141,2.6516,2.7141,0,0
ULG_PB,D,20211029,000000,2.7141,2.7141,2.61589,2.66054,0,0
ULG_PB,D,20211102,000000,2.68732,2.68732,2.60697,2.60697,0,0
ULG_PB,D,20211103,000000,2.62483,2.62483,2.58912,2.62483,0,0
ULG_PB,D,20211104,000000,2.66946,2.66946,2.62483,2.6516,0,0
ULG_PB,D,20211105,000000,2.69625,2.69625,2.62483,2.67839,0,0
ULG_PB,D,20211108,000000,2.66054,2.69625,2.61589,2.61589,0,0
ULG_PB,D,20211109,000000,2.60697,2.64268,2.56233,2.64268,0,0
ULG_PB,D,20211110,000000,2.64268,2.64268,2.52662,2.57125,0,0
ULG_PB,D,20211112,000000,2.54447,2.66946,2.52662,2.66946,0,0
ULG_PB,D,20211115,000000,2.69625,2.69625,2.49983,2.66946,0,0
ULG_PB,D,20211116,000000,2.57125,2.66946,2.57125,2.58018,0,0
ULG_PB,D,20211117,000000,2.58912,2.58912,2.53554,2.5534,0,0
ULG_PB,D,20211118,000000,2.58018,2.58018,2.44626,2.53554,0,0
ULG_PB,D,20211119,000000,2.53554,2.53554,2.47305,2.53554,0,0
ULG_PB,D,20211122,000000,2.5534,2.5534,2.44626,2.49983,0,0
ULG_PB,D,20211123,000000,2.53554,2.53554,2.41948,2.53554,0,0
ULG_PB,D,20211124,000000,2.49091,2.52662,2.44626,2.49091,0,0
ULG_PB,D,20211125,000000,2.49091,2.53554,2.49091,2.52662,0,0
ULG_PB,D,20211126,000000,2.50876,2.50876,2.41948,2.46412,0,0
ULG_PB,D,20211129,000000,2.41055,2.42841,2.35699,2.35699,0,0
ULG_PB,D,20211130,000000,2.40162,2.40162,2.29449,2.35699,0,0
ULG_PB,D,20211201,000000,2.40162,2.40162,2.28556,2.3302,0,0
ULG_PB,D,20211202,000000,2.3302,2.52662,2.31235,2.46412,0,0
ULG_PB,D,20211203,000000,2.49983,2.51769,2.45519,2.51769,0,0
ULG_PB,D,20211206,000000,2.52662,2.53554,2.49091,2.53554,0,0
ULG_PB,D,20211207,000000,2.53554,2.61589,2.53554,2.61589,0,0
ULG_PB,D,20211208,000000,2.61589,2.7141,2.58912,2.64268,0,0
ULG_PB,D,20211209,000000,2.64268,2.64268,2.51769,2.52662,0,0
ULG_PB,D,20211210,000000,2.51769,2.51769,2.46412,2.49091,0,0
ULG_PB,D,20211213,000000,2.62483,2.62483,2.54447,2.5534,0,0
ULG_PB,D,20211214,000000,2.52662,2.53554,2.46412,2.49983,0,0
ULG_PB,D,20211215,000000,2.49983,2.53554,2.48198,2.48198,0,0
ULG_PB,D,20211216,000000,2.52662,2.52662,2.43733,2.47305,0,0
ULG_PB,D,20211217,000000,2.41948,2.47305,2.35699,2.41948,0,0
ULG_PB,D,20211220,000000,2.41055,2.41055,2.2677,2.29449,0,0
ULG_PB,D,20211221,000000,2.30341,2.37484,2.30341,2.34806,0,0
ULG_PB,D,20211222,000000,2.33912,2.3927,2.31235,2.3927,0,0
ULG_PB,D,20211223,000000,2.41055,2.47305,2.41055,2.42841,0,0
ULG_PB,D,20211227,000000,2.42841,2.42841,2.3302,2.38377,0,0
ULG_PB,D,20211228,000000,2.38377,2.41948,2.32127,2.41948,0,0
ULG_PB,D,20211229,000000,2.41948,2.61589,2.41948,2.58018,0,0
ULG_PB,D,20211230,000000,2.58018,2.58018,2.49983,2.5534,0,0
ULG_PB,D,20220103,000000,2.53554,2.58018,2.35699,2.53554,0,0
ULG_PB,D,20220104,000000,2.56233,2.56233,2.52662,2.54447,0,0
ULG_PB,D,20220105,000000,2.54447,2.5534,2.51769,2.53554,0,0
ULG_PB,D,20220107,000000,2.5534,2.5534,2.52662,2.53554,0,0
ULG_PB,D,20220110,000000,2.5534,2.5534,2.50876,2.53554,0,0
ULG_PB,D,20220111,000000,2.58018,2.58018,2.49983,2.53554,0,0
ULG_PB,D,20220112,000000,2.53554,2.53554,2.49091,2.51769,0,0
ULG_PB,D,20220113,000000,2.51769,2.53554,2.49091,2.53554,0,0
ULG_PB,D,20220114,000000,2.53554,2.53554,2.50876,2.52662,0,0
ULG_PB,D,20220117,000000,2.52662,2.52662,2.48198,2.49983,0,0
ULG_PB,D,20220118,000000,2.50876,2.52662,2.44626,2.49983,0,0
ULG_PB,D,20220119,000000,2.51769,2.51769,2.41948,2.41948,0,0
ULG_PB,D,20220120,000000,2.41948,2.41948,2.37484,2.3927,0,0
ULG_PB,D,20220121,000000,2.37484,2.37484,2.30341,2.3302,0,0
ULG_PB,D,20220124,000000,2.31235,2.31235,2.12486,2.2052,0,0
ULG_PB,D,20220125,000000,2.24092,2.35699,2.18735,2.28556,0,0
ULG_PB,D,20220126,000000,2.27663,2.35699,2.23199,2.33912,0,0
ULG_PB,D,20220127,000000,2.3302,2.33912,2.23199,2.24092,0,0
ULG_PB,D,20220128,000000,2.27663,2.30341,2.22307,2.24092,0,0
ULG_PB,D,20220131,000000,2.36591,2.36591,2.24092,2.35699,0,0
ULG_PB,D,20220201,000000,2.35699,2.37484,2.31235,2.37484,0,0
ULG_PB,D,20220202,000000,2.37484,2.45519,2.37484,2.44626,0,0
ULG_PB,D,20220203,000000,2.49091,2.49983,2.41055,2.46412,0,0
ULG_PB,D,20220204,000000,2.46412,2.46412,2.42841,2.44626,0,0
ULG_PB,D,20220207,000000,2.44626,2.49091,2.35699,2.40162,0,0
ULG_PB,D,20220208,000000,2.45519,2.45519,2.3302,2.43733,0,0
ULG_PB,D,20220209,000000,2.44626,2.44626,2.33912,2.3927,0,0
ULG_PB,D,20220210,000000,2.43733,2.43733,2.35699,2.37484,0,0
ULG_PB,D,20220211,000000,2.41055,2.43733,2.34806,2.34806,0,0
ULG_PB,D,20220214,000000,2.33912,2.33912,2.18735,2.32127,0,0
ULG_PB,D,20220215,000000,2.32127,2.3927,2.32127,2.38377,0,0
ULG_PB,D,20220216,000000,2.42841,2.42841,2.38377,2.40162,0,0
ULG_PB,D,20220217,000000,2.41055,2.41055,2.2052,2.2052,0,0
ULG_PB,D,20220218,000000,2.21414,2.3302,2.19628,2.2052,0,0
ULG_PB,D,20220221,000000,2.30341,2.30341,2.08022,2.2052,0,0
ULG_PB,D,20220222,000000,2.08914,2.29449,2.08914,2.29449,0,0
ULG_PB,D,20220223,000000,2.30341,2.40162,2.18735,2.3302,0,0
ULG_PB,D,20220224,000000,2.11593,2.23199,1.95522,2.11593,0,0
ULG_PB,D,20220225,000000,2.11593,2.23199,2.11593,2.14272,0,0
ULG_PB,D,20220228,000000,2.14272,2.2677,2.14272,2.16949,0,0
ULG_PB,D,20220301,000000,2.24985,2.24985,2.09807,2.13378,0,0
ULG_PB,D,20220302,000000,2.14272,2.14272,2.04451,2.08914,0,0
ULG_PB,D,20220303,000000,2.06236,2.09807,2.01772,2.07129,0,0
ULG_PB,D,20220304,000000,2.08914,2.08914,2.0088,2.06236,0,0
ULG_PB,D,20220307,000000,2.04451,2.05343,1.96415,2.0088,0,0
ULG_PB,D,20220308,000000,2.04451,2.08022,2.0088,2.05343,0,0
ULG_PB,D,20220309,000000,2.05343,2.09807,2.05343,2.08022,0,0
ULG_PB,D,20220310,000000,2.08022,2.17843,2.08022,2.12486,0,0
ULG_PB,D,20220311,000000,2.12486,2.15164,2.10701,2.14272,0,0
ULG_PB,D,20220314,000000,2.15164,2.15164,2.08022,2.09807,0,0
ULG_PB,D,20220315,000000,2.07129,2.08914,2.04451,2.06236,0,0
ULG_PB,D,20220316,000000,2.07129,2.12486,2.07129,2.11593,0,0
ULG_PB,D,20220317,000000,2.11593,2.11593,2.07129,2.09807,0,0
ULG_PB,D,20220318,000000,2.11593,2.15164,2.11593,2.15164,0,0
ULG_PB,D,20220321,000000,2.13378,2.23199,2.12486,2.16949,0,0
ULG_PB,D,20220322,000000,2.2052,2.24092,2.12486,2.18735,0,0
ULG_PB,D,20220323,000000,2.24092,2.24092,2.13378,2.18735,0,0
ULG_PB,D,20220324,000000,2.15164,2.22307,2.15164,2.2052,0,0
ULG_PB,D,20220325,000000,2.22307,2.22307,2.18735,2.21414,0,0
ULG_PB,D,20220328,000000,2.2052,2.24985,2.2052,2.23199,0,0
ULG_PB,D,20220329,000000,2.24985,2.37484,2.22307,2.36591,0,0
ULG_PB,D,20220330,000000,2.37484,2.37484,2.27663,2.3302,0,0
ULG_PB,D,20220331,000000,2.43733,2.43733,2.38377,2.40162,0,0
ULG_PB,D,20220401,000000,2.42841,2.42841,2.3302,2.3927,0,0
ULG_PB,D,20220404,000000,2.3927,2.3927,2.34806,2.3927,0,0
ULG_PB,D,20220405,000000,2.41055,2.41055,2.38377,2.38377,0,0
ULG_PB,D,20220406,000000,2.40162,2.40162,2.27663,2.3302,0,0
ULG_PB,D,20220407,000000,2.3302,2.34806,2.32127,2.3302,0,0
ULG_PB,D,20220408,000000,2.28556,2.3302,2.24092,2.29449,0,0
ULG_PB,D,20220411,000000,2.29449,2.30341,2.18735,2.21414,0,0
ULG_PB,D,20220412,000000,2.17843,2.22307,2.16057,2.22307,0,0
ULG_PB,D,20220413,000000,2.22307,2.22307,2.14272,2.18735,0,0
ULG_PB,D,20220414,000000,2.21414,2.21414,2.16057,2.18735,0,0
ULG_PB,D,20220419,000000,2.21414,2.22307,2.17843,2.2052,0,0
ULG_PB,D,20220420,000000,2.17843,2.2052,2.16057,2.16057,0,0
ULG_PB,D,20220421,000000,2.18735,2.32127,2.18735,2.2677,0,0
ULG_PB,D,20220422,000000,2.2677,2.2677,2.17843,2.19628,0,0
ULG_PB,D,20220425,000000,2.13378,2.16057,2.08914,2.15164,0,0
ULG_PB,D,20220426,000000,2.15164,2.17843,2.11593,2.16949,0,0
ULG_PB,D,20220427,000000,2.16057,2.16949,2.09807,2.13378,0,0
ULG_PB,D,20220428,000000,2.13378,2.13378,2.06236,2.11593,0,0
ULG_PB,D,20220429,000000,2.13378,2.13378,2.11593,2.11593,0,0
ULG_PB,D,20220502,000000,2.16057,2.16057,2.08022,2.08022,0,0
ULG_PB,D,20220504,000000,2.11593,2.2052,2.08914,2.18735,0,0
ULG_PB,D,20220505,000000,2.18735,2.18735,2.14272,2.16057,0,0
ULG_PB,D,20220506,000000,2.16057,2.16057,2.03557,2.12486,0,0
ULG_PB,D,20220509,000000,2.13378,2.13378,2.08022,2.13378,0,0
ULG_PB,D,20220510,000000,2.13378,2.13378,2.08914,2.13378,0,0
ULG_PB,D,20220511,000000,2.13378,2.16057,2.11593,2.15164,0,0
ULG_PB,D,20220512,000000,2.16949,2.16949,2.09807,2.11593,0,0
ULG_PB,D,20220513,000000,2.14272,2.29449,2.12486,2.24092,0,0
ULG_PB,D,20220516,000000,2.24985,2.24985,2.12486,2.19628,0,0
ULG_PB,D,20220517,000000,2.23199,2.23199,2.13378,2.21414,0,0
ULG_PB,D,20220518,000000,2.21414,2.21414,2.08022,2.08022,0,0
ULG_PB,D,20220519,000000,2.09807,2.09807,2.0088,2.03557,0,0
ULG_PB,D,20220520,000000,2.03557,2.10701,2.02665,2.07129,0,0
ULG_PB,D,20220523,000000,2.11593,2.12486,2.01772,2.01772,0,0
ULG_PB,D,20220524,000000,2.07129,2.07129,2.01772,2.07129,0,0
ULG_PB,D,20220525,000000,2.08022,2.08022,2.02665,2.05343,0,0
ULG_PB,D,20220526,000000,2.08022,2.08022,2.02665,2.08022,0,0
ULG_PB,D,20220527,000000,2.08022,2.10701,2.03557,2.10701,0,0
ULG_PB,D,20220530,000000,2.10701,2.12486,2.08022,2.12486,0,0
ULG_PB,D,20220531,000000,2.12486,2.12486,2.05343,2.08914,0,0
ULG_PB,D,20220601,000000,2.12486,2.12486,2.04451,2.10701,0,0
ULG_PB,D,20220602,000000,2.11593,2.11593,2.08022,2.08022,0,0
ULG_PB,D,20220603,000000,2.10701,2.12486,2.05343,2.11593,0,0
ULG_PB,D,20220606,000000,2.08914,2.16949,2.08914,2.12486,0,0
ULG_PB,D,20220607,000000,2.16949,2.16949,2.12486,2.14272,0,0
ULG_PB,D,20220608,000000,2.14272,2.14272,2.08914,2.08914,0,0
ULG_PB,D,20220609,000000,2.08914,2.10701,2.08022,2.10701,0,0
ULG_PB,D,20220610,000000,2.11593,2.11593,2.04451,2.08914,0,0
ULG_PB,D,20220613,000000,2.08914,2.08914,1.97309,2.06236,0,0
ULG_PB,D,20220614,000000,1.93472,2.18498,1.93472,2.09835,0,0
ULG_PB,D,20220615,000000,2.14648,2.14648,1.97322,2.01172,0,0
ULG_PB,D,20220617,000000,2.01172,2.02135,1.9636,2.02135,0,0
ULG_PB,D,20220620,000000,1.97322,2.03097,1.94434,1.94434,0,0
ULG_PB,D,20220621,000000,1.99247,1.99247,1.84809,1.95397,0,0
ULG_PB,D,20220622,000000,1.98285,1.98285,1.87697,1.90584,0,0
ULG_PB,D,20220623,000000,1.95397,1.95397,1.90584,1.90584,0,0
ULG_PB,D,20220624,000000,1.90584,1.93472,1.90584,1.91547,0,0
ULG_PB,D,20220627,000000,1.93472,2.03097,1.93472,2.02135,0,0
ULG_PB,D,20220628,000000,2.03097,2.1176,1.97322,2.09835,0,0
ULG_PB,D,20220629,000000,2.09835,2.09835,2.06948,2.06948,0,0
ULG_PB,D,20220630,000000,2.06948,2.06948,1.99247,2.0406,0,0
ULG_PB,D,20220701,000000,2.06948,2.06948,1.99247,2.03097,0,0
ULG_PB,D,20220704,000000,2.03097,2.03097,1.94434,1.94434,0,0
ULG_PB,D,20220705,000000,1.94434,1.99247,1.90584,1.90584,0,0
ULG_PB,D,20220706,000000,1.90584,1.90584,1.88659,1.90584,0,0
ULG_PB,D,20220707,000000,1.90584,1.93472,1.90584,1.93472,0,0
ULG_PB,D,20220708,000000,1.93472,1.95397,1.93472,1.93472,0,0
ULG_PB,D,20220711,000000,1.9636,1.9636,1.90584,1.92509,0,0
ULG_PB,D,20220712,000000,1.9636,1.9636,1.91547,1.93472,0,0
ULG_PB,D,20220713,000000,1.93472,1.93472,1.86734,1.91547,0,0
ULG_PB,D,20220714,000000,1.85772,1.89622,1.84809,1.88659,0,0
ULG_PB,D,20220715,000000,1.87697,1.88659,1.87697,1.88659,0,0
ULG_PB,D,20220718,000000,1.89622,1.89622,1.83846,1.87697,0,0
ULG_PB,D,20220719,000000,1.87697,1.87697,1.83846,1.87697,0,0
ULG_PB,D,20220720,000000,1.87697,1.87697,1.82884,1.87697,0,0
ULG_PB,D,20220721,000000,1.87697,1.93472,1.84809,1.93472,0,0
ULG_PB,D,20220722,000000,1.93472,1.97322,1.91547,1.97322,0,0
ULG_PB,D,20220725,000000,1.97322,2.0406,1.9636,2.01172,0,0
ULG_PB,D,20220726,000000,2.02135,2.02135,2.01172,2.02135,0,0
ULG_PB,D,20220727,000000,2.02135,2.02135,1.95397,1.97322,0,0
ULG_PB,D,20220728,000000,1.97322,1.97322,1.9636,1.9636,0,0
ULG_PB,D,20220729,000000,1.97322,1.97322,1.87697,1.9636,0,0
ULG_PB,D,20220801,000000,1.9636,1.9636,1.9636,1.9636,0,0
ULG_PB,D,20220802,000000,1.9636,1.9636,1.87697,1.95397,0,0
ULG_PB,D,20220803,000000,1.95397,2.01172,1.93472,1.95397,0,0
ULG_PB,D,20220804,000000,2.01172,2.01172,1.98285,2.01172,0,0
ULG_PB,D,20220805,000000,2.03097,2.03097,1.95397,2.03097,0,0
ULG_PB,D,20220808,000000,2.03097,2.03097,1.95397,1.95397,0,0
ULG_PB,D,20220809,000000,1.95397,2.03097,1.95397,1.97322,0,0
ULG_PB,D,20220810,000000,1.97322,1.97322,1.95397,1.9636,0,0
ULG_PB,D,20220811,000000,1.9636,1.97322,1.95397,1.9636,0,0
ULG_PB,D,20220812,000000,1.97322,1.97322,1.95397,1.97322,0,0
ULG_PB,D,20220816,000000,1.97322,1.97322,1.95397,1.97322,0,0
ULG_PB,D,20220817,000000,1.97322,1.97322,1.94434,1.9636,0,0
ULG_PB,D,20220818,000000,1.97322,1.97322,1.91547,1.95397,0,0
ULG_PB,D,20220819,000000,1.95397,1.95397,1.92509,1.92509,0,0
ULG_PB,D,20220822,000000,1.93472,1.95397,1.92509,1.94434,0,0
ULG_PB,D,20220823,000000,1.92509,1.95397,1.92509,1.95397,0,0
ULG_PB,D,20220824,000000,1.95397,1.95397,1.95397,1.95397,0,0
ULG_PB,D,20220825,000000,1.95397,1.95397,1.93472,1.95397,0,0
ULG_PB,D,20220826,000000,1.95397,2.12723,1.95397,2.0791,0,0
ULG_PB,D,20220829,000000,2.0791,2.0791,1.97322,2.02135,0,0
ULG_PB,D,20220830,000000,2.02135,2.0406,1.93472,2.0406,0,0
ULG_PB,D,20220831,000000,2.05022,2.05022,1.99247,2.0406,0,0
ULG_PB,D,20220901,000000,2.0406,2.0406,1.94434,1.97322,0,0
ULG_PB,D,20220902,000000,1.99247,1.99247,1.90584,1.93472,0,0
ULG_PB,D,20220905,000000,2.03097,2.03097,1.92509,1.93472,0,0
ULG_PB,D,20220906,000000,1.93472,1.9636,1.93472,1.94434,0,0
ULG_PB,D,20220907,000000,1.94434,1.94434,1.90584,1.93472,0,0
ULG_PB,D,20220908,000000,1.92509,1.93472,1.91547,1.93472,0,0
ULG_PB,D,20220909,000000,1.93472,1.93472,1.92509,1.93472,0,0
ULG_PB,D,20220912,000000,2.0406,2.0406,1.9636,1.99247,0,0
ULG_PB,D,20220913,000000,1.99247,1.99247,1.93472,1.94434,0,0
ULG_PB,D,20220914,000000,1.93472,1.93472,1.86734,1.90584,0,0
ULG_PB,D,20220915,000000,1.9636,1.9636,1.89622,1.93472,0,0
ULG_PB,D,20220916,000000,1.94434,1.94434,1.82884,1.86734,0,0
ULG_PB,D,20220919,000000,1.86734,2.17536,1.84809,2.17536,0,0
ULG_PB,D,20220920,000000,2.16573,2.21386,2.1176,2.1176,0,0
ULG_PB,D,20220921,000000,2.22348,2.22348,2.13685,2.16573,0,0
ULG_PB,D,20220922,000000,2.19461,2.19461,2.12723,2.16573,0,0
ULG_PB,D,20220923,000000,2.13685,2.13685,2.0791,2.12723,0,0
ULG_PB,D,20220926,000000,2.10798,2.10798,2.0406,2.09835,0,0
ULG_PB,D,20220927,000000,2.13685,2.1561,2.06948,2.13685,0,0
ULG_PB,D,20220928,000000,2.13685,2.13685,2.05022,2.12723,0,0
ULG_PB,D,20220929,000000,2.13685,2.1561,2.05022,2.1176,0,0
ULG_PB,D,20220930,000000,2.12723,2.12723,2.05985,2.05985,0,0
ULG_PB,D,20221003,000000,2.05985,2.09835,2.02135,2.06948,0,0
ULG_PB,D,20221004,000000,2.06948,2.06948,2.02135,2.05985,0,0
ULG_PB,D,20221005,000000,2.05985,2.13685,2.02135,2.13685,0,0
ULG_PB,D,20221006,000000,2.13685,2.13685,2.02135,2.13685,0,0
ULG_PB,D,20221007,000000,2.13685,2.14648,2.13685,2.13685,0,0
ULG_PB,D,20221010,000000,2.16573,2.16573,2.08873,2.08873,0,0
ULG_PB,D,20221011,000000,2.08873,2.08873,1.9636,2.0406,0,0
ULG_PB,D,20221012,000000,2.01172,2.06948,2.0021,2.03097,0,0
ULG_PB,D,20221013,000000,2.03097,2.03097,2.0021,2.0021,0,0
ULG_PB,D,20221014,000000,2.02135,2.03097,1.97322,1.97322,0,0
ULG_PB,D,20221017,000000,1.97322,2.0021,1.97322,1.98285,0,0
ULG_PB,D,20221018,000000,2.02135,2.06948,2.0021,2.06948,0,0
ULG_PB,D,20221019,000000,2.06948,2.06948,2.01172,2.02135,0,0
ULG_PB,D,20221020,000000,2.02135,2.06948,1.90584,2.02135,0,0
ULG_PB,D,20221021,000000,2.02135,2.02135,1.98285,2.02135,0,0
ULG_PB,D,20221024,000000,2.02135,2.02135,1.98285,2.02135,0,0
ULG_PB,D,20221025,000000,2.05022,2.05022,1.90584,1.97322,0,0
ULG_PB,D,20221026,000000,1.97322,1.98285,1.94434,1.98285,0,0
ULG_PB,D,20221027,000000,1.98285,1.98285,1.95397,1.98285,0,0
ULG_PB,D,20221028,000000,1.98285,1.98285,1.97322,1.98285,0,0
ULG_PB,D,20221031,000000,1.98285,2.05022,1.9636,2.05022,0,0
ULG_PB,D,20221102,000000,2.0406,2.0406,2.0021,2.0406,0,0
ULG_PB,D,20221103,000000,2.0406,2.12723,2.0021,2.1176,0,0
ULG_PB,D,20221104,000000,2.1176,2.1561,2.1176,2.13685,0,0
ULG_PB,D,20221107,000000,2.13685,2.13685,2.09835,2.09835,0,0
ULG_PB,D,20221108,000000,2.10798,2.1176,2.03097,2.09835,0,0
ULG_PB,D,20221109,000000,2.09835,2.09835,2.06948,2.06948,0,0
ULG_PB,D,20221110,000000,2.06948,2.06948,2.01172,2.05985,0,0
ULG_PB,D,20221114,000000,2.05985,2.13685,2.05985,2.08873,0,0
ULG_PB,D,20221115,000000,2.12723,2.12723,2.06948,2.10798,0,0
ULG_PB,D,20221116,000000,2.10798,2.10798,1.9636,1.9636,0,0
ULG_PB,D,20221117,000000,1.9636,1.9636,1.88659,1.93472,0,0
ULG_PB,D,20221118,000000,1.93472,1.93472,1.90584,1.93472,0,0
ULG_PB,D,20221121,000000,1.93472,1.93472,1.90584,1.92509,0,0
ULG_PB,D,20221122,000000,1.92509,1.93472,1.90584,1.92509,0,0
ULG_PB,D,20221123,000000,1.92509,1.92509,1.86734,1.90584,0,0
ULG_PB,D,20221124,000000,1.89622,1.98285,1.87697,1.97322,0,0
ULG_PB,D,20221125,000000,1.97322,1.98285,1.94434,1.98285,0,0
ULG_PB,D,20221128,000000,1.98285,1.98285,1.90584,1.97322,0,0
ULG_PB,D,20221129,000000,1.97322,2.0406,1.92509,2.02135,0,0
ULG_PB,D,20221130,000000,2.02135,2.05022,2.02135,2.0406,0,0
ULG_PB,D,20221201,000000,2.05022,2.05022,2.02135,2.0406,0,0
ULG_PB,D,20221202,000000,2.05022,2.05022,1.9636,2.01172,0,0
ULG_PB,D,20221205,000000,2.02135,2.09835,1.93472,1.99247,0,0
ULG_PB,D,20221206,000000,1.99247,2.0021,1.95397,2.0021,0,0
ULG_PB,D,20221207,000000,2.0021,2.0021,1.93472,1.98285,0,0
ULG_PB,D,20221208,000000,1.98285,2.0021,1.93472,1.98285,0,0
ULG_PB,D,20221209,000000,1.98285,1.98285,1.93472,1.9636,0,0
ULG_PB,D,20221212,000000,1.9636,1.9636,1.88659,1.90584,0,0
ULG_PB,D,20221213,000000,1.93472,1.93472,1.87697,1.93472,0,0
ULG_PB,D,20221214,000000,1.91547,1.91547,1.82884,1.87697,0,0
ULG_PB,D,20221215,000000,1.87697,1.89622,1.83846,1.88659,0,0
ULG_PB,D,20221216,000000,1.84809,1.85772,1.80959,1.85772,0,0
ULG_PB,D,20221219,000000,1.86734,1.86734,1.84809,1.84809,0,0
ULG_PB,D,20221220,000000,1.85772,1.85772,1.81921,1.85772,0,0
ULG_PB,D,20221221,000000,1.85772,1.85772,1.82884,1.82884,0,0
ULG_PB,D,20221222,000000,1.84809,1.84809,1.81921,1.83846,0,0
ULG_PB,D,20221223,000000,1.82884,1.82884,1.80959,1.82884,0,0
ULG_PB,D,20221227,000000,1.80959,1.82884,1.78071,1.80959,0,0
ULG_PB,D,20221228,000000,1.78071,1.83846,1.78071,1.80959,0,0
ULG_PB,D,20221229,000000,1.82884,1.82884,1.80959,1.82884,0,0
ULG_PB,D,20221230,000000,1.82884,1.82884,1.78071,1.80959,0,0
ULG_PB,D,20230102,000000,1.80959,1.82884,1.78071,1.82884,0,0
ULG_PB,D,20230103,000000,1.82884,1.83846,1.80959,1.82884,0,0
ULG_PB,D,20230104,000000,1.83846,1.83846,1.79996,1.82884,0,0
ULG_PB,D,20230105,000000,1.82884,1.83846,1.79034,1.80959,0,0
ULG_PB,D,20230109,000000,1.80959,1.82884,1.80959,1.82884,0,0
ULG_PB,D,20230110,000000,1.82884,1.84809,1.81921,1.84809,0,0
ULG_PB,D,20230111,000000,1.89622,2.0021,1.89622,1.9636,0,0
ULG_PB,D,20230112,000000,1.9636,1.9636,1.88659,1.9636,0,0
ULG_PB,D,20230113,000000,1.95397,2.0021,1.91547,1.99247,0,0
ULG_PB,D,20230116,000000,1.9636,1.98285,1.95397,1.98285,0,0
ULG_PB,D,20230117,000000,1.98285,1.98285,1.93472,1.97322,0,0
ULG_PB,D,20230118,000000,1.97322,1.97322,1.93472,1.97322,0,0
ULG_PB,D,20230119,000000,1.97322,1.97322,1.94434,1.95397,0,0
ULG_PB,D,20230120,000000,1.95397,2.03097,1.95397,2.02135,0,0
ULG_PB,D,20230123,000000,2.03097,2.03097,1.91547,1.98285,0,0
ULG_PB,D,20230124,000000,1.95397,2.0021,1.93472,2.0021,0,0
ULG_PB,D,20230125,000000,2.02135,2.02135,1.91547,1.98285,0,0
ULG_PB,D,20230126,000000,1.98285,1.98285,1.89622,1.98285,0,0
ULG_PB,D,20230127,000000,1.99247,1.99247,1.98285,1.98285,0,0
ULG_PB,D,20230130,000000,1.98285,1.98285,1.94434,1.94434,0,0
ULG_PB,D,20230131,000000,1.94434,1.97322,1.94434,1.97322,0,0
ULG_PB,D,20230201,000000,1.97322,2.0406,1.9636,2.02135,0,0
ULG_PB,D,20230202,000000,2.02135,2.02135,1.97322,2.01172,0,0
ULG_PB,D,20230203,000000,2.0021,2.02135,1.94434,1.9636,0,0
ULG_PB,D,20230206,000000,2.02135,2.03097,1.98285,2.03097,0,0
ULG_PB,D,20230207,000000,2.03097,2.03097,1.99247,2.03097,0,0
ULG_PB,D,20230208,000000,2.03097,2.0406,1.98285,2.03097,0,0
ULG_PB,D,20230209,000000,2.03097,2.05022,1.99247,2.0406,0,0
ULG_PB,D,20230210,000000,2.0406,2.0406,2.0021,2.02135,0,0
ULG_PB,D,20230213,000000,2.0406,2.0406,1.97322,2.02135,0,0
ULG_PB,D,20230214,000000,2.02135,2.05022,1.95397,2.0406,0,0
ULG_PB,D,20230215,000000,2.0406,2.0406,1.97322,2.03097,0,0
ULG_PB,D,20230216,000000,2.03097,2.03097,2.0021,2.03097,0,0
ULG_PB,D,20230217,000000,2.03097,2.03097,1.98285,2.0021,0,0
ULG_PB,D,20230220,000000,2.02135,2.02135,1.98285,2.0021,0,0
ULG_PB,D,20230221,000000,2.03097,2.03097,1.98285,2.0021,0,0
ULG_PB,D,20230222,000000,2.0021,2.0021,1.95397,1.98285,0,0
ULG_PB,D,20230223,000000,1.98285,1.98285,1.93472,1.95397,0,0
ULG_PB,D,20230224,000000,1.98285,1.98285,1.95397,1.97322,0,0
ULG_PB,D,20230227,000000,1.97322,1.97322,1.94434,1.97322,0,0
ULG_PB,D,20230228,000000,1.98285,1.98285,1.9636,1.97322,0,0
ULG_PB,D,20230301,000000,1.97322,1.97322,1.93472,1.9636,0,0
ULG_PB,D,20230302,000000,1.9636,1.9636,1.91547,1.9636,0,0
ULG_PB,D,20230303,000000,1.97322,2.01172,1.94434,1.98285,0,0
ULG_PB,D,20230306,000000,1.95397,1.97322,1.93472,1.97322,0,0
ULG_PB,D,20230307,000000,1.93472,1.9636,1.91547,1.93472,0,0
ULG_PB,D,20230308,000000,1.97322,1.97322,1.95397,1.95397,0,0
ULG_PB,D,20230309,000000,1.9636,1.9636,1.92509,1.93472,0,0
ULG_PB,D,20230310,000000,1.9636,1.9636,1.88659,1.93472,0,0
ULG_PB,D,20230313,000000,1.93472,1.93472,1.90584,1.92509,0,0
ULG_PB,D,20230314,000000,1.93472,1.93472,1.87697,1.89622,0,0
ULG_PB,D,20230315,000000,1.89622,1.91547,1.83846,1.89622,0,0
ULG_PB,D,20230316,000000,1.88659,1.88659,1.83846,1.84809,0,0
ULG_PB,D,20230317,000000,1.84809,1.88659,1.83846,1.84809,0,0
ULG_PB,D,20230320,000000,1.83846,1.98285,1.83846,1.98285,0,0
ULG_PB,D,20230321,000000,1.98285,2.0021,1.84809,1.90584,0,0
ULG_PB,D,20230322,000000,1.86734,1.92509,1.86734,1.92509,0,0
ULG_PB,D,20230323,000000,1.92509,1.92509,1.85772,1.86734,0,0
ULG_PB,D,20230324,000000,1.86734,1.87697,1.79996,1.84809,0,0
ULG_PB,D,20230327,000000,1.80959,1.85772,1.78071,1.80959,0,0
ULG_PB,D,20230328,000000,1.80959,1.86734,1.79996,1.83846,0,0
ULG_PB,D,20230329,000000,1.79996,1.79996,1.68446,1.69408,0,0
ULG_PB,D,20230330,000000,1.66521,1.72296,1.66521,1.69408,0,0
ULG_PB,D,20230331,000000,1.69408,1.72296,1.67483,1.72296,0,0
ULG_PB,D,20230403,000000,1.72296,1.74221,1.71333,1.71333,0,0
ULG_PB,D,20230404,000000,1.75184,1.75184,1.70371,1.73258,0,0
ULG_PB,D,20230405,000000,1.75184,1.75184,1.67483,1.73258,0,0
ULG_PB,D,20230406,000000,1.74221,1.74221,1.67483,1.68446,0,0
ULG_PB,D,20230411,000000,1.69408,1.74221,1.64596,1.74221,0,0
ULG_PB,D,20230412,000000,1.74221,1.74221,1.68446,1.68446,0,0
ULG_PB,D,20230413,000000,1.69408,1.75184,1.69408,1.73258,0,0
ULG_PB,D,20230414,000000,1.74221,1.74221,1.72296,1.73258,0,0
ULG_PB,D,20230417,000000,1.69408,1.72296,1.69408,1.69408,0,0
ULG_PB,D,20230418,000000,1.69408,2.42562,1.67483,2.42562,0,0
ULG_PB,D,20230419,000000,2.42562,2.42562,2.38712,2.42562,0,0
ULG_PB,D,20230420,000000,2.27161,2.42562,2.27161,2.40637,0,0
ULG_PB,D,20230421,000000,2.39674,2.42562,2.32936,2.34861,0,0
ULG_PB,D,20230424,000000,2.34861,2.40637,2.31011,2.31011,0,0
ULG_PB,D,20230425,000000,2.33899,2.33899,2.27161,2.31011,0,0
ULG_PB,D,20230426,000000,2.31974,2.31974,2.25236,2.26199,0,0
ULG_PB,D,20230427,000000,2.27161,2.28124,2.19461,2.28124,0,0
ULG_PB,D,20230428,000000,2.27161,2.28124,2.17536,2.27161,0,0
ULG_PB,D,20230502,000000,2.27161,2.27161,2.21386,2.27161,0,0
ULG_PB,D,20230504,000000,2.19461,2.28124,2.17536,2.18498,0,0
ULG_PB,D,20230505,000000,2.18498,2.30049,2.18498,2.20423,0,0
ULG_PB,D,20230508,000000,2.25236,2.32936,2.25236,2.26199,0,0
ULG_PB,D,20230509,000000,2.25236,2.32936,2.25236,2.31011,0,0
ULG_PB,D,20230510,000000,2.31974,2.31974,2.26199,2.30049,0,0
ULG_PB,D,20230511,000000,2.31011,2.37749,2.26199,2.36787,0,0
ULG_PB,D,20230512,000000,2.35824,2.36787,2.31011,2.36787,0,0
ULG_PB,D,20230515,000000,2.37749,2.37749,2.19461,2.19461,0,0
ULG_PB,D,20230516,000000,2.19461,2.27161,2.13685,2.27161,0,0
ULG_PB,D,20230517,000000,2.26199,2.38712,2.21386,2.35824,0,0
ULG_PB,D,20230518,000000,2.37749,2.39674,2.24273,2.35824,0,0
ULG_PB,D,20230519,000000,2.38712,2.38712,2.31011,2.38712,0,0
ULG_PB,D,20230522,000000,2.36787,2.37749,2.28124,2.34861,0,0
ULG_PB,D,20230523,000000,2.34861,2.34861,2.21386,2.32936,0,0
ULG_PB,D,20230524,000000,2.30049,2.36787,2.25236,2.36787,0,0
ULG_PB,D,20230525,000000,2.36787,2.36787,2.28124,2.28124,0,0
ULG_PB,D,20230526,000000,2.31011,2.31974,2.26199,2.31974,0,0
ULG_PB,D,20230529,000000,2.28124,2.32936,2.26199,2.32936,0,0
ULG_PB,D,20230530,000000,2.32936,2.32936,2.23311,2.32936,0,0
ULG_PB,D,20230531,000000,2.32936,2.32936,2.19461,2.19461,0,0
ULG_PB,D,20230601,000000,2.26199,2.26199,2.22348,2.26199,0,0
ULG_PB,D,20230602,000000,2.26199,2.26199,2.19461,2.21386,0,0
ULG_PB,D,20230605,000000,2.21386,2.25236,2.17536,2.17536,0,0
ULG_PB,D,20230606,000000,2.18498,2.25236,2.18498,2.25236,0,0
ULG_PB,D,20230607,000000,2.25236,2.25236,2.19461,2.19461,0,0
ULG_PB,D,20230609,000000,2.24273,2.24273,2.05985,2.05985,0,0
ULG_PB,D,20230612,000000,2.09835,2.18498,2.08873,2.1176,0,0
ULG_PB,D,20230613,000000,2.12723,2.12723,2.06948,2.0791,0,0
ULG_PB,D,20230614,000000,2.06948,2.17536,2.06948,2.0791,0,0
ULG_PB,D,20230615,000000,2.0791,2.17536,2.0791,2.17536,0,0
ULG_PB,D,20230616,000000,2.22,2.33,2.16,2.17,0,0
ULG_PB,D,20230619,000000,2.35,2.56,2.35,2.48,0,0
ULG_PB,D,20230620,000000,2.48,2.5,2.37,2.43,0,0
ULG_PB,D,20230621,000000,2.44,2.44,2.35,2.37,0,0
ULG_PB,D,20230622,000000,2.32,2.48,2.3,2.48,0,0
ULG_PB,D,20230623,000000,2.48,2.55,2.4,2.4,0,0
ULG_PB,D,20230626,000000,2.4,2.5,2.35,2.35,0,0
ULG_PB,D,20230627,000000,2.33,2.47,2.21,2.28,0,0
ULG_PB,D,20230628,000000,2.22,2.34,2.21,2.21,0,0
ULG_PB,D,20230629,000000,2.22,2.28,2.21,2.27,0,0
ULG_PB,D,20230630,000000,2.27,2.27,2.22,2.25,0,0
ULG_PB,D,20230703,000000,2.25,2.55,2.25,2.53,0,0
ULG_PB,D,20230704,000000,2.45,2.5,2.39,2.5,0,0
ULG_PB,D,20230705,000000,2.5,2.5,2.39,2.46,0,0
ULG_PB,D,20230706,000000,2.46,2.46,2.33,2.39,0,0
ULG_PB,D,20230707,000000,2.39,2.39,2.34,2.38,0,0
ULG_PB,D,20230710,000000,2.37,2.38,2.33,2.36,0,0
ULG_PB,D,20230711,000000,2.38,2.4,2.34,2.34,0,0
ULG_PB,D,20230712,000000,2.33,2.45,2.33,2.4,0,0
ULG_PB,D,20230713,000000,2.48,2.48,2.41,2.48,0,0
ULG_PB,D,20230714,000000,2.45,2.48,2.38,2.48,0,0
ULG_PB,D,20230717,000000,2.45,2.48,2.45,2.48,0,0
ULG_PB,D,20230718,000000,2.45,2.45,2.4,2.43,0,0
ULG_PB,D,20230719,000000,2.45,2.45,2.41,2.45,0,0
ULG_PB,D,20230720,000000,2.45,2.45,2.4,2.4,0,0
ULG_PB,D,20230721,000000,2.4,2.44,2.39,2.44,0,0
ULG_PB,D,20230724,000000,2.44,2.44,2.41,2.44,0,0
ULG_PB,D,20230725,000000,2.44,2.45,2.39,2.45,0,0
ULG_PB,D,20230726,000000,2.45,2.45,2.42,2.44,0,0
ULG_PB,D,20230727,000000,2.44,2.44,2.4,2.41,0,0
ULG_PB,D,20230728,000000,2.39,2.45,2.39,2.45,0,0
ULG_PB,D,20230731,000000,2.47,2.52,2.4,2.52,0,0
ULG_PB,D,20230801,000000,2.53,2.68,2.53,2.68,0,0
ULG_PB,D,20230802,000000,2.67,2.85,2.61,2.81,0,0
ULG_PB,D,20230803,000000,2.81,2.81,2.72,2.77,0,0
ULG_PB,D,20230804,000000,2.79,2.79,2.74,2.788,0,0
ULG_PB,D,20230807,000000,2.788,2.847,2.67,2.695,0,0
ULG_PB,D,20230808,000000,2.67,2.695,2.619,2.687,0,0
ULG_PB,D,20230809,000000,2.67,2.695,2.619,2.67,0,0
ULG_PB,D,20230810,000000,2.695,2.695,2.645,2.67,0,0
ULG_PB,D,20230811,000000,2.67,2.67,2.636,2.636,0,0
ULG_PB,D,20230814,000000,2.636,2.636,2.585,2.628,0,0
ULG_PB,D,20230816,000000,2.628,2.628,2.569,2.611,0,0
ULG_PB,D,20230817,000000,2.543,2.56,2.518,2.535,0,0
ULG_PB,D,20230818,000000,2.569,2.636,2.518,2.628,0,0
ULG_PB,D,20230821,000000,2.628,2.966,2.628,2.889,0,0
ULG_PB,D,20230822,000000,2.991,3.228,2.991,3.084,0,0
ULG_PB,D,20230823,000000,3.101,3.126,2.906,2.974,0,0
ULG_PB,D,20230824,000000,3.033,3.033,2.856,2.923,0,0
ULG_PB,D,20230825,000000,2.873,3.025,2.839,3.008,0,0
ULG_PB,D,20230828,000000,3.025,3.092,2.814,2.94,0,0
ULG_PB,D,20230829,000000,2.923,2.923,2.704,2.721,0,0
ULG_PB,D,20230830,000000,2.721,2.805,2.67,2.788,0,0
ULG_PB,D,20230831,000000,2.788,2.814,2.661,2.704,0,0
ULG_PB,D,20230901,000000,2.712,2.754,2.628,2.754,0,0
ULG_PB,D,20230904,000000,2.805,2.966,2.788,2.907,0,0
ULG_PB,D,20230905,000000,2.906,2.923,2.839,2.889,0,0
ULG_PB,D,20230906,000000,2.89,2.89,2.78,2.788,0,0
ULG_PB,D,20230907,000000,2.78,2.83,2.729,2.83,0,0
ULG_PB,D,20230908,000000,2.83,2.83,2.704,2.704,0,0
ULG_PB,D,20230911,000000,2.704,2.754,2.687,2.704,0,0
ULG_PB,D,20230912,000000,2.695,2.738,2.636,2.738,0,0
ULG_PB,D,20230913,000000,2.738,2.738,2.687,2.687,0,0
ULG_PB,D,20230914,000000,2.721,2.721,2.636,2.721,0,0
ULG_PB,D,20230915,000000,2.721,2.846,2.636,2.846,0,0
ULG_PB,D,20230918,000000,2.928,2.928,2.828,2.855,0,0
ULG_PB,D,20230919,000000,2.891,2.91,2.828,2.846,0,0
ULG_PB,D,20230920,000000,2.846,2.946,2.764,2.8,0,0
ULG_PB,D,20230921,000000,2.8,2.855,2.782,2.855,0,0
ULG_PB,D,20230922,000000,2.855,2.855,2.746,2.828,0,0
ULG_PB,D,20230925,000000,2.837,2.837,2.655,2.719,0,0
ULG_PB,D,20230926,000000,2.737,2.737,2.6,2.673,0,0
ULG_PB,D,20230927,000000,2.673,2.673,2.564,2.61,0,0
ULG_PB,D,20230928,000000,2.628,2.628,2.473,2.546,0,0
ULG_PB,D,20230929,000000,2.646,2.655,2.51,2.646,0,0
ULG_PB,D,20231002,000000,2.519,2.646,2.446,2.646,0,0
ULG_PB,D,20231003,000000,2.564,2.646,2.5,2.5,0,0
ULG_PB,D,20231004,000000,2.51,2.555,2.382,2.455,0,0
