<TICKER>,<PER>,<DATE>,<TIME>,<OPEN>,<HIGH>,<LOW>,<CLOSE>,<VOL>,<OPENINT>
ULG_PE,D,20180615,000000,50.5011,50.5011,50.5011,50.5011,0,0
ULG_PE,D,20180618,000000,40.1731,49.8502,40.1731,49.8502,0,0
ULG_PE,D,20180619,000000,49.8502,49.8502,44.1577,45.9478,0,0
ULG_PE,D,20180620,000000,44.4024,44.4024,37.8957,37.9778,0,0
ULG_PE,D,20180621,000000,39.4411,50.4198,39.4411,49.0369,0,0
ULG_PE,D,20180622,000000,51.3957,56.4373,49.2003,50.5011,0,0
ULG_PE,D,20180625,000000,51.9643,51.9643,47.3299,47.3299,0,0
ULG_PE,D,20180626,000000,48.5503,49.2003,46.1094,48.9565,0,0
ULG_PE,D,20180627,000000,47.9807,48.9565,46.5165,48.1432,0,0
ULG_PE,D,20180628,000000,48.062,48.062,43.5078,46.0291,0,0
ULG_PE,D,20180629,000000,46.0291,46.0291,42.2882,43.5078,0,0
ULG_PE,D,20180702,000000,43.5078,44.7273,43.5078,44.1577,0,0
ULG_PE,D,20180703,000000,44.1577,45.1345,44.1577,45.1345,0,0
ULG_PE,D,20180704,000000,45.0533,47.3299,45.0533,46.4353,0,0
ULG_PE,D,20180705,000000,47.3299,49.3628,47.3299,48.6307,0,0
ULG_PE,D,20180706,000000,49.5252,49.5252,46.7602,48.2245,0,0
ULG_PE,D,20180709,000000,47.7369,47.7369,45.9478,46.5978,0,0
ULG_PE,D,20180710,000000,47.0862,48.9565,46.1094,47.6557,0,0
ULG_PE,D,20180711,000000,48.4682,53.6723,48.3057,50.4198,0,0
ULG_PE,D,20180712,000000,51.0707,51.3957,49.3628,50.4198,0,0
ULG_PE,D,20180713,000000,50.4198,50.5011,48.8752,50.5011,0,0
ULG_PE,D,20180716,000000,52.1268,52.1268,49.769,49.8502,0,0
ULG_PE,D,20180717,000000,50.2574,51.151,49.2815,50.9885,0,0
ULG_PE,D,20180718,000000,50.5011,51.0707,48.7119,50.9073,0,0
ULG_PE,D,20180719,000000,50.9885,51.2322,49.5252,51.151,0,0
ULG_PE,D,20180720,000000,51.0707,51.151,49.8502,50.1761,0,0
ULG_PE,D,20180723,000000,51.151,51.151,49.2815,50.826,0,0
ULG_PE,D,20180724,000000,49.9314,50.1761,48.6307,50.1761,0,0
ULG_PE,D,20180725,000000,48.6307,50.4198,48.6307,50.3386,0,0
ULG_PE,D,20180726,000000,49.2003,50.6636,49.1191,50.6636,0,0
ULG_PE,D,20180727,000000,50.5011,52.2903,50.0949,52.209,0,0
ULG_PE,D,20180730,000000,55.7052,63.1065,41.3937,41.3937,0,0
ULG_PE,D,20180731,000000,42.207,44.3211,40.3357,41.7998,0,0
ULG_PE,D,20180801,000000,42.1248,42.1248,39.1974,39.5224,0,0
ULG_PE,D,20180802,000000,38.8724,39.4411,37.4895,39.2786,0,0
ULG_PE,D,20180803,000000,38.8724,40.5803,38.1402,39.4411,0,0
ULG_PE,D,20180806,000000,39.7669,39.7669,38.8724,39.4411,0,0
ULG_PE,D,20180807,000000,39.7669,39.7669,37.2457,38.709,0,0
ULG_PE,D,20180808,000000,38.8724,40.0919,37.9778,39.6036,0,0
ULG_PE,D,20180809,000000,39.6857,39.6857,38.709,39.2786,0,0
ULG_PE,D,20180810,000000,39.5224,41.7998,39.2786,40.3357,0,0
ULG_PE,D,20180813,000000,42.0436,44.4024,42.0436,43.6703,0,0
ULG_PE,D,20180814,000000,44.3211,44.9711,43.589,43.7515,0,0
ULG_PE,D,20180816,000000,44.4024,44.4024,41.4749,42.9382,0,0
ULG_PE,D,20180817,000000,43.0194,43.2632,42.207,42.9382,0,0
ULG_PE,D,20180820,000000,44.5649,54.9731,44.5649,54.8918,0,0
ULG_PE,D,20180821,000000,54.1597,54.6481,50.6636,52.7777,0,0
ULG_PE,D,20180822,000000,51.9643,62.0485,51.9643,54.4848,0,0
ULG_PE,D,20180823,000000,56.5998,57.4131,50.1761,50.2574,0,0
ULG_PE,D,20180824,000000,50.2574,51.3135,44.3211,45.2157,0,0
ULG_PE,D,20180827,000000,50.6636,53.2651,50.0949,52.534,0,0
ULG_PE,D,20180828,000000,53.1849,54.3232,51.7206,52.7777,0,0
ULG_PE,D,20180829,000000,53.1849,54.2419,50.9073,52.534,0,0
ULG_PE,D,20180830,000000,52.534,54.0785,51.4769,52.534,0,0
ULG_PE,D,20180831,000000,46.5165,51.0707,46.5165,49.5252,0,0
ULG_PE,D,20180903,000000,49.5252,49.5252,44.5649,45.2157,0,0
ULG_PE,D,20180904,000000,43.9962,48.062,43.5078,45.1345,0,0
ULG_PE,D,20180905,000000,44.4024,47.004,43.9962,45.6228,0,0
ULG_PE,D,20180906,000000,45.0533,48.1432,45.0533,47.4111,0,0
ULG_PE,D,20180907,000000,48.062,52.7777,47.9807,52.2903,0,0
ULG_PE,D,20180910,000000,52.2903,54.4044,49.0369,50.6636,0,0
ULG_PE,D,20180911,000000,50.7448,52.209,49.0369,49.769,0,0
ULG_PE,D,20180912,000000,49.8502,51.151,49.8502,50.5823,0,0
ULG_PE,D,20180913,000000,50.6636,50.6636,49.0369,49.6065,0,0
ULG_PE,D,20180914,000000,49.8502,52.209,49.8502,51.2322,0,0
ULG_PE,D,20180917,000000,50.0136,51.5573,49.3628,50.0136,0,0
ULG_PE,D,20180918,000000,49.1191,51.5573,48.5503,50.5011,0,0
ULG_PE,D,20180919,000000,50.5011,50.5011,48.6307,50.2574,0,0
ULG_PE,D,20180920,000000,49.8502,50.4198,49.1191,50.2574,0,0
ULG_PE,D,20180921,000000,49.6877,52.4519,49.6877,51.151,0,0
ULG_PE,D,20180924,000000,51.5573,51.5573,49.444,51.151,0,0
ULG_PE,D,20180925,000000,51.4769,51.4769,50.3386,50.6636,0,0
ULG_PE,D,20180926,000000,50.2574,50.6636,49.8502,50.5823,0,0
ULG_PE,D,20180927,000000,50.5823,51.8019,50.5823,51.8019,0,0
ULG_PE,D,20180928,000000,51.7206,51.7206,49.6877,50.6636,0,0
ULG_PE,D,20181001,000000,49.9314,50.3386,46.9236,47.004,0,0
ULG_PE,D,20181002,000000,47.5736,48.6307,47.004,47.5736,0,0
ULG_PE,D,20181003,000000,47.4111,48.2245,47.004,48.1432,0,0
ULG_PE,D,20181004,000000,48.1432,50.0949,48.1432,49.769,0,0
ULG_PE,D,20181005,000000,49.769,51.8019,48.5503,51.6394,0,0
ULG_PE,D,20181008,000000,51.5573,51.8831,50.0136,50.5823,0,0
ULG_PE,D,20181009,000000,50.5823,50.5823,48.5503,48.5503,0,0
ULG_PE,D,20181010,000000,48.1432,49.1191,47.4111,48.1432,0,0
ULG_PE,D,20181011,000000,46.4353,46.4353,41.3937,42.207,0,0
ULG_PE,D,20181012,000000,42.2882,46.4353,42.2882,46.4353,0,0
ULG_PE,D,20181015,000000,46.4353,46.4353,43.9962,45.0533,0,0
ULG_PE,D,20181016,000000,44.0765,47.8173,44.0765,47.8173,0,0
ULG_PE,D,20181017,000000,48.5503,49.769,47.7369,48.062,0,0
ULG_PE,D,20181018,000000,48.1432,50.1761,46.5165,49.0369,0,0
ULG_PE,D,20181019,000000,47.4111,49.444,47.4111,48.5503,0,0
ULG_PE,D,20181022,000000,50.2574,52.3705,30.2515,30.2515,0,0
ULG_PE,D,20181023,000000,30.739,34.4807,30.739,32.0407,0,0
ULG_PE,D,20181024,000000,32.7728,33.9932,32.5291,33.6674,0,0
ULG_PE,D,20181025,000000,32.5291,32.6916,30.739,31.7157,0,0
ULG_PE,D,20181026,000000,32.2854,32.2854,30.1703,30.1703,0,0
ULG_PE,D,20181029,000000,29.9265,30.2515,28.5445,30.0078,0,0
ULG_PE,D,20181030,000000,30.0078,31.2273,29.032,31.0658,0,0
ULG_PE,D,20181031,000000,31.0658,31.5524,30.089,31.1461,0,0
ULG_PE,D,20181102,000000,31.1461,31.9594,30.3327,31.8782,0,0
ULG_PE,D,20181105,000000,31.9594,32.7728,31.8782,32.4469,0,0
ULG_PE,D,20181106,000000,32.2854,33.5049,32.2041,33.5049,0,0
ULG_PE,D,20181107,000000,33.8299,34.562,33.5853,34.3995,0,0
ULG_PE,D,20181108,000000,34.562,36.2699,33.2602,36.2699,0,0
ULG_PE,D,20181109,000000,36.5949,38.059,35.0503,35.2931,0,0
ULG_PE,D,20181113,000000,35.0503,36.7582,34.0736,36.0261,0,0
ULG_PE,D,20181114,000000,37.1645,37.4082,36.2699,37.0011,0,0
ULG_PE,D,20181115,000000,36.5949,36.8395,34.8066,36.2699,0,0
ULG_PE,D,20181116,000000,36.0261,36.0261,32.5291,35.8628,0,0
ULG_PE,D,20181119,000000,35.5378,36.0261,33.9932,34.3995,0,0
ULG_PE,D,20181120,000000,34.9682,34.9682,31.9594,32.5291,0,0
ULG_PE,D,20181121,000000,31.5524,33.5049,31.3086,32.9353,0,0
ULG_PE,D,20181122,000000,32.5291,33.5049,32.0407,33.5049,0,0
ULG_PE,D,20181123,000000,32.5291,34.4807,32.5291,33.7486,0,0
ULG_PE,D,20181126,000000,33.7486,34.9682,33.0165,34.4807,0,0
ULG_PE,D,20181127,000000,34.4807,34.6432,33.7486,34.4807,0,0
ULG_PE,D,20181128,000000,33.9932,34.3995,33.3424,33.9932,0,0
ULG_PE,D,20181129,000000,34.4807,34.4807,33.912,34.3995,0,0
ULG_PE,D,20181130,000000,34.3995,34.3995,33.3424,33.3424,0,0
ULG_PE,D,20181203,000000,33.5853,34.4807,33.5853,34.237,0,0
ULG_PE,D,20181204,000000,34.237,34.237,33.0165,33.5049,0,0
ULG_PE,D,20181205,000000,32.6103,34.8066,32.2041,34.562,0,0
ULG_PE,D,20181206,000000,34.4807,34.4807,33.5049,34.3183,0,0
ULG_PE,D,20181207,000000,34.3995,34.3995,33.5049,33.9932,0,0
ULG_PE,D,20181210,000000,34.237,34.237,32.2854,32.3656,0,0
ULG_PE,D,20181211,000000,32.5291,32.5291,31.2273,32.1219,0,0
ULG_PE,D,20181212,000000,32.2854,33.179,31.797,32.4469,0,0
ULG_PE,D,20181213,000000,31.7157,32.4469,31.3086,31.3908,0,0
ULG_PE,D,20181214,000000,30.8211,31.797,30.8211,31.3908,0,0
ULG_PE,D,20181217,000000,31.3908,31.5524,30.739,30.739,0,0
ULG_PE,D,20181218,000000,30.5774,30.5774,28.7061,29.3579,0,0
ULG_PE,D,20181219,000000,29.7641,29.9265,26.9982,27.4866,0,0
ULG_PE,D,20181220,000000,27.5678,29.2757,27.5678,28.0561,0,0
ULG_PE,D,20181221,000000,28.0561,29.032,27.5678,28.8695,0,0
ULG_PE,D,20181227,000000,31.1461,31.1461,28.7882,29.2757,0,0
ULG_PE,D,20181228,000000,29.1944,30.0078,29.032,29.9265,0,0
ULG_PE,D,20190102,000000,31.0658,31.9594,29.7641,31.1461,0,0
ULG_PE,D,20190103,000000,31.1461,31.3908,30.3327,30.4962,0,0
ULG_PE,D,20190104,000000,31.472,31.472,30.0078,30.9024,0,0
ULG_PE,D,20190107,000000,31.2273,32.0407,30.9836,32.0407,0,0
ULG_PE,D,20190108,000000,32.1219,33.4237,32.1219,33.179,0,0
ULG_PE,D,20190109,000000,33.179,33.6674,32.1219,33.0987,0,0
ULG_PE,D,20190110,000000,32.9353,33.4237,32.5291,33.4237,0,0
ULG_PE,D,20190111,000000,33.5049,34.1548,33.5049,33.5853,0,0
ULG_PE,D,20190114,000000,33.5853,33.912,32.854,33.912,0,0
ULG_PE,D,20190115,000000,34.0736,38.2216,34.0736,37.0011,0,0
ULG_PE,D,20190116,000000,37.0011,40.4991,37.0011,40.2545,0,0
ULG_PE,D,20190117,000000,40.2545,42.532,39.1161,39.6857,0,0
ULG_PE,D,20190118,000000,39.9294,41.149,39.3608,39.9294,0,0
ULG_PE,D,20190121,000000,41.3115,42.3686,40.3357,42.3686,0,0
ULG_PE,D,20190122,000000,42.532,43.9962,41.5553,42.0436,0,0
ULG_PE,D,20190123,000000,41.7186,44.0765,41.7186,42.4499,0,0
ULG_PE,D,20190124,000000,42.6132,42.6132,39.5224,40.0107,0,0
ULG_PE,D,20190125,000000,40.4991,40.7419,37.8144,39.1161,0,0
ULG_PE,D,20190128,000000,39.1974,39.6857,38.2216,38.4653,0,0
ULG_PE,D,20190129,000000,38.7911,39.2786,37.734,38.059,0,0
ULG_PE,D,20190130,000000,39.6036,42.2882,38.9536,41.2303,0,0
ULG_PE,D,20190131,000000,41.0687,41.7998,40.0107,40.4991,0,0
ULG_PE,D,20190201,000000,42.2882,42.2882,40.0107,40.0107,0,0
ULG_PE,D,20190204,000000,40.9865,40.9865,38.6278,39.6036,0,0
ULG_PE,D,20190205,000000,39.2786,39.7669,38.6278,38.7911,0,0
ULG_PE,D,20190206,000000,39.2786,40.0107,39.1974,39.3608,0,0
ULG_PE,D,20190207,000000,40.0919,40.0919,38.709,39.2786,0,0
ULG_PE,D,20190208,000000,39.034,39.2786,38.6278,39.2786,0,0
ULG_PE,D,20190211,000000,39.4411,39.4411,38.5474,39.034,0,0
ULG_PE,D,20190212,000000,38.6278,39.3608,38.6278,38.7911,0,0
ULG_PE,D,20190213,000000,38.8724,40.824,38.8724,40.824,0,0
ULG_PE,D,20190214,000000,41.7998,41.9623,40.9053,41.3937,0,0
ULG_PE,D,20190215,000000,41.7998,41.7998,40.0107,41.0687,0,0
ULG_PE,D,20190218,000000,41.0687,41.7186,40.0919,41.3115,0,0
ULG_PE,D,20190219,000000,40.9865,41.2303,40.0919,40.9053,0,0
ULG_PE,D,20190220,000000,40.7419,40.824,39.9294,40.824,0,0
ULG_PE,D,20190221,000000,40.824,41.149,40.417,40.9865,0,0
ULG_PE,D,20190222,000000,41.0687,41.3115,40.9865,41.3115,0,0
ULG_PE,D,20190225,000000,42.1248,42.1248,41.149,41.6374,0,0
ULG_PE,D,20190226,000000,41.7186,41.7186,40.824,41.3115,0,0
ULG_PE,D,20190227,000000,41.3115,43.8327,40.9865,43.7515,0,0
ULG_PE,D,20190228,000000,44.0765,46.0291,43.6703,45.9478,0,0
ULG_PE,D,20190301,000000,45.9478,47.3299,45.0533,46.354,0,0
ULG_PE,D,20190304,000000,46.2728,47.004,45.0533,46.7602,0,0
ULG_PE,D,20190305,000000,46.8423,49.8502,46.8423,48.5503,0,0
ULG_PE,D,20190306,000000,48.5503,49.5252,47.8173,48.3057,0,0
ULG_PE,D,20190307,000000,48.062,48.7119,47.4111,47.4111,0,0
ULG_PE,D,20190308,000000,47.0862,48.794,46.2728,47.8173,0,0
ULG_PE,D,20190311,000000,48.9565,57.2506,48.9565,51.3135,0,0
ULG_PE,D,20190312,000000,52.9402,56.4373,52.7777,52.7777,0,0
ULG_PE,D,20190313,000000,52.7777,52.7777,41.4749,41.4749,0,0
ULG_PE,D,20190314,000000,41.0687,44.7273,41.0687,44.4024,0,0
ULG_PE,D,20190315,000000,44.4836,45.3782,44.0765,44.8094,0,0
ULG_PE,D,20190318,000000,45.2961,45.3782,43.0194,43.5078,0,0
ULG_PE,D,20190319,000000,43.2632,43.2632,40.4991,42.3686,0,0
ULG_PE,D,20190320,000000,42.4499,43.589,41.4749,43.589,0,0
ULG_PE,D,20190321,000000,43.589,45.7032,42.9382,45.2157,0,0
ULG_PE,D,20190322,000000,45.6228,45.8656,44.5649,45.2157,0,0
ULG_PE,D,20190325,000000,44.4836,44.6461,43.589,43.9962,0,0
ULG_PE,D,20190326,000000,44.4836,44.8094,43.7515,44.8094,0,0
ULG_PE,D,20190327,000000,44.7273,44.7273,43.7515,43.7515,0,0
ULG_PE,D,20190328,000000,44.1577,44.4836,43.2632,44.2399,0,0
ULG_PE,D,20190329,000000,44.2399,47.1674,44.2399,47.004,0,0
ULG_PE,D,20190401,000000,46.679,47.4923,45.9478,46.9236,0,0
ULG_PE,D,20190402,000000,46.5165,47.2486,45.9478,46.5978,0,0
ULG_PE,D,20190403,000000,46.679,47.2486,45.9478,46.354,0,0
ULG_PE,D,20190404,000000,46.354,46.354,45.8656,46.2728,0,0
ULG_PE,D,20190405,000000,46.1906,46.5165,45.4594,46.0291,0,0
ULG_PE,D,20190408,000000,45.7032,45.7032,43.1819,43.8327,0,0
ULG_PE,D,20190409,000000,43.7515,44.8094,40.6615,44.8094,0,0
ULG_PE,D,20190410,000000,44.1577,45.7844,44.1577,45.2157,0,0
ULG_PE,D,20190411,000000,45.1345,45.1345,44.4836,44.6461,0,0
ULG_PE,D,20190412,000000,44.5649,45.0533,43.3453,44.2399,0,0
ULG_PE,D,20190415,000000,44.4836,45.3782,44.3211,44.8898,0,0
ULG_PE,D,20190416,000000,44.8898,45.2157,44.3211,44.8094,0,0
ULG_PE,D,20190417,000000,44.8094,46.8423,44.5649,45.7032,0,0
ULG_PE,D,20190418,000000,46.1094,46.2728,44.6461,45.5407,0,0
ULG_PE,D,20190423,000000,45.0533,48.3057,45.0533,48.3057,0,0
ULG_PE,D,20190424,000000,48.7119,48.9565,47.8173,48.8752,0,0
ULG_PE,D,20190425,000000,48.3057,49.2003,48.1432,49.0369,0,0
ULG_PE,D,20190426,000000,49.3628,49.3628,47.8985,48.5503,0,0
ULG_PE,D,20190429,000000,48.062,48.6307,47.004,48.3057,0,0
ULG_PE,D,20190430,000000,48.5503,48.6307,47.2486,48.5503,0,0
ULG_PE,D,20190502,000000,48.8752,49.1191,39.3608,39.3608,0,0
ULG_PE,D,20190506,000000,39.4411,39.7669,38.8724,39.7669,0,0
ULG_PE,D,20190507,000000,39.7669,40.0107,38.9536,38.9536,0,0
ULG_PE,D,20190508,000000,39.034,39.3608,37.8957,39.034,0,0
ULG_PE,D,20190509,000000,39.1161,39.2786,38.3028,38.3841,0,0
ULG_PE,D,20190510,000000,38.4653,38.8724,37.8144,37.8144,0,0
ULG_PE,D,20190513,000000,38.1402,38.1402,35.2129,36.1887,0,0
ULG_PE,D,20190514,000000,36.2699,36.7582,34.7245,35.8628,0,0
ULG_PE,D,20190515,000000,35.8628,37.5707,33.9932,37.5707,0,0
ULG_PE,D,20190516,000000,38.7911,38.7911,36.6761,37.6528,0,0
ULG_PE,D,20190517,000000,37.0832,37.1645,36.1887,37.1645,0,0
ULG_PE,D,20190520,000000,36.6761,37.0011,35.2931,35.7003,0,0
ULG_PE,D,20190521,000000,34.7245,35.3753,33.179,34.3183,0,0
ULG_PE,D,20190522,000000,33.0987,34.562,33.0987,34.562,0,0
ULG_PE,D,20190523,000000,33.912,34.4807,33.2602,33.6674,0,0
ULG_PE,D,20190524,000000,33.0987,34.3183,32.2854,33.7486,0,0
ULG_PE,D,20190527,000000,34.1548,34.1548,33.0987,33.5049,0,0
ULG_PE,D,20190528,000000,33.5049,34.1548,33.2602,34.1548,0,0
ULG_PE,D,20190529,000000,34.1548,34.1548,32.4469,33.179,0,0
ULG_PE,D,20190530,000000,33.0987,36.3512,33.0165,35.5378,0,0
ULG_PE,D,20190531,000000,35.7003,35.7003,34.1548,34.3995,0,0
ULG_PE,D,20190603,000000,33.9932,33.9932,32.9353,33.3424,0,0
ULG_PE,D,20190604,000000,32.7728,33.0987,31.9594,33.0165,0,0
ULG_PE,D,20190605,000000,32.854,32.854,31.1461,31.472,0,0
ULG_PE,D,20190606,000000,31.1461,31.8782,30.8211,31.797,0,0
ULG_PE,D,20190607,000000,32.3656,33.6674,31.3086,33.6674,0,0
ULG_PE,D,20190610,000000,33.5853,33.5853,32.2854,32.9353,0,0
ULG_PE,D,20190611,000000,33.2602,34.3995,32.4469,34.3183,0,0
ULG_PE,D,20190612,000000,34.6432,34.6432,33.179,33.5853,0,0
ULG_PE,D,20190613,000000,33.8299,34.0736,32.9353,33.8299,0,0
ULG_PE,D,20190614,000000,33.912,33.9932,33.179,33.5853,0,0
ULG_PE,D,20190617,000000,33.6674,33.8299,32.9353,33.4237,0,0
ULG_PE,D,20190618,000000,33.4237,33.5049,32.9353,33.179,0,0
ULG_PE,D,20190619,000000,33.179,33.6674,32.9353,33.4237,0,0
ULG_PE,D,20190621,000000,33.4237,34.3995,33.2602,33.5853,0,0
ULG_PE,D,20190624,000000,33.4237,34.9682,33.4237,34.3183,0,0
ULG_PE,D,20190625,000000,34.237,34.562,33.912,34.562,0,0
ULG_PE,D,20190626,000000,34.8066,34.8066,34.3995,34.562,0,0
ULG_PE,D,20190627,000000,34.562,35.3753,34.4807,35.2931,0,0
ULG_PE,D,20190628,000000,35.9092,36.6546,35.9092,36.6546,0,0
ULG_PE,D,20190701,000000,37.7305,37.8957,36.6546,36.9859,0,0
ULG_PE,D,20190702,000000,37.3172,37.3172,36.0753,36.9859,0,0
ULG_PE,D,20190703,000000,36.2405,37.2341,36.1583,36.6546,0,0
ULG_PE,D,20190704,000000,36.6546,36.6546,35.7449,36.4065,0,0
ULG_PE,D,20190705,000000,36.1583,36.4065,35.9092,36.3234,0,0
ULG_PE,D,20190708,000000,36.3234,37.0681,35.8279,36.4895,0,0
ULG_PE,D,20190709,000000,36.5725,36.5725,35.6619,36.1583,0,0
ULG_PE,D,20190710,000000,36.0753,36.0753,35.7449,35.9092,0,0
ULG_PE,D,20190711,000000,35.6619,35.9922,35.2476,35.9922,0,0
ULG_PE,D,20190712,000000,35.9092,35.9092,35.0003,35.4137,0,0
ULG_PE,D,20190715,000000,34.9173,35.2476,34.8343,34.8343,0,0
ULG_PE,D,20190716,000000,34.8343,37.2341,34.8343,35.4958,0,0
ULG_PE,D,20190717,000000,36.3234,36.9029,35.9092,36.7369,0,0
ULG_PE,D,20190718,000000,36.9029,36.9029,36.2405,36.8198,0,0
ULG_PE,D,20190719,000000,36.8198,36.8198,36.4065,36.5725,0,0
ULG_PE,D,20190722,000000,37.151,38.392,36.8198,36.9859,0,0
ULG_PE,D,20190723,000000,37.3172,37.9787,37.3172,37.7305,0,0
ULG_PE,D,20190724,000000,37.7305,38.0617,37.3993,37.8957,0,0
ULG_PE,D,20190725,000000,38.392,38.392,37.6474,38.1448,0,0
ULG_PE,D,20190726,000000,38.226,40.2125,37.7305,40.2125,0,0
ULG_PE,D,20190729,000000,41.1231,41.2883,39.6339,40.8741,0,0
ULG_PE,D,20190730,000000,41.7847,41.7847,38.7233,38.7233,0,0
ULG_PE,D,20190731,000000,37.6474,38.3091,36.9859,38.226,0,0
ULG_PE,D,20190801,000000,38.226,38.226,36.5725,37.151,0,0
ULG_PE,D,20190802,000000,36.8198,37.5644,35.2476,37.3172,0,0
ULG_PE,D,20190805,000000,36.9859,36.9859,35.6619,35.9092,0,0
ULG_PE,D,20190806,000000,35.9092,36.6546,35.4137,36.5725,0,0
ULG_PE,D,20190807,000000,36.8198,36.8198,35.7449,36.5725,0,0
ULG_PE,D,20190808,000000,35.6619,36.9029,35.5788,36.4895,0,0
ULG_PE,D,20190809,000000,36.4065,36.4065,34.8343,35.7449,0,0
ULG_PE,D,20190812,000000,35.0824,35.7449,35.0003,35.5788,0,0
ULG_PE,D,20190813,000000,36.0753,36.0753,34.3379,34.5031,0,0
ULG_PE,D,20190814,000000,34.5031,34.7512,34.0067,34.0067,0,0
ULG_PE,D,20190816,000000,34.1727,35.9092,34.1727,35.9092,0,0
ULG_PE,D,20190819,000000,35.7449,36.1583,35.5788,36.1583,0,0
ULG_PE,D,20190820,000000,36.1583,36.3234,35.6619,36.3234,0,0
ULG_PE,D,20190821,000000,36.6546,36.6546,35.9922,36.4895,0,0
ULG_PE,D,20190822,000000,36.4895,36.4895,35.3307,36.3234,0,0
ULG_PE,D,20190823,000000,36.3234,36.3234,35.6619,36.3234,0,0
ULG_PE,D,20190826,000000,36.0753,36.1583,35.2476,36.1583,0,0
ULG_PE,D,20190827,000000,35.9092,36.2405,35.4137,35.7449,0,0
ULG_PE,D,20190828,000000,35.7449,35.7449,35.0003,35.4958,0,0
ULG_PE,D,20190829,000000,35.5788,35.8279,35.0824,35.4958,0,0
ULG_PE,D,20190830,000000,35.4137,35.4137,35.0824,35.4137,0,0
ULG_PE,D,20190902,000000,35.0824,35.0824,34.0897,34.5031,0,0
ULG_PE,D,20190903,000000,34.3379,34.5031,33.8415,34.3379,0,0
ULG_PE,D,20190904,000000,34.5031,34.5031,33.4281,34.1727,0,0
ULG_PE,D,20190905,000000,34.1727,34.3379,33.6754,34.3379,0,0
ULG_PE,D,20190906,000000,35.2476,35.2476,25.4849,25.4849,0,0
ULG_PE,D,20190909,000000,25.8161,25.8161,24.4912,24.8224,0,0
ULG_PE,D,20190910,000000,24.8224,24.9055,24.4912,24.6573,0,0
ULG_PE,D,20190911,000000,24.8224,25.3188,24.6573,25.3188,0,0
ULG_PE,D,20190912,000000,25.65,27.3874,25.65,27.1392,0,0
ULG_PE,D,20190913,000000,26.9741,27.8009,26.2295,26.8911,0,0
ULG_PE,D,20190916,000000,26.9741,26.9741,26.2295,26.6428,0,0
ULG_PE,D,20190917,000000,26.808,26.808,26.1464,26.4776,0,0
ULG_PE,D,20190918,000000,26.5607,26.5607,25.7331,25.7331,0,0
ULG_PE,D,20190919,000000,25.1528,25.5671,25.1528,25.5671,0,0
ULG_PE,D,20190920,000000,25.5671,25.7331,25.2358,25.65,0,0
ULG_PE,D,20190923,000000,25.7331,25.7331,25.1528,25.1528,0,0
ULG_PE,D,20190924,000000,25.4019,25.4019,25.0706,25.3188,0,0
ULG_PE,D,20190925,000000,25.4849,25.5671,24.9885,25.3188,0,0
ULG_PE,D,20190926,000000,25.5671,25.5671,25.1528,25.4849,0,0
ULG_PE,D,20190927,000000,25.5671,25.5671,25.1528,25.4019,0,0
ULG_PE,D,20190930,000000,25.1528,25.3188,24.5742,25.0706,0,0
ULG_PE,D,20191001,000000,25.0706,25.0706,24.6573,24.9055,0,0
ULG_PE,D,20191002,000000,25.5671,25.5671,23.8297,23.9126,0,0
ULG_PE,D,20191003,000000,23.7466,24.6573,23.7466,24.2439,0,0
ULG_PE,D,20191004,000000,24.8224,24.8224,24.2439,24.4912,0,0
ULG_PE,D,20191007,000000,24.4912,24.6573,23.9126,23.9126,0,0
ULG_PE,D,20191008,000000,24.0778,24.2439,24.0778,24.2439,0,0
ULG_PE,D,20191009,000000,24.4082,24.4912,23.9126,24.4912,0,0
ULG_PE,D,20191010,000000,24.4912,24.5742,24.0778,24.3261,0,0
ULG_PE,D,20191011,000000,24.4912,24.4912,24.1609,24.4912,0,0
ULG_PE,D,20191014,000000,24.2439,24.6573,24.2439,24.6573,0,0
ULG_PE,D,20191015,000000,24.4912,25.3188,24.1609,25.0706,0,0
ULG_PE,D,20191016,000000,25.0706,26.2295,25.0706,26.1464,0,0
ULG_PE,D,20191017,000000,26.2295,26.2295,25.8973,26.1464,0,0
ULG_PE,D,20191018,000000,26.1464,26.1464,25.4019,25.5671,0,0
ULG_PE,D,20191021,000000,25.7331,25.7331,25.0706,25.3188,0,0
ULG_PE,D,20191022,000000,25.3188,25.3188,24.4912,24.8224,0,0
ULG_PE,D,20191023,000000,24.7394,24.7394,24.0778,24.4082,0,0
ULG_PE,D,20191024,000000,24.1609,24.5742,23.9948,24.4082,0,0
ULG_PE,D,20191025,000000,24.4082,24.4082,24.0778,24.3261,0,0
ULG_PE,D,20191028,000000,23.9948,24.3261,23.5806,23.9126,0,0
ULG_PE,D,20191029,000000,23.7466,24.1609,23.4993,23.9126,0,0
ULG_PE,D,20191030,000000,23.9948,24.0778,23.3333,23.7466,0,0
ULG_PE,D,20191031,000000,23.8297,23.8297,22.919,23.7466,0,0
ULG_PE,D,20191104,000000,24.0778,24.0778,23.4163,23.9126,0,0
ULG_PE,D,20191105,000000,23.9948,23.9948,23.4993,23.7466,0,0
ULG_PE,D,20191106,000000,23.7466,23.9948,23.3333,23.7466,0,0
ULG_PE,D,20191107,000000,23.7466,23.7466,22.5887,22.5887,0,0
ULG_PE,D,20191108,000000,23.3333,23.3333,22.5056,23.002,0,0
ULG_PE,D,20191112,000000,23.4163,23.6635,23.1681,23.4993,0,0
ULG_PE,D,20191113,000000,23.7466,23.7466,22.6717,22.7538,0,0
ULG_PE,D,20191114,000000,23.1681,23.2502,22.8359,23.2502,0,0
ULG_PE,D,20191115,000000,23.1681,23.5806,23.1681,23.4993,0,0
ULG_PE,D,20191118,000000,23.4993,24.3261,23.2502,23.9948,0,0
ULG_PE,D,20191119,000000,24.2439,24.7394,24.1609,24.4912,0,0
ULG_PE,D,20191120,000000,24.6573,24.6573,23.7466,23.8297,0,0
ULG_PE,D,20191121,000000,24.1609,25.5671,24.1609,25.4019,0,0
ULG_PE,D,20191122,000000,25.5671,25.5671,21.4299,21.4299,0,0
ULG_PE,D,20191125,000000,21.844,21.844,20.9334,21.3468,0,0
ULG_PE,D,20191126,000000,21.3468,21.3468,21.0995,21.1825,0,0
ULG_PE,D,20191127,000000,21.3468,21.3468,20.8513,21.0164,0,0
ULG_PE,D,20191128,000000,21.0164,21.1825,20.9334,21.0995,0,0
ULG_PE,D,20191129,000000,21.2647,21.4299,20.9334,21.4299,0,0
ULG_PE,D,20191202,000000,21.5128,21.5128,20.9334,21.2647,0,0
ULG_PE,D,20191203,000000,21.2647,21.2647,21.0164,21.0995,0,0
ULG_PE,D,20191204,000000,21.0164,21.0995,20.9334,21.0995,0,0
ULG_PE,D,20191205,000000,21.1825,21.5128,21.0164,21.0995,0,0
ULG_PE,D,20191206,000000,21.3468,21.3468,20.9334,21.2647,0,0
ULG_PE,D,20191209,000000,21.2647,21.2647,21.0164,21.0164,0,0
ULG_PE,D,20191210,000000,21.1825,21.1825,20.9334,21.0164,0,0
ULG_PE,D,20191211,000000,21.0164,21.1825,20.8513,21.0164,0,0
ULG_PE,D,20191212,000000,21.0164,21.9271,21.0164,21.9271,0,0
ULG_PE,D,20191213,000000,22.1744,22.4235,21.678,22.0092,0,0
ULG_PE,D,20191216,000000,22.1744,22.2575,21.5128,21.7611,0,0
ULG_PE,D,20191217,000000,21.844,21.844,21.2647,21.844,0,0
ULG_PE,D,20191218,000000,22.0914,22.4235,21.5959,22.1744,0,0
ULG_PE,D,20191219,000000,22.1744,22.919,22.1744,22.6717,0,0
ULG_PE,D,20191220,000000,22.7538,22.7538,22.2575,22.5887,0,0
ULG_PE,D,20191223,000000,22.5887,22.8359,22.1744,22.1744,0,0
ULG_PE,D,20191227,000000,22.1744,22.1744,21.844,22.0914,0,0
ULG_PE,D,20191230,000000,22.0914,23.3333,21.9271,22.7538,0,0
ULG_PE,D,20200102,000000,23.085,23.3333,22.8359,23.3333,0,0
ULG_PE,D,20200103,000000,23.4163,23.4163,22.919,23.085,0,0
ULG_PE,D,20200107,000000,23.085,24.4912,23.085,24.1609,0,0
ULG_PE,D,20200108,000000,23.9948,24.2439,23.7466,23.9948,0,0
ULG_PE,D,20200109,000000,24.3261,25.4849,23.9126,25.4019,0,0
ULG_PE,D,20200110,000000,25.3188,26.3947,25.3188,26.3947,0,0
ULG_PE,D,20200113,000000,26.6428,26.6428,25.8973,26.3947,0,0
ULG_PE,D,20200114,000000,26.3947,26.3947,25.4849,25.9804,0,0
ULG_PE,D,20200115,000000,25.65,25.65,24.8224,24.9885,0,0
ULG_PE,D,20200116,000000,24.6573,25.4019,24.3261,25.2358,0,0
ULG_PE,D,20200117,000000,25.1528,25.1528,24.2439,24.4912,0,0
ULG_PE,D,20200120,000000,24.4912,25.3188,24.3261,24.9055,0,0
ULG_PE,D,20200121,000000,24.9055,24.9055,24.4912,24.8224,0,0
ULG_PE,D,20200122,000000,25.8973,25.8973,24.5742,25.0706,0,0
ULG_PE,D,20200123,000000,25.2358,25.2358,22.8359,23.3333,0,0
ULG_PE,D,20200124,000000,23.4163,23.6635,22.7538,23.5806,0,0
ULG_PE,D,20200127,000000,23.3333,23.3333,22.8359,22.919,0,0
ULG_PE,D,20200128,000000,22.919,23.2502,22.2575,22.5056,0,0
ULG_PE,D,20200129,000000,22.3404,22.8359,22.1744,22.5887,0,0
ULG_PE,D,20200130,000000,22.5887,22.6717,22.1744,22.1744,0,0
ULG_PE,D,20200131,000000,22.2575,22.5056,22.2575,22.5056,0,0
ULG_PE,D,20200203,000000,22.4235,24.0778,22.4235,23.9948,0,0
ULG_PE,D,20200204,000000,23.9948,23.9948,23.6635,23.8297,0,0
ULG_PE,D,20200205,000000,23.9126,24.9885,23.8297,24.9885,0,0
ULG_PE,D,20200206,000000,25.1528,25.4019,24.9055,25.0706,0,0
ULG_PE,D,20200207,000000,25.0706,25.1528,23.9948,24.2439,0,0
ULG_PE,D,20200210,000000,24.3261,25.9804,23.9126,25.3188,0,0
ULG_PE,D,20200211,000000,25.8161,26.4776,25.65,25.9804,0,0
ULG_PE,D,20200212,000000,25.9804,26.3116,25.1528,25.5671,0,0
ULG_PE,D,20200213,000000,25.3188,25.65,25.0706,25.3188,0,0
ULG_PE,D,20200214,000000,25.65,25.65,25.2358,25.4849,0,0
ULG_PE,D,20200217,000000,25.1528,25.8161,25.1528,25.4019,0,0
ULG_PE,D,20200218,000000,25.4019,25.5671,25.0706,25.5671,0,0
ULG_PE,D,20200219,000000,25.2358,25.4849,25.2358,25.4019,0,0
ULG_PE,D,20200220,000000,25.3188,25.4019,24.9055,25.0706,0,0
ULG_PE,D,20200221,000000,24.9055,25.0706,24.4082,24.9885,0,0
ULG_PE,D,20200224,000000,24.4912,24.4912,23.2502,24.1609,0,0
ULG_PE,D,20200225,000000,23.4993,24.0778,22.5056,23.085,0,0
ULG_PE,D,20200226,000000,22.1744,23.1681,21.678,23.002,0,0
ULG_PE,D,20200227,000000,22.8359,22.8359,20.6022,21.0164,0,0
ULG_PE,D,20200228,000000,18.7827,19.4442,17.2935,18.6996,0,0
ULG_PE,D,20200302,000000,19.8576,20.9334,19.3621,19.9406,0,0
ULG_PE,D,20200303,000000,21.0164,21.678,20.437,20.9334,0,0
ULG_PE,D,20200304,000000,20.6852,20.9334,19.9406,20.8513,0,0
ULG_PE,D,20200305,000000,21.2647,21.4299,20.1888,20.8513,0,0
ULG_PE,D,20200306,000000,19.9406,20.8513,19.8576,20.5192,0,0
ULG_PE,D,20200309,000000,17.872,19.5273,17.1275,17.872,0,0
ULG_PE,D,20200310,000000,17.9551,18.5345,17.0453,17.0453,0,0
ULG_PE,D,20200311,000000,17.3756,17.3756,14.6454,15.1418,0,0
ULG_PE,D,20200312,000000,13.1563,13.1563,11.7492,11.7492,0,0
ULG_PE,D,20200313,000000,12.8251,14.066,12.0796,12.5768,0,0
ULG_PE,D,20200316,000000,12.6599,14.4794,11.9153,14.4794,0,0
ULG_PE,D,20200317,000000,14.5624,16.1346,14.3963,16.1346,0,0
ULG_PE,D,20200318,000000,16.1346,17.4577,15.8865,16.2177,0,0
ULG_PE,D,20200319,000000,15.7213,17.2935,15.7213,17.2104,0,0
ULG_PE,D,20200320,000000,17.3756,18.038,15.8042,16.1346,0,0
ULG_PE,D,20200323,000000,15.2239,15.8865,14.7285,15.1418,0,0
ULG_PE,D,20200324,000000,16.4659,16.4659,15.473,16.2998,0,0
ULG_PE,D,20200325,000000,16.8792,17.1275,15.7213,15.9686,0,0
ULG_PE,D,20200326,000000,15.7213,16.5489,15.7213,16.2998,0,0
ULG_PE,D,20200327,000000,16.3828,16.7132,15.8042,16.2998,0,0
ULG_PE,D,20200330,000000,16.3828,16.3828,15.8865,16.2998,0,0
ULG_PE,D,20200331,000000,17.1275,17.7899,15.307,15.307,0,0
ULG_PE,D,20200401,000000,14.8937,17.2935,14.8937,16.2998,0,0
ULG_PE,D,20200402,000000,16.7962,18.038,16.7962,17.7899,0,0
ULG_PE,D,20200403,000000,18.9478,20.1066,18.5345,20.1066,0,0
ULG_PE,D,20200406,000000,22.0092,22.5056,20.9334,22.0092,0,0
ULG_PE,D,20200407,000000,22.1744,22.1744,20.1888,20.1888,0,0
ULG_PE,D,20200408,000000,19.6925,22.3404,19.4442,22.2575,0,0
ULG_PE,D,20200409,000000,22.4235,22.7538,21.3468,21.9271,0,0
ULG_PE,D,20200414,000000,21.9271,21.9271,20.9334,21.844,0,0
ULG_PE,D,20200415,000000,21.844,21.844,21.0164,21.1825,0,0
ULG_PE,D,20200416,000000,21.0995,21.3468,20.8513,21.0995,0,0
ULG_PE,D,20200417,000000,21.4299,21.7611,21.0164,21.7611,0,0
ULG_PE,D,20200420,000000,21.844,24.4912,21.5959,24.4082,0,0
ULG_PE,D,20200421,000000,24.9885,25.5671,23.085,24.6573,0,0
ULG_PE,D,20200422,000000,24.7394,25.4019,24.7394,25.3188,0,0
ULG_PE,D,20200423,000000,26.2295,26.5607,25.4019,26.3947,0,0
ULG_PE,D,20200424,000000,26.3947,26.3947,25.5671,26.3947,0,0
ULG_PE,D,20200427,000000,26.4776,28.5463,26.4776,28.5463,0,0
ULG_PE,D,20200428,000000,29.1248,34.9173,29.1248,31.8559,0,0
ULG_PE,D,20200429,000000,32.2693,34.6691,32.2693,33.6754,0,0
ULG_PE,D,20200430,000000,34.586,34.586,29.373,30.614,0,0
ULG_PE,D,20200504,000000,30.614,33.0969,29.2078,31.6077,0,0
ULG_PE,D,20200505,000000,32.1032,32.7665,30.614,31.1943,0,0
ULG_PE,D,20200506,000000,31.1113,31.1113,30.2007,30.531,0,0
ULG_PE,D,20200507,000000,30.1176,30.1176,29.2909,30.1176,0,0
ULG_PE,D,20200508,000000,29.6221,30.1176,29.373,29.7043,0,0
ULG_PE,D,20200511,000000,29.6221,32.4345,29.1248,32.4345,0,0
ULG_PE,D,20200512,000000,32.7665,35.0824,32.7665,34.6691,0,0
ULG_PE,D,20200513,000000,34.6691,34.6691,34.1727,34.5031,0,0
ULG_PE,D,20200514,000000,33.7584,33.8415,30.4498,32.6005,0,0
ULG_PE,D,20200515,000000,33.5924,33.5924,27.9669,27.9669,0,0
ULG_PE,D,20200518,000000,29.6221,29.6221,28.6285,29.0418,0,0
ULG_PE,D,20200519,000000,29.373,29.373,28.2972,28.8776,0,0
ULG_PE,D,20200520,000000,28.9597,29.0418,27.8009,28.8776,0,0
ULG_PE,D,20200521,000000,29.0418,29.0418,28.1329,28.6285,0,0
ULG_PE,D,20200522,000000,28.8776,29.7864,28.8776,29.5391,0,0
ULG_PE,D,20200525,000000,29.8695,30.6971,29.5391,30.4498,0,0
ULG_PE,D,20200526,000000,30.4498,32.6005,30.4498,32.1032,0,0
ULG_PE,D,20200527,000000,32.6005,32.6835,30.614,31.0283,0,0
ULG_PE,D,20200528,000000,31.1943,32.4345,30.531,31.5247,0,0
ULG_PE,D,20200529,000000,31.5247,32.7665,31.1113,32.4345,0,0
ULG_PE,D,20200601,000000,32.7665,34.0067,31.7729,32.6835,0,0
ULG_PE,D,20200602,000000,32.9308,33.0138,31.6077,31.6898,0,0
ULG_PE,D,20200603,000000,32.021,32.4345,31.3586,31.6077,0,0
ULG_PE,D,20200604,000000,31.9389,31.9389,30.3667,30.614,0,0
ULG_PE,D,20200605,000000,30.78,31.4416,29.6221,31.4416,0,0
ULG_PE,D,20200608,000000,31.6898,31.6898,29.7043,30.3667,0,0
ULG_PE,D,20200609,000000,30.1176,31.1943,30.1176,31.1943,0,0
ULG_PE,D,20200610,000000,31.1943,31.2756,30.8631,31.1943,0,0
ULG_PE,D,20200612,000000,29.4561,30.3667,29.0418,29.8695,0,0
ULG_PE,D,20200615,000000,29.2078,29.2078,27.5526,28.8776,0,0
ULG_PE,D,20200616,000000,30.9452,30.9452,29.2909,29.4561,0,0
ULG_PE,D,20200617,000000,29.8695,29.8695,28.8776,29.2909,0,0
ULG_PE,D,20200618,000000,29.5391,29.7864,29.0418,29.7043,0,0
ULG_PE,D,20200619,000000,29.7043,30.1176,29.2909,29.8695,0,0
ULG_PE,D,20200622,000000,30.2836,30.3667,29.9524,30.1176,0,0
ULG_PE,D,20200623,000000,30.2007,30.2007,29.373,29.4561,0,0
ULG_PE,D,20200624,000000,29.373,29.7043,29.2078,29.6221,0,0
ULG_PE,D,20200625,000000,29.6221,29.6221,28.2142,29.2909,0,0
ULG_PE,D,20200626,000000,29.2909,29.2909,28.4633,28.6285,0,0
ULG_PE,D,20200629,000000,29.0418,29.0418,28.7114,28.9597,0,0
ULG_PE,D,20200630,000000,29.0418,29.4561,28.7114,28.9597,0,0
ULG_PE,D,20200701,000000,28.7945,29.4561,28.7114,29.4561,0,0
ULG_PE,D,20200702,000000,30.0703,30.8238,30.0703,30.4051,0,0
ULG_PE,D,20200703,000000,29.5676,30.0703,29.3159,29.9864,0,0
ULG_PE,D,20200706,000000,30.2373,30.7399,29.7346,30.656,0,0
ULG_PE,D,20200707,000000,30.9917,30.9917,29.6507,30.0703,0,0
ULG_PE,D,20200708,000000,30.3212,30.572,29.8185,30.572,0,0
ULG_PE,D,20200709,000000,30.656,30.656,29.7346,29.8185,0,0
ULG_PE,D,20200710,000000,29.9025,30.656,29.7346,30.572,0,0
ULG_PE,D,20200713,000000,30.572,30.572,29.8185,29.9864,0,0
ULG_PE,D,20200714,000000,30.4051,30.4051,29.3159,30.0703,0,0
ULG_PE,D,20200715,000000,29.9864,29.9864,29.3159,29.5676,0,0
ULG_PE,D,20200716,000000,29.232,29.9025,29.1489,29.9025,0,0
ULG_PE,D,20200717,000000,29.9025,33.1692,29.8185,32.5826,0,0
ULG_PE,D,20200720,000000,32.6665,32.6665,31.7452,32.3318,0,0
ULG_PE,D,20200721,000000,32.4987,32.6665,31.3265,31.996,0,0
ULG_PE,D,20200722,000000,31.913,32.1639,30.2373,30.2373,0,0
ULG_PE,D,20200723,000000,29.3998,34.4254,29.3998,32.2478,0,0
ULG_PE,D,20200724,000000,33.0852,33.0852,30.9917,32.3318,0,0
ULG_PE,D,20200727,000000,33.0852,33.0852,31.2425,31.996,0,0
ULG_PE,D,20200728,000000,31.996,31.996,30.4051,30.4051,0,0
ULG_PE,D,20200729,000000,29.9864,30.9078,29.9864,29.9864,0,0
ULG_PE,D,20200730,000000,30.1533,30.1533,26.3009,26.7196,0,0
ULG_PE,D,20200731,000000,27.1383,29.232,27.1383,28.9811,0,0
ULG_PE,D,20200803,000000,28.9811,29.065,28.3946,28.8972,0,0
ULG_PE,D,20200804,000000,29.065,30.9078,28.4785,30.0703,0,0
ULG_PE,D,20200805,000000,30.7399,30.7399,29.1489,29.8185,0,0
ULG_PE,D,20200806,000000,29.8185,29.8185,29.065,29.4838,0,0
ULG_PE,D,20200807,000000,29.3998,29.3998,28.5623,28.6463,0,0
ULG_PE,D,20200810,000000,28.9811,29.1489,28.4785,28.7293,0,0
ULG_PE,D,20200811,000000,29.3998,29.3998,28.4785,28.5623,0,0
ULG_PE,D,20200812,000000,28.3946,28.3946,27.7249,27.9757,0,0
ULG_PE,D,20200813,000000,27.9757,28.3946,27.9757,28.1436,0,0
ULG_PE,D,20200814,000000,27.9757,29.3159,27.9757,28.8133,0,0
ULG_PE,D,20200817,000000,28.9811,29.232,27.9757,28.7293,0,0
ULG_PE,D,20200818,000000,28.8972,28.8972,27.808,27.808,0,0
ULG_PE,D,20200819,000000,27.808,28.1436,27.3062,27.808,0,0
ULG_PE,D,20200820,000000,27.808,28.9811,26.8036,28.2276,0,0
ULG_PE,D,20200821,000000,28.2276,28.8133,27.8919,28.2276,0,0
ULG_PE,D,20200824,000000,28.5623,29.065,27.1383,29.065,0,0
ULG_PE,D,20200825,000000,28.8972,28.8972,27.3893,27.3893,0,0
ULG_PE,D,20200826,000000,27.808,27.9757,27.0544,27.3062,0,0
ULG_PE,D,20200827,000000,26.9705,27.808,26.9705,27.3893,0,0
ULG_PE,D,20200828,000000,27.0544,27.3893,27.0544,27.3893,0,0
ULG_PE,D,20200831,000000,27.557,27.557,26.133,26.6357,0,0
ULG_PE,D,20200901,000000,26.133,26.3009,25.2956,25.8822,0,0
ULG_PE,D,20200902,000000,26.133,26.9705,25.9652,26.8866,0,0
ULG_PE,D,20200903,000000,26.9705,27.1383,26.133,26.217,0,0
ULG_PE,D,20200904,000000,24.793,26.0491,24.793,25.4635,0,0
ULG_PE,D,20200907,000000,24.9609,25.3796,23.8716,23.9556,0,0
ULG_PE,D,20200908,000000,24.2904,24.2904,21.9449,23.8716,0,0
ULG_PE,D,20200909,000000,22.8664,26.3849,22.8664,25.7143,0,0
ULG_PE,D,20200910,000000,26.133,26.133,24.4582,25.8822,0,0
ULG_PE,D,20200911,000000,24.8769,27.0544,24.8769,27.0544,0,0
ULG_PE,D,20200914,000000,28.0597,28.3946,18.93,18.93,0,0
ULG_PE,D,20200915,000000,18.5952,19.1809,18.5952,18.93,0,0
ULG_PE,D,20200916,000000,19.1809,19.1809,18.1756,18.1756,0,0
ULG_PE,D,20200917,000000,18.5952,18.5952,18.1756,18.5112,0,0
ULG_PE,D,20200918,000000,18.8461,18.8461,18.2595,18.5952,0,0
ULG_PE,D,20200921,000000,18.5112,18.5112,17.422,17.8408,0,0
ULG_PE,D,20200922,000000,17.8408,17.9246,17.422,17.5899,0,0
ULG_PE,D,20200923,000000,17.7569,17.7569,17.0033,17.1712,0,0
ULG_PE,D,20200924,000000,17.0033,17.0033,16.0819,16.5846,0,0
ULG_PE,D,20200925,000000,16.5846,18.2595,16.5846,18.0925,0,0
ULG_PE,D,20200928,000000,18.0925,18.0925,17.7569,18.0925,0,0
ULG_PE,D,20200929,000000,18.0925,18.4273,18.0086,18.2595,0,0
ULG_PE,D,20200930,000000,18.5112,19.0969,18.2595,18.8461,0,0
ULG_PE,D,20201001,000000,19.1809,19.1809,18.4273,18.4273,0,0
ULG_PE,D,20201002,000000,18.4273,18.8461,16.9194,18.7622,0,0
ULG_PE,D,20201005,000000,19.0969,19.9353,19.0969,19.8514,0,0
ULG_PE,D,20201006,000000,20.437,20.6888,20.0183,20.354,0,0
ULG_PE,D,20201007,000000,20.2701,20.2701,19.6835,20.1022,0,0
ULG_PE,D,20201008,000000,20.2701,20.2701,18.93,18.93,0,0
ULG_PE,D,20201009,000000,18.93,19.3487,18.6782,19.2648,0,0
ULG_PE,D,20201012,000000,19.6835,19.9353,18.8461,19.6835,0,0
ULG_PE,D,20201013,000000,19.6835,19.6835,19.0139,19.2648,0,0
ULG_PE,D,20201014,000000,19.3487,19.5996,18.3434,19.0139,0,0
ULG_PE,D,20201015,000000,19.0139,19.0139,17.7569,18.3434,0,0
ULG_PE,D,20201016,000000,17.6738,19.0139,17.6738,18.3434,0,0
ULG_PE,D,20201019,000000,18.6782,19.5996,18.6782,19.4327,0,0
ULG_PE,D,20201020,000000,19.5996,19.6835,19.0139,19.4327,0,0
ULG_PE,D,20201021,000000,19.5996,19.7674,19.2648,19.3487,0,0
ULG_PE,D,20201022,000000,19.4327,19.8514,18.7622,19.2648,0,0
ULG_PE,D,20201023,000000,19.4327,19.4327,18.8461,19.4327,0,0
ULG_PE,D,20201026,000000,20.2701,20.2701,18.5952,18.6782,0,0
ULG_PE,D,20201027,000000,18.93,18.93,18.4273,18.8461,0,0
ULG_PE,D,20201028,000000,18.8461,18.8461,17.0033,17.2542,0,0
ULG_PE,D,20201029,000000,17.0033,17.7569,16.3328,17.7569,0,0
ULG_PE,D,20201030,000000,17.5899,17.5899,16.5007,16.7525,0,0
ULG_PE,D,20201102,000000,16.5846,17.3382,16.5007,17.0872,0,0
ULG_PE,D,20201103,000000,17.0872,17.2542,16.8355,17.0033,0,0
ULG_PE,D,20201104,000000,17.2542,17.7569,16.8355,17.5899,0,0
ULG_PE,D,20201105,000000,17.6738,18.5952,17.6738,18.2595,0,0
ULG_PE,D,20201106,000000,17.5899,18.0086,17.1712,17.3382,0,0
ULG_PE,D,20201109,000000,17.3382,17.5059,16.9194,17.0872,0,0
ULG_PE,D,20201110,000000,16.9194,17.2542,16.6685,16.6685,0,0
ULG_PE,D,20201112,000000,17.0033,18.1756,17.0033,18.0086,0,0
ULG_PE,D,20201113,000000,18.1756,19.4327,18.1756,19.2648,0,0
ULG_PE,D,20201116,000000,19.7674,19.9353,18.7622,19.2648,0,0
ULG_PE,D,20201117,000000,19.2648,19.7674,18.3434,19.3487,0,0
ULG_PE,D,20201118,000000,19.5165,19.5165,19.0969,19.2648,0,0
ULG_PE,D,20201119,000000,19.2648,19.2648,18.5952,19.0969,0,0
ULG_PE,D,20201120,000000,19.4327,19.9353,17.1712,17.1712,0,0
ULG_PE,D,20201123,000000,17.3382,18.4273,17.3382,18.2595,0,0
ULG_PE,D,20201124,000000,18.3434,18.7622,18.0086,18.3434,0,0
ULG_PE,D,20201125,000000,18.3434,18.5952,17.6738,18.2595,0,0
ULG_PE,D,20201126,000000,17.8408,18.2595,17.5899,17.8408,0,0
ULG_PE,D,20201127,000000,17.5059,17.7569,17.3382,17.5899,0,0
ULG_PE,D,20201130,000000,17.5059,17.5059,16.7525,16.9194,0,0
ULG_PE,D,20201201,000000,17.5059,17.5059,16.8355,16.8355,0,0
ULG_PE,D,20201202,000000,17.1712,17.1712,16.5846,16.8355,0,0
ULG_PE,D,20201203,000000,16.9194,16.9194,16.0819,16.8355,0,0
ULG_PE,D,20201204,000000,16.7525,17.5059,16.7525,17.5059,0,0
ULG_PE,D,20201207,000000,17.5899,18.0086,17.2542,17.3382,0,0
ULG_PE,D,20201208,000000,17.9246,18.0086,17.5059,17.7569,0,0
ULG_PE,D,20201209,000000,17.9246,18.5112,17.9246,18.3434,0,0
ULG_PE,D,20201210,000000,18.2595,18.5952,17.9246,18.3434,0,0
ULG_PE,D,20201211,000000,17.8408,18.0925,17.422,18.0086,0,0
ULG_PE,D,20201214,000000,17.9246,17.9246,17.422,17.5059,0,0
ULG_PE,D,20201215,000000,17.7569,17.9246,17.5059,17.5059,0,0
ULG_PE,D,20201216,000000,17.422,17.8408,17.0033,17.0033,0,0
ULG_PE,D,20201217,000000,17.2542,17.2542,16.2498,16.3328,0,0
ULG_PE,D,20201218,000000,16.3328,16.7525,16.3328,16.7525,0,0
ULG_PE,D,20201221,000000,17.1712,17.1712,16.0819,16.4167,0,0
ULG_PE,D,20201222,000000,16.4167,16.5007,16.1659,16.5007,0,0
ULG_PE,D,20201223,000000,16.6685,16.9194,16.5846,16.6685,0,0
ULG_PE,D,20201228,000000,17.0872,17.5899,16.9194,17.5059,0,0
ULG_PE,D,20201229,000000,17.6738,18.0086,17.6738,18.0086,0,0
ULG_PE,D,20201230,000000,18.0925,18.0925,17.5059,17.5059,0,0
ULG_PE,D,20210104,000000,17.7569,18.0925,17.5899,17.5899,0,0
ULG_PE,D,20210105,000000,17.422,17.6738,17.422,17.6738,0,0
ULG_PE,D,20210107,000000,17.7569,18.0086,17.5899,17.8408,0,0
ULG_PE,D,20210108,000000,18.0086,18.0086,17.5899,17.7569,0,0
ULG_PE,D,20210111,000000,17.7569,18.0086,17.1712,17.6738,0,0
ULG_PE,D,20210112,000000,17.7569,17.7569,17.3382,17.5899,0,0
ULG_PE,D,20210113,000000,17.5059,17.5059,17.0872,17.1712,0,0
ULG_PE,D,20210114,000000,17.1712,17.1712,16.7525,16.9194,0,0
ULG_PE,D,20210115,000000,16.9194,16.9194,16.5007,16.5846,0,0
ULG_PE,D,20210118,000000,16.9194,17.3382,16.5846,17.1712,0,0
ULG_PE,D,20210119,000000,17.1712,17.5059,16.7525,17.0872,0,0
ULG_PE,D,20210120,000000,17.3382,17.3382,16.7525,17.0872,0,0
ULG_PE,D,20210121,000000,17.1712,17.5899,17.0872,17.5899,0,0
ULG_PE,D,20210122,000000,17.5059,18.5952,17.5059,18.2595,0,0
ULG_PE,D,20210125,000000,18.8461,19.5996,18.8461,19.0969,0,0
ULG_PE,D,20210126,000000,19.0969,19.0969,18.4273,18.8461,0,0
ULG_PE,D,20210127,000000,18.5112,18.5112,17.5899,17.9246,0,0
ULG_PE,D,20210128,000000,17.9246,18.2595,17.1712,18.0925,0,0
ULG_PE,D,20210129,000000,18.2595,18.2595,17.422,17.6738,0,0
ULG_PE,D,20210201,000000,17.7569,18.2595,17.5059,17.5899,0,0
ULG_PE,D,20210202,000000,17.7569,17.9246,17.422,17.8408,0,0
ULG_PE,D,20210203,000000,17.8408,17.8408,17.1712,17.3382,0,0
ULG_PE,D,20210204,000000,17.422,17.5059,17.2542,17.3382,0,0
ULG_PE,D,20210205,000000,18.0086,18.1756,17.5899,18.1756,0,0
ULG_PE,D,20210208,000000,18.1756,18.1756,17.3382,17.5899,0,0
ULG_PE,D,20210209,000000,17.5899,17.5899,16.8355,16.9194,0,0
ULG_PE,D,20210210,000000,17.1712,17.5899,16.7525,17.5059,0,0
ULG_PE,D,20210211,000000,17.6738,18.1756,17.6738,17.9246,0,0
ULG_PE,D,20210212,000000,17.9246,17.9246,17.5899,17.6738,0,0
ULG_PE,D,20210215,000000,17.7569,17.7569,17.3382,17.5059,0,0
ULG_PE,D,20210216,000000,17.5059,17.5899,17.3382,17.5059,0,0
ULG_PE,D,20210217,000000,17.5899,17.5899,17.1712,17.1712,0,0
ULG_PE,D,20210218,000000,17.422,17.422,17.0033,17.1712,0,0
ULG_PE,D,20210219,000000,17.1712,17.1712,16.6685,16.7525,0,0
ULG_PE,D,20210222,000000,16.7525,16.7525,16.3328,16.5007,0,0
ULG_PE,D,20210223,000000,16.6685,16.6685,15.9141,16.2498,0,0
ULG_PE,D,20210224,000000,16.1659,16.8355,16.1659,16.5846,0,0
ULG_PE,D,20210225,000000,16.7525,17.0033,16.4167,16.4167,0,0
ULG_PE,D,20210226,000000,16.2498,16.2498,16.0819,16.1659,0,0
ULG_PE,D,20210301,000000,16.1659,16.5846,16.1659,16.4167,0,0
ULG_PE,D,20210302,000000,16.1659,16.3328,15.8311,15.9141,0,0
ULG_PE,D,20210303,000000,16.3328,16.3328,15.6632,15.8311,0,0
ULG_PE,D,20210304,000000,15.8311,15.8311,15.4114,15.6632,0,0
ULG_PE,D,20210305,000000,15.9141,16.0819,15.4954,15.998,0,0
ULG_PE,D,20210308,000000,16.0819,16.0819,15.7472,16.0819,0,0
ULG_PE,D,20210309,000000,16.2498,16.2498,15.6632,15.6632,0,0
ULG_PE,D,20210310,000000,15.6632,15.998,15.5793,15.998,0,0
ULG_PE,D,20210311,000000,15.998,15.998,15.4954,15.6632,0,0
ULG_PE,D,20210312,000000,15.7472,15.7472,15.5793,15.6632,0,0
ULG_PE,D,20210315,000000,15.7472,15.7472,15.4114,15.5793,0,0
ULG_PE,D,20210316,000000,15.5793,15.5793,15.3285,15.3285,0,0
ULG_PE,D,20210317,000000,15.3285,15.6632,15.0767,15.6632,0,0
ULG_PE,D,20210318,000000,15.4954,15.4954,15.2445,15.2445,0,0
ULG_PE,D,20210319,000000,15.2445,15.3285,14.9927,15.0767,0,0
ULG_PE,D,20210322,000000,15.4954,15.4954,15.2445,15.3285,0,0
ULG_PE,D,20210323,000000,15.4954,15.4954,15.0767,15.1606,0,0
ULG_PE,D,20210324,000000,15.4954,15.4954,14.9927,15.1606,0,0
ULG_PE,D,20210325,000000,15.0767,15.2445,14.9927,15.1606,0,0
ULG_PE,D,20210326,000000,15.0767,15.3285,14.9098,15.1606,0,0
ULG_PE,D,20210329,000000,15.2445,16.3328,15.2445,16.2498,0,0
ULG_PE,D,20210330,000000,16.2498,16.2498,15.8311,16.0819,0,0
ULG_PE,D,20210331,000000,16.0819,16.3328,16.0819,16.0819,0,0
ULG_PE,D,20210401,000000,16.1659,16.1659,15.4954,16.1659,0,0
ULG_PE,D,20210406,000000,15.9141,16.5007,15.8311,16.0819,0,0
ULG_PE,D,20210407,000000,16.3328,16.3328,16.0819,16.1659,0,0
ULG_PE,D,20210408,000000,16.0819,16.1659,15.9141,15.9141,0,0
ULG_PE,D,20210409,000000,16.0819,16.3328,15.6632,16.2498,0,0
ULG_PE,D,20210412,000000,16.1659,16.1659,15.6632,15.8311,0,0
ULG_PE,D,20210413,000000,15.8311,16.0819,15.5793,15.9141,0,0
ULG_PE,D,20210414,000000,15.998,15.998,15.5793,15.8311,0,0
ULG_PE,D,20210415,000000,15.8311,15.9141,15.7472,15.8311,0,0
ULG_PE,D,20210416,000000,15.9141,15.998,15.8311,15.9141,0,0
ULG_PE,D,20210419,000000,15.8311,16.1659,15.7472,15.9141,0,0
ULG_PE,D,20210420,000000,16.5007,17.3382,3.9367,3.9367,0,0
ULG_PE,D,20210421,000000,3.9367,3.9367,3.85296,3.9367,0,0
ULG_PE,D,20210422,000000,3.9367,4.02044,3.9367,3.9367,0,0
ULG_PE,D,20210423,000000,3.9367,4.10428,3.9367,4.10428,0,0
ULG_PE,D,20210426,000000,4.18802,4.18802,4.02044,4.02044,0,0
ULG_PE,D,20210427,000000,4.02044,4.02044,3.9367,4.02044,0,0
ULG_PE,D,20210428,000000,4.18802,4.27176,4.10428,4.27176,0,0
ULG_PE,D,20210429,000000,4.27176,4.35551,4.18802,4.27176,0,0
ULG_PE,D,20210430,000000,4.27176,4.27176,4.18802,4.18802,0,0
ULG_PE,D,20210504,000000,4.18802,4.35551,4.18802,4.27176,0,0
ULG_PE,D,20210505,000000,4.27176,4.27176,4.18802,4.27176,0,0
ULG_PE,D,20210506,000000,4.27176,4.27176,4.10428,4.27176,0,0
ULG_PE,D,20210507,000000,4.27176,4.27176,4.18802,4.27176,0,0
ULG_PE,D,20210510,000000,4.27176,4.27176,4.27176,4.27176,0,0
ULG_PE,D,20210511,000000,4.18802,4.27176,4.18802,4.18802,0,0
ULG_PE,D,20210512,000000,4.27176,4.27176,4.18802,4.18802,0,0
ULG_PE,D,20210513,000000,4.10428,4.10428,3.9367,4.02044,0,0
ULG_PE,D,20210514,000000,4.02044,4.02044,3.76921,3.76921,0,0
ULG_PE,D,20210517,000000,3.76921,3.85296,3.76921,3.85296,0,0
ULG_PE,D,20210518,000000,3.9367,3.9367,3.85296,3.85296,0,0
ULG_PE,D,20210519,000000,3.85296,3.85296,3.76921,3.85296,0,0
ULG_PE,D,20210520,000000,3.85296,4.02044,3.85296,3.9367,0,0
ULG_PE,D,20210521,000000,3.9367,4.02044,3.9367,3.9367,0,0
ULG_PE,D,20210524,000000,3.9367,3.9367,3.85296,3.9367,0,0
ULG_PE,D,20210525,000000,3.9367,3.9367,3.85296,3.9367,0,0
ULG_PE,D,20210526,000000,3.9367,4.02044,3.85296,3.9367,0,0
ULG_PE,D,20210527,000000,4.02044,4.02044,3.85296,3.85296,0,0
ULG_PE,D,20210528,000000,3.9367,4.02044,3.85296,4.02044,0,0
ULG_PE,D,20210531,000000,4.02044,4.18802,3.9367,4.10428,0,0
ULG_PE,D,20210601,000000,4.10428,4.10428,4.02044,4.10428,0,0
ULG_PE,D,20210602,000000,4.10428,4.18802,4.10428,4.10428,0,0
ULG_PE,D,20210604,000000,4.10428,4.18802,4.10428,4.18802,0,0
ULG_PE,D,20210607,000000,4.18802,4.27176,4.18802,4.27176,0,0
ULG_PE,D,20210608,000000,4.27176,4.27176,4.10428,4.18802,0,0
ULG_PE,D,20210609,000000,4.28542,4.37471,4.28542,4.37471,0,0
ULG_PE,D,20210610,000000,4.73182,4.73182,4.28542,4.28542,0,0
ULG_PE,D,20210611,000000,4.28542,4.28542,4.10687,4.19615,0,0
ULG_PE,D,20210614,000000,4.10687,4.19615,4.10687,4.10687,0,0
ULG_PE,D,20210615,000000,4.10687,4.10687,4.01758,4.01758,0,0
ULG_PE,D,20210616,000000,4.10687,4.10687,3.92831,4.01758,0,0
ULG_PE,D,20210617,000000,4.01758,4.01758,3.92831,4.01758,0,0
ULG_PE,D,20210618,000000,4.01758,4.01758,3.92831,4.01758,0,0
ULG_PE,D,20210621,000000,4.01758,4.10687,3.92831,4.01758,0,0
ULG_PE,D,20210622,000000,4.01758,4.10687,4.01758,4.01758,0,0
ULG_PE,D,20210623,000000,4.10687,4.10687,4.01758,4.01758,0,0
ULG_PE,D,20210624,000000,4.01758,4.01758,3.92831,4.01758,0,0
ULG_PE,D,20210625,000000,4.01758,4.19615,3.92831,4.10687,0,0
ULG_PE,D,20210628,000000,4.10687,4.10687,4.01758,4.01758,0,0
ULG_PE,D,20210629,000000,4.10687,4.10687,3.92831,4.10687,0,0
ULG_PE,D,20210630,000000,4.10687,4.10687,4.01758,4.01758,0,0
ULG_PE,D,20210701,000000,4.10687,4.10687,3.92831,4.01758,0,0
ULG_PE,D,20210702,000000,4.01758,4.01758,4.01758,4.01758,0,0
ULG_PE,D,20210705,000000,4.01758,4.01758,3.92831,3.92831,0,0
ULG_PE,D,20210706,000000,4.01758,4.01758,3.92831,3.92831,0,0
ULG_PE,D,20210707,000000,4.01758,4.01758,3.92831,4.01758,0,0
ULG_PE,D,20210708,000000,4.01758,4.01758,3.92831,3.92831,0,0
ULG_PE,D,20210709,000000,3.92831,3.92831,3.83903,3.83903,0,0
ULG_PE,D,20210712,000000,3.83903,3.92831,3.83903,3.92831,0,0
ULG_PE,D,20210713,000000,3.92831,4.01758,3.83903,3.83903,0,0
ULG_PE,D,20210714,000000,3.92831,3.92831,3.83903,3.92831,0,0
ULG_PE,D,20210715,000000,3.92831,3.92831,3.83903,3.83903,0,0
ULG_PE,D,20210716,000000,3.83903,3.83903,3.83903,3.83903,0,0
ULG_PE,D,20210719,000000,3.83903,3.83903,3.66047,3.74975,0,0
ULG_PE,D,20210720,000000,3.74975,3.83903,3.66047,3.74975,0,0
ULG_PE,D,20210721,000000,3.74975,3.83903,3.74975,3.83903,0,0
ULG_PE,D,20210722,000000,3.92831,4.01758,3.92831,3.92831,0,0
ULG_PE,D,20210723,000000,3.92831,4.01758,3.92831,3.92831,0,0
ULG_PE,D,20210726,000000,4.01758,4.01758,3.83903,3.92831,0,0
ULG_PE,D,20210727,000000,3.92831,3.92831,3.83903,3.92831,0,0
ULG_PE,D,20210728,000000,3.92831,3.92831,3.83903,3.83903,0,0
ULG_PE,D,20210729,000000,3.92831,3.92831,3.83903,3.83903,0,0
ULG_PE,D,20210730,000000,3.74975,3.83903,3.74975,3.74975,0,0
ULG_PE,D,20210802,000000,3.83903,3.83903,3.74975,3.74975,0,0
ULG_PE,D,20210803,000000,3.74975,3.83903,3.74975,3.74975,0,0
ULG_PE,D,20210804,000000,3.74975,3.74975,3.74975,3.74975,0,0
ULG_PE,D,20210805,000000,3.74975,3.74975,3.74975,3.74975,0,0
ULG_PE,D,20210806,000000,3.74975,3.74975,3.74975,3.74975,0,0
ULG_PE,D,20210809,000000,3.74975,3.83903,3.66047,3.74975,0,0
ULG_PE,D,20210810,000000,3.74975,3.83903,3.74975,3.74975,0,0
ULG_PE,D,20210811,000000,3.74975,3.74975,3.66047,3.74975,0,0
ULG_PE,D,20210812,000000,3.74975,3.83903,3.74975,3.83903,0,0
ULG_PE,D,20210813,000000,3.83903,3.83903,3.74975,3.74975,0,0
ULG_PE,D,20210816,000000,3.74975,3.83903,3.74975,3.74975,0,0
ULG_PE,D,20210817,000000,3.83903,3.83903,3.74975,3.83903,0,0
ULG_PE,D,20210818,000000,3.74975,3.83903,3.74975,3.83903,0,0
ULG_PE,D,20210819,000000,3.92831,3.92831,3.74975,3.83903,0,0
ULG_PE,D,20210820,000000,3.83903,3.83903,3.74975,3.83903,0,0
ULG_PE,D,20210823,000000,3.74975,3.92831,3.74975,3.83903,0,0
ULG_PE,D,20210824,000000,3.83903,3.83903,3.74975,3.83903,0,0
ULG_PE,D,20210825,000000,3.92831,4.01758,3.83903,3.92831,0,0
ULG_PE,D,20210826,000000,3.92831,3.92831,3.83903,3.92831,0,0
ULG_PE,D,20210827,000000,4.01758,4.01758,3.92831,3.92831,0,0
ULG_PE,D,20210830,000000,3.92831,4.01758,3.83903,3.92831,0,0
ULG_PE,D,20210831,000000,3.92831,3.92831,3.83903,3.83903,0,0
ULG_PE,D,20210901,000000,3.83903,3.92831,3.83903,3.83903,0,0
ULG_PE,D,20210902,000000,3.92831,3.92831,3.83903,3.92831,0,0
ULG_PE,D,20210903,000000,3.92831,3.92831,3.83903,3.92831,0,0
ULG_PE,D,20210906,000000,4.01758,4.01758,3.92831,3.92831,0,0
ULG_PE,D,20210907,000000,4.01758,4.01758,3.92831,3.92831,0,0
ULG_PE,D,20210908,000000,3.92831,3.92831,3.83903,3.92831,0,0
ULG_PE,D,20210909,000000,3.92831,3.92831,3.83903,3.92831,0,0
ULG_PE,D,20210910,000000,3.92831,4.01758,3.92831,3.92831,0,0
ULG_PE,D,20210913,000000,3.92831,3.92831,3.83903,3.92831,0,0
ULG_PE,D,20210914,000000,3.92831,3.92831,3.83903,3.92831,0,0
ULG_PE,D,20210915,000000,3.92831,3.92831,3.92831,3.92831,0,0
ULG_PE,D,20210916,000000,3.92831,3.92831,3.92831,3.92831,0,0
ULG_PE,D,20210917,000000,3.92831,3.92831,3.83903,3.92831,0,0
ULG_PE,D,20210920,000000,3.92831,3.92831,3.74975,3.83903,0,0
ULG_PE,D,20210921,000000,3.83903,3.83903,3.74975,3.74975,0,0
ULG_PE,D,20210922,000000,3.74975,3.83903,3.74975,3.83903,0,0
ULG_PE,D,20210923,000000,3.83903,3.83903,3.74975,3.83903,0,0
ULG_PE,D,20210924,000000,3.83903,3.92831,3.74975,3.92831,0,0
ULG_PE,D,20210927,000000,4.01758,4.01758,3.92831,3.92831,0,0
ULG_PE,D,20210928,000000,3.92831,3.92831,3.83903,3.83903,0,0
ULG_PE,D,20210929,000000,3.83903,3.83903,3.74975,3.83903,0,0
ULG_PE,D,20210930,000000,3.92831,3.92831,3.83903,3.83903,0,0
ULG_PE,D,20211001,000000,3.83903,3.92831,3.83903,3.83903,0,0
ULG_PE,D,20211004,000000,3.83903,3.83903,3.74975,3.74975,0,0
ULG_PE,D,20211005,000000,3.74975,3.83903,3.66047,3.83903,0,0
ULG_PE,D,20211006,000000,3.74975,3.74975,3.74975,3.74975,0,0
ULG_PE,D,20211007,000000,3.74975,3.74975,3.66047,3.74975,0,0
ULG_PE,D,20211008,000000,3.74975,3.74975,3.66047,3.74975,0,0
ULG_PE,D,20211011,000000,3.74975,3.74975,3.66047,3.74975,0,0
ULG_PE,D,20211012,000000,3.74975,3.74975,3.66047,3.74975,0,0
ULG_PE,D,20211013,000000,3.74975,3.74975,3.74975,3.74975,0,0
ULG_PE,D,20211014,000000,3.74975,3.74975,3.66047,3.66047,0,0
ULG_PE,D,20211015,000000,3.66047,3.66047,3.66047,3.66047,0,0
ULG_PE,D,20211018,000000,3.66047,3.66047,3.57118,3.66047,0,0
ULG_PE,D,20211019,000000,3.66047,3.66047,3.57118,3.66047,0,0
ULG_PE,D,20211020,000000,3.66047,3.66047,3.57118,3.66047,0,0
ULG_PE,D,20211021,000000,3.66047,3.66047,3.48191,3.57118,0,0
ULG_PE,D,20211022,000000,3.48191,3.66047,3.48191,3.57118,0,0
ULG_PE,D,20211025,000000,3.57118,3.57118,3.39263,3.48191,0,0
ULG_PE,D,20211026,000000,3.48191,3.57118,3.39263,3.39263,0,0
ULG_PE,D,20211027,000000,3.39263,3.48191,3.30335,3.48191,0,0
ULG_PE,D,20211028,000000,3.48191,3.57118,3.48191,3.57118,0,0
ULG_PE,D,20211029,000000,3.57118,3.57118,3.48191,3.48191,0,0
ULG_PE,D,20211102,000000,3.48191,3.48191,3.39263,3.39263,0,0
ULG_PE,D,20211103,000000,3.39263,3.48191,3.39263,3.48191,0,0
ULG_PE,D,20211104,000000,3.57118,3.57118,3.48191,3.48191,0,0
ULG_PE,D,20211105,000000,3.57118,3.57118,3.48191,3.57118,0,0
ULG_PE,D,20211108,000000,3.57118,3.57118,3.39263,3.39263,0,0
ULG_PE,D,20211109,000000,3.39263,3.48191,3.30335,3.48191,0,0
ULG_PE,D,20211110,000000,3.48191,3.48191,3.30335,3.39263,0,0
ULG_PE,D,20211112,000000,3.39263,3.48191,3.30335,3.48191,0,0
ULG_PE,D,20211115,000000,3.48191,3.48191,3.30335,3.48191,0,0
ULG_PE,D,20211116,000000,3.48191,3.66047,3.48191,3.57118,0,0
ULG_PE,D,20211117,000000,3.57118,3.57118,3.48191,3.57118,0,0
ULG_PE,D,20211118,000000,3.57118,3.57118,3.39263,3.57118,0,0
ULG_PE,D,20211119,000000,3.57118,3.57118,3.48191,3.57118,0,0
ULG_PE,D,20211122,000000,3.57118,3.57118,3.48191,3.48191,0,0
ULG_PE,D,20211123,000000,3.57118,3.57118,3.39263,3.57118,0,0
ULG_PE,D,20211124,000000,3.48191,3.48191,3.39263,3.48191,0,0
ULG_PE,D,20211125,000000,3.48191,3.57118,3.48191,3.48191,0,0
ULG_PE,D,20211126,000000,3.48191,3.48191,3.30335,3.39263,0,0
ULG_PE,D,20211129,000000,3.30335,3.39263,3.21407,3.30335,0,0
ULG_PE,D,20211130,000000,3.39263,3.39263,3.21407,3.30335,0,0
ULG_PE,D,20211201,000000,3.39263,3.39263,3.21407,3.21407,0,0
ULG_PE,D,20211202,000000,3.21407,3.48191,3.21407,3.48191,0,0
ULG_PE,D,20211203,000000,3.57118,3.57118,3.48191,3.48191,0,0
ULG_PE,D,20211206,000000,3.48191,3.57118,3.48191,3.57118,0,0
ULG_PE,D,20211207,000000,3.57118,3.66047,3.57118,3.66047,0,0
ULG_PE,D,20211208,000000,3.66047,3.83903,3.66047,3.66047,0,0
ULG_PE,D,20211209,000000,3.66047,3.66047,3.48191,3.57118,0,0
ULG_PE,D,20211210,000000,3.57118,3.57118,3.48191,3.48191,0,0
ULG_PE,D,20211213,000000,3.66047,3.66047,3.57118,3.57118,0,0
ULG_PE,D,20211214,000000,3.57118,3.57118,3.48191,3.48191,0,0
ULG_PE,D,20211215,000000,3.48191,3.48191,3.48191,3.48191,0,0
ULG_PE,D,20211216,000000,3.57118,3.57118,3.39263,3.48191,0,0
ULG_PE,D,20211217,000000,3.39263,3.48191,3.30335,3.39263,0,0
ULG_PE,D,20211220,000000,3.39263,3.39263,3.21407,3.21407,0,0
ULG_PE,D,20211221,000000,3.21407,3.30335,3.21407,3.30335,0,0
ULG_PE,D,20211222,000000,3.30335,3.39263,3.21407,3.30335,0,0
ULG_PE,D,20211223,000000,3.30335,3.39263,3.30335,3.39263,0,0
ULG_PE,D,20211227,000000,3.39263,3.39263,3.21407,3.30335,0,0
ULG_PE,D,20211228,000000,3.30335,3.39263,3.21407,3.39263,0,0
ULG_PE,D,20211229,000000,3.39263,3.66047,3.39263,3.57118,0,0
ULG_PE,D,20211230,000000,3.57118,3.57118,3.48191,3.57118,0,0
ULG_PE,D,20220103,000000,3.57118,3.57118,3.30335,3.57118,0,0
ULG_PE,D,20220104,000000,3.57118,3.57118,3.57118,3.57118,0,0
ULG_PE,D,20220105,000000,3.57118,3.57118,3.57118,3.57118,0,0
ULG_PE,D,20220107,000000,3.57118,3.57118,3.57118,3.57118,0,0
ULG_PE,D,20220110,000000,3.57118,3.57118,3.57118,3.57118,0,0
ULG_PE,D,20220111,000000,3.66047,3.66047,3.48191,3.57118,0,0
ULG_PE,D,20220112,000000,3.57118,3.57118,3.48191,3.48191,0,0
ULG_PE,D,20220113,000000,3.48191,3.57118,3.48191,3.57118,0,0
ULG_PE,D,20220114,000000,3.57118,3.57118,3.57118,3.57118,0,0
ULG_PE,D,20220117,000000,3.57118,3.57118,3.48191,3.48191,0,0
ULG_PE,D,20220118,000000,3.48191,3.48191,3.39263,3.48191,0,0
ULG_PE,D,20220119,000000,3.48191,3.48191,3.39263,3.39263,0,0
ULG_PE,D,20220120,000000,3.39263,3.39263,3.30335,3.30335,0,0
ULG_PE,D,20220121,000000,3.30335,3.30335,3.21407,3.21407,0,0
ULG_PE,D,20220124,000000,3.21407,3.21407,2.94623,3.12479,0,0
ULG_PE,D,20220125,000000,3.21407,3.30335,3.12479,3.21407,0,0
ULG_PE,D,20220126,000000,3.21407,3.30335,3.12479,3.30335,0,0
ULG_PE,D,20220127,000000,3.30335,3.30335,3.12479,3.12479,0,0
ULG_PE,D,20220128,000000,3.21407,3.21407,3.12479,3.12479,0,0
ULG_PE,D,20220131,000000,3.30335,3.30335,3.12479,3.30335,0,0
ULG_PE,D,20220201,000000,3.30335,3.30335,3.21407,3.30335,0,0
ULG_PE,D,20220202,000000,3.30335,3.39263,3.30335,3.39263,0,0
ULG_PE,D,20220203,000000,3.48191,3.48191,3.30335,3.39263,0,0
ULG_PE,D,20220204,000000,3.39263,3.39263,3.39263,3.39263,0,0
ULG_PE,D,20220207,000000,3.39263,3.48191,3.30335,3.39263,0,0
ULG_PE,D,20220208,000000,3.48191,3.48191,3.30335,3.39263,0,0
ULG_PE,D,20220209,000000,3.39263,3.39263,3.30335,3.30335,0,0
ULG_PE,D,20220210,000000,3.39263,3.39263,3.30335,3.30335,0,0
ULG_PE,D,20220211,000000,3.39263,3.39263,3.30335,3.30335,0,0
ULG_PE,D,20220214,000000,3.30335,3.30335,3.12479,3.21407,0,0
ULG_PE,D,20220215,000000,3.21407,3.30335,3.21407,3.30335,0,0
ULG_PE,D,20220216,000000,3.39263,3.39263,3.30335,3.39263,0,0
ULG_PE,D,20220217,000000,3.39263,3.39263,3.12479,3.12479,0,0
ULG_PE,D,20220218,000000,3.12479,3.30335,3.03551,3.03551,0,0
ULG_PE,D,20220221,000000,3.21407,3.21407,2.85695,3.12479,0,0
ULG_PE,D,20220222,000000,2.94623,3.21407,2.94623,3.21407,0,0
ULG_PE,D,20220223,000000,3.21407,3.39263,3.03551,3.21407,0,0
ULG_PE,D,20220224,000000,2.94623,3.03551,2.67839,2.94623,0,0
ULG_PE,D,20220225,000000,2.94623,3.12479,2.94623,3.03551,0,0
ULG_PE,D,20220228,000000,3.03551,3.21407,3.03551,3.03551,0,0
ULG_PE,D,20220301,000000,3.12479,3.12479,2.94623,2.94623,0,0
ULG_PE,D,20220302,000000,2.94623,2.94623,2.76767,2.94623,0,0
ULG_PE,D,20220303,000000,2.85695,2.94623,2.85695,2.85695,0,0
ULG_PE,D,20220304,000000,2.85695,2.85695,2.76767,2.85695,0,0
ULG_PE,D,20220307,000000,2.85695,2.85695,2.76767,2.76767,0,0
ULG_PE,D,20220308,000000,2.85695,2.85695,2.76767,2.85695,0,0
ULG_PE,D,20220309,000000,2.85695,2.94623,2.85695,2.94623,0,0
ULG_PE,D,20220310,000000,2.94623,3.12479,2.94623,2.94623,0,0
ULG_PE,D,20220311,000000,2.94623,3.03551,2.94623,3.03551,0,0
ULG_PE,D,20220314,000000,3.03551,3.03551,2.94623,2.94623,0,0
ULG_PE,D,20220315,000000,2.94623,2.94623,2.85695,2.85695,0,0
ULG_PE,D,20220316,000000,2.85695,2.94623,2.85695,2.94623,0,0
ULG_PE,D,20220317,000000,2.94623,2.94623,2.85695,2.94623,0,0
ULG_PE,D,20220318,000000,2.94623,3.03551,2.94623,3.03551,0,0
ULG_PE,D,20220321,000000,3.03551,3.12479,3.03551,3.03551,0,0
ULG_PE,D,20220322,000000,3.03551,3.12479,2.94623,3.03551,0,0
ULG_PE,D,20220323,000000,3.12479,3.12479,2.94623,3.03551,0,0
ULG_PE,D,20220324,000000,2.94623,3.12479,2.94623,3.12479,0,0
ULG_PE,D,20220325,000000,3.12479,3.12479,3.12479,3.12479,0,0
ULG_PE,D,20220328,000000,3.12479,3.21407,3.12479,3.12479,0,0
ULG_PE,D,20220329,000000,3.12479,3.30335,3.12479,3.30335,0,0
ULG_PE,D,20220330,000000,3.30335,3.30335,3.21407,3.21407,0,0
ULG_PE,D,20220331,000000,3.39263,3.39263,3.30335,3.39263,0,0
ULG_PE,D,20220401,000000,3.39263,3.39263,3.30335,3.30335,0,0
ULG_PE,D,20220404,000000,3.30335,3.30335,3.21407,3.30335,0,0
ULG_PE,D,20220405,000000,3.30335,3.30335,3.30335,3.30335,0,0
ULG_PE,D,20220406,000000,3.30335,3.30335,3.12479,3.21407,0,0
ULG_PE,D,20220407,000000,3.21407,3.21407,3.21407,3.21407,0,0
ULG_PE,D,20220408,000000,3.12479,3.21407,3.12479,3.21407,0,0
ULG_PE,D,20220411,000000,3.21407,3.21407,3.03551,3.12479,0,0
ULG_PE,D,20220412,000000,3.03551,3.12479,3.03551,3.12479,0,0
ULG_PE,D,20220413,000000,3.12479,3.12479,3.03551,3.03551,0,0
ULG_PE,D,20220414,000000,3.03551,3.03551,3.03551,3.03551,0,0
ULG_PE,D,20220419,000000,3.03551,3.03551,3.03551,3.03551,0,0
ULG_PE,D,20220420,000000,3.03551,3.03551,2.94623,3.03551,0,0
ULG_PE,D,20220421,000000,3.03551,3.21407,3.03551,3.12479,0,0
ULG_PE,D,20220422,000000,3.12479,3.12479,3.03551,3.03551,0,0
ULG_PE,D,20220425,000000,2.94623,3.03551,2.85695,3.03551,0,0
ULG_PE,D,20220426,000000,3.03551,3.03551,2.94623,3.03551,0,0
ULG_PE,D,20220427,000000,3.03551,3.03551,2.94623,2.94623,0,0
ULG_PE,D,20220428,000000,2.94623,2.94623,2.85695,2.94623,0,0
ULG_PE,D,20220429,000000,2.94623,2.94623,2.94623,2.94623,0,0
ULG_PE,D,20220502,000000,3.03551,3.03551,2.85695,2.94623,0,0
ULG_PE,D,20220504,000000,2.94623,3.12479,2.94623,3.03551,0,0
ULG_PE,D,20220505,000000,3.03551,3.03551,2.94623,3.03551,0,0
ULG_PE,D,20220506,000000,3.03551,3.03551,2.85695,2.94623,0,0
ULG_PE,D,20220509,000000,2.94623,2.94623,2.85695,2.94623,0,0
ULG_PE,D,20220510,000000,2.94623,2.94623,2.85695,2.94623,0,0
ULG_PE,D,20220511,000000,2.94623,3.03551,2.94623,3.03551,0,0
ULG_PE,D,20220512,000000,3.03551,3.03551,2.94623,2.94623,0,0
ULG_PE,D,20220513,000000,2.94623,15.8025,2.94623,15.8025,0,0
ULG_PE,D,20220516,000000,15.8917,15.8917,14.999,15.5346,0,0
ULG_PE,D,20220517,000000,15.7132,15.7132,15.0883,15.5346,0,0
ULG_PE,D,20220518,000000,15.5346,16.8738,14.9098,16.8738,0,0
ULG_PE,D,20220519,000000,16.9632,16.9632,16.2489,16.4275,0,0
ULG_PE,D,20220520,000000,16.4275,16.9632,16.4275,16.6953,0,0
ULG_PE,D,20220523,000000,17.1417,17.1417,16.2489,16.3382,0,0
ULG_PE,D,20220524,000000,16.7846,16.7846,16.3382,16.7846,0,0
ULG_PE,D,20220525,000000,16.7846,16.7846,16.3382,16.6061,0,0
ULG_PE,D,20220526,000000,16.7846,16.7846,16.3382,16.7846,0,0
ULG_PE,D,20220527,000000,16.7846,17.0524,16.4275,17.0524,0,0
ULG_PE,D,20220530,000000,17.0524,17.2309,16.8738,17.2309,0,0
ULG_PE,D,20220531,000000,17.2309,17.2309,16.6061,16.8738,0,0
ULG_PE,D,20220601,000000,17.1417,17.1417,16.5167,17.0524,0,0
ULG_PE,D,20220602,000000,17.0524,17.0524,16.7846,16.7846,0,0
ULG_PE,D,20220603,000000,17.0524,17.2309,16.6061,17.0524,0,0
ULG_PE,D,20220606,000000,16.8738,17.4988,16.8738,17.2309,0,0
ULG_PE,D,20220607,000000,17.5881,17.5881,17.2309,17.3203,0,0
ULG_PE,D,20220608,000000,17.3203,17.3203,16.8738,16.8738,0,0
ULG_PE,D,20220609,000000,16.8738,16.9632,16.7846,16.9632,0,0
ULG_PE,D,20220610,000000,17.0524,17.0524,16.5167,16.8738,0,0
ULG_PE,D,20220613,000000,16.8738,16.8738,15.8917,16.6953,0,0
ULG_PE,D,20220614,000000,16.8446,19.0584,16.8446,16.9408,0,0
ULG_PE,D,20220615,000000,17.3258,17.3258,15.9783,16.267,0,0
ULG_PE,D,20220617,000000,16.267,16.3633,15.882,16.267,0,0
ULG_PE,D,20220620,000000,15.882,16.3633,15.6895,15.6895,0,0
ULG_PE,D,20220621,000000,16.0745,16.0745,14.9195,15.7858,0,0
ULG_PE,D,20220622,000000,15.9783,15.9783,15.112,15.4007,0,0
ULG_PE,D,20220623,000000,15.7858,15.7858,15.4007,15.4007,0,0
ULG_PE,D,20220624,000000,15.4007,15.5933,15.4007,15.497,0,0
ULG_PE,D,20220627,000000,15.6895,16.4596,15.6895,16.3633,0,0
ULG_PE,D,20220628,000000,16.4596,17.1333,15.9783,16.9408,0,0
ULG_PE,D,20220629,000000,16.9408,16.9408,16.6521,16.7483,0,0
ULG_PE,D,20220630,000000,16.7483,16.7483,16.0745,16.4596,0,0
ULG_PE,D,20220701,000000,16.7483,16.7483,16.0745,16.4596,0,0
ULG_PE,D,20220704,000000,16.4596,16.4596,15.6895,15.6895,0,0
ULG_PE,D,20220705,000000,15.6895,16.0745,15.3045,15.4007,0,0
ULG_PE,D,20220706,000000,15.4007,15.4007,15.2082,15.4007,0,0
ULG_PE,D,20220707,000000,15.4007,15.6895,15.4007,15.5933,0,0
ULG_PE,D,20220708,000000,15.5933,15.7858,15.5933,15.5933,0,0
ULG_PE,D,20220711,000000,15.882,15.882,15.4007,15.497,0,0
ULG_PE,D,20220712,000000,15.7858,15.7858,15.4007,15.5933,0,0
ULG_PE,D,20220713,000000,15.5933,15.5933,15.0157,15.4007,0,0
ULG_PE,D,20220714,000000,15.0157,15.3045,14.9195,15.2082,0,0
ULG_PE,D,20220715,000000,15.112,15.2082,15.112,15.2082,0,0
ULG_PE,D,20220718,000000,15.3045,15.3045,14.8232,15.2082,0,0
ULG_PE,D,20220719,000000,15.2082,15.2082,14.9195,15.2082,0,0
ULG_PE,D,20220720,000000,15.2082,15.2082,14.8232,15.112,0,0
ULG_PE,D,20220721,000000,15.112,15.5933,14.9195,15.5933,0,0
ULG_PE,D,20220722,000000,15.5933,15.9783,15.497,15.9783,0,0
ULG_PE,D,20220725,000000,15.9783,16.4596,15.882,16.267,0,0
ULG_PE,D,20220726,000000,16.3633,16.3633,16.267,16.267,0,0
ULG_PE,D,20220727,000000,16.267,16.267,15.6895,15.9783,0,0
ULG_PE,D,20220728,000000,15.9783,15.9783,15.882,15.882,0,0
ULG_PE,D,20220729,000000,15.9783,15.9783,15.2082,15.882,0,0
ULG_PE,D,20220801,000000,15.882,15.882,15.882,15.882,0,0
ULG_PE,D,20220802,000000,15.882,15.882,15.2082,15.7858,0,0
ULG_PE,D,20220803,000000,15.7858,16.267,15.5933,15.7858,0,0
ULG_PE,D,20220804,000000,16.267,16.267,16.0745,16.267,0,0
ULG_PE,D,20220805,000000,16.4596,16.4596,15.7858,16.4596,0,0
ULG_PE,D,20220808,000000,16.4596,16.4596,15.7858,15.7858,0,0
ULG_PE,D,20220809,000000,15.7858,16.3633,15.7858,15.9783,0,0
ULG_PE,D,20220810,000000,15.9783,15.9783,15.7858,15.882,0,0
ULG_PE,D,20220811,000000,15.882,15.9783,15.7858,15.882,0,0
ULG_PE,D,20220812,000000,15.9783,15.9783,15.7858,15.9783,0,0
ULG_PE,D,20220816,000000,15.9783,15.9783,15.7858,15.9783,0,0
ULG_PE,D,20220817,000000,15.9783,15.9783,15.6895,15.882,0,0
ULG_PE,D,20220818,000000,15.882,15.882,15.497,15.7858,0,0
ULG_PE,D,20220819,000000,15.7858,15.7858,15.497,15.497,0,0
ULG_PE,D,20220822,000000,15.5933,15.7858,15.497,15.6895,0,0
ULG_PE,D,20220823,000000,15.497,15.7858,15.497,15.7858,0,0
ULG_PE,D,20220824,000000,15.7858,15.7858,15.7858,15.7858,0,0
ULG_PE,D,20220825,000000,15.7858,15.7858,15.5933,15.7858,0,0
ULG_PE,D,20220826,000000,15.7858,17.2296,15.7858,16.8446,0,0
ULG_PE,D,20220829,000000,16.8446,16.8446,15.9783,16.3633,0,0
ULG_PE,D,20220830,000000,16.3633,16.5558,15.6895,16.4596,0,0
ULG_PE,D,20220831,000000,16.5558,16.5558,16.0745,16.4596,0,0
ULG_PE,D,20220901,000000,16.4596,16.4596,15.6895,15.9783,0,0
ULG_PE,D,20220902,000000,16.0745,16.0745,15.4007,15.5933,0,0
ULG_PE,D,20220905,000000,16.3633,16.3633,15.497,15.5933,0,0
ULG_PE,D,20220906,000000,15.5933,15.882,15.5933,15.6895,0,0
ULG_PE,D,20220907,000000,15.6895,15.6895,15.4007,15.5933,0,0
ULG_PE,D,20220908,000000,15.497,15.5933,15.497,15.5933,0,0
ULG_PE,D,20220909,000000,15.5933,15.5933,15.497,15.5933,0,0
ULG_PE,D,20220912,000000,16.4596,16.4596,15.882,16.0745,0,0
ULG_PE,D,20220913,000000,16.0745,16.0745,15.5933,15.6895,0,0
ULG_PE,D,20220914,000000,15.5933,15.5933,15.112,15.4007,0,0
ULG_PE,D,20220915,000000,15.882,15.882,15.3045,15.5933,0,0
ULG_PE,D,20220916,000000,15.6895,15.6895,14.727,15.112,0,0
ULG_PE,D,20220919,000000,15.112,17.4221,14.9195,17.4221,0,0
ULG_PE,D,20220920,000000,17.4221,17.7109,16.9408,16.9408,0,0
ULG_PE,D,20220921,000000,17.8071,17.8071,17.0371,17.3258,0,0
ULG_PE,D,20220922,000000,17.6146,17.6146,17.0371,17.3258,0,0
ULG_PE,D,20220923,000000,17.1333,17.1333,16.6521,17.0371,0,0
ULG_PE,D,20220926,000000,16.9408,16.9408,16.3633,16.7483,0,0
ULG_PE,D,20220927,000000,17.1333,17.3258,16.5558,17.0371,0,0
ULG_PE,D,20220928,000000,17.0371,17.0371,16.3633,17.0371,0,0
ULG_PE,D,20220929,000000,17.0371,17.3258,16.3633,16.9408,0,0
ULG_PE,D,20220930,000000,17.0371,17.0371,16.4596,16.4596,0,0
ULG_PE,D,20221003,000000,16.4596,16.8446,16.1708,16.5558,0,0
ULG_PE,D,20221004,000000,16.5558,16.5558,16.1708,16.4596,0,0
ULG_PE,D,20221005,000000,16.4596,17.0371,16.1708,17.0371,0,0
ULG_PE,D,20221006,000000,17.0371,17.1333,16.1708,17.1333,0,0
ULG_PE,D,20221007,000000,17.1333,17.2296,17.1333,17.1333,0,0
ULG_PE,D,20221010,000000,17.3258,17.3258,16.7483,16.7483,0,0
ULG_PE,D,20221011,000000,16.7483,16.7483,15.7858,16.3633,0,0
ULG_PE,D,20221012,000000,16.1708,16.5558,15.9783,16.267,0,0
ULG_PE,D,20221013,000000,16.267,16.267,15.9783,15.9783,0,0
ULG_PE,D,20221014,000000,16.1708,16.267,15.7858,15.882,0,0
ULG_PE,D,20221017,000000,15.882,16.0745,15.882,15.882,0,0
ULG_PE,D,20221018,000000,16.1708,16.6521,15.9783,16.6521,0,0
ULG_PE,D,20221019,000000,16.6521,16.6521,16.1708,16.1708,0,0
ULG_PE,D,20221020,000000,16.1708,16.5558,15.2082,16.1708,0,0
ULG_PE,D,20221021,000000,16.1708,16.267,15.882,16.267,0,0
ULG_PE,D,20221024,000000,16.267,16.267,15.9783,16.267,0,0
ULG_PE,D,20221025,000000,16.4596,16.4596,15.3045,15.7858,0,0
ULG_PE,D,20221026,000000,15.7858,15.882,15.5933,15.882,0,0
ULG_PE,D,20221027,000000,15.882,15.882,15.5933,15.882,0,0
ULG_PE,D,20221028,000000,15.882,15.882,15.7858,15.882,0,0
ULG_PE,D,20221031,000000,15.882,16.4596,15.6895,16.3633,0,0
ULG_PE,D,20221102,000000,16.3633,16.3633,15.9783,16.3633,0,0
ULG_PE,D,20221103,000000,16.3633,17.0371,15.9783,16.9408,0,0
ULG_PE,D,20221104,000000,16.9408,17.2296,16.9408,17.1333,0,0
ULG_PE,D,20221107,000000,17.1333,17.1333,16.7483,16.7483,0,0
ULG_PE,D,20221108,000000,16.8446,16.9408,16.1708,16.7483,0,0
ULG_PE,D,20221109,000000,16.7483,16.7483,16.5558,16.6521,0,0
ULG_PE,D,20221110,000000,16.6521,16.6521,16.1708,16.4596,0,0
ULG_PE,D,20221114,000000,16.4596,17.0371,16.4596,16.7483,0,0
ULG_PE,D,20221115,000000,17.0371,17.0371,16.5558,16.8446,0,0
ULG_PE,D,20221116,000000,16.8446,16.8446,15.0157,15.0157,0,0
ULG_PE,D,20221117,000000,15.0157,15.0157,14.3419,14.727,0,0
ULG_PE,D,20221118,000000,14.727,14.727,14.5345,14.727,0,0
ULG_PE,D,20221121,000000,14.727,14.727,14.5345,14.6307,0,0
ULG_PE,D,20221122,000000,14.6307,14.727,14.4382,14.727,0,0
ULG_PE,D,20221123,000000,14.6307,14.727,14.2457,14.5345,0,0
ULG_PE,D,20221124,000000,14.4382,15.112,14.3419,15.112,0,0
ULG_PE,D,20221125,000000,15.112,15.112,14.8232,15.112,0,0
ULG_PE,D,20221128,000000,15.112,15.112,14.5345,15.0157,0,0
ULG_PE,D,20221129,000000,15.0157,15.5933,14.727,15.4007,0,0
ULG_PE,D,20221130,000000,15.4007,15.5933,15.4007,15.5933,0,0
ULG_PE,D,20221201,000000,15.6895,15.6895,15.497,15.5933,0,0
ULG_PE,D,20221202,000000,15.6895,15.6895,15.0157,15.4007,0,0
ULG_PE,D,20221205,000000,15.4007,16.0745,14.8232,15.2082,0,0
ULG_PE,D,20221206,000000,15.2082,15.3045,14.9195,15.3045,0,0
ULG_PE,D,20221207,000000,15.3045,15.3045,14.727,15.112,0,0
ULG_PE,D,20221208,000000,15.112,15.3045,14.8232,15.112,0,0
ULG_PE,D,20221209,000000,15.112,15.112,14.727,15.0157,0,0
ULG_PE,D,20221212,000000,15.0157,15.0157,14.4382,14.5345,0,0
ULG_PE,D,20221213,000000,14.727,14.727,14.2457,14.727,0,0
ULG_PE,D,20221214,000000,14.6307,14.6307,13.9569,14.3419,0,0
ULG_PE,D,20221215,000000,14.3419,14.4382,14.0532,14.4382,0,0
ULG_PE,D,20221216,000000,14.1494,14.1494,13.8607,14.1494,0,0
ULG_PE,D,20221219,000000,14.2457,14.2457,14.1494,14.1494,0,0
ULG_PE,D,20221220,000000,14.1494,14.2457,13.9569,14.1494,0,0
ULG_PE,D,20221221,000000,14.1494,14.1494,13.8607,13.9569,0,0
ULG_PE,D,20221222,000000,14.1494,14.1494,13.8607,14.0532,0,0
ULG_PE,D,20221223,000000,13.9569,13.9569,13.8607,13.9569,0,0
ULG_PE,D,20221227,000000,13.8607,13.9569,13.5719,13.8607,0,0
ULG_PE,D,20221228,000000,13.5719,14.0532,13.5719,13.7644,0,0
ULG_PE,D,20221229,000000,13.8607,13.9569,13.7644,13.9569,0,0
ULG_PE,D,20221230,000000,13.9569,13.9569,13.5719,13.7644,0,0
ULG_PE,D,20230102,000000,13.7644,13.9569,13.5719,13.9569,0,0
ULG_PE,D,20230103,000000,13.9569,13.9569,13.8607,13.9569,0,0
ULG_PE,D,20230104,000000,13.9569,13.9569,13.6682,13.9569,0,0
ULG_PE,D,20230105,000000,13.8607,13.9569,13.6682,13.8607,0,0
ULG_PE,D,20230109,000000,13.8607,14.0532,13.8607,13.9569,0,0
ULG_PE,D,20230110,000000,13.9569,14.1494,13.8607,14.1494,0,0
ULG_PE,D,20230111,000000,14.5345,15.3045,14.5345,15.0157,0,0
ULG_PE,D,20230112,000000,15.0157,15.0157,14.4382,15.0157,0,0
ULG_PE,D,20230113,000000,15.0157,15.3045,14.6307,15.2082,0,0
ULG_PE,D,20230116,000000,14.9195,15.112,14.9195,15.112,0,0
ULG_PE,D,20230117,000000,15.112,15.112,14.727,15.0157,0,0
ULG_PE,D,20230118,000000,15.0157,15.0157,14.727,15.0157,0,0
ULG_PE,D,20230119,000000,15.0157,15.0157,14.8232,14.9195,0,0
ULG_PE,D,20230120,000000,14.9195,15.497,14.9195,15.497,0,0
ULG_PE,D,20230123,000000,15.497,15.497,14.6307,15.112,0,0
ULG_PE,D,20230124,000000,14.9195,15.3045,14.727,15.3045,0,0
ULG_PE,D,20230125,000000,15.4007,15.4007,14.6307,15.112,0,0
ULG_PE,D,20230126,000000,15.112,15.112,14.5345,15.112,0,0
ULG_PE,D,20230127,000000,15.2082,15.2082,15.112,15.112,0,0
ULG_PE,D,20230130,000000,15.112,15.112,14.8232,14.8232,0,0
ULG_PE,D,20230131,000000,14.8232,15.0157,14.8232,15.0157,0,0
ULG_PE,D,20230201,000000,15.0157,15.5933,15.0157,15.497,0,0
ULG_PE,D,20230202,000000,15.497,15.497,15.112,15.4007,0,0
ULG_PE,D,20230203,000000,15.3045,15.4007,14.9195,15.0157,0,0
ULG_PE,D,20230206,000000,15.4007,15.497,15.2082,15.497,0,0
ULG_PE,D,20230207,000000,15.497,15.497,15.2082,15.497,0,0
ULG_PE,D,20230208,000000,15.497,15.497,15.112,15.497,0,0
ULG_PE,D,20230209,000000,15.497,15.6895,15.2082,15.5933,0,0
ULG_PE,D,20230210,000000,15.5933,15.5933,15.3045,15.497,0,0
ULG_PE,D,20230213,000000,15.5933,15.5933,15.112,15.497,0,0
ULG_PE,D,20230214,000000,15.497,15.6895,15.0157,15.5933,0,0
ULG_PE,D,20230215,000000,15.5933,15.5933,15.112,15.497,0,0
ULG_PE,D,20230216,000000,15.497,15.497,15.3045,15.497,0,0
ULG_PE,D,20230217,000000,15.497,15.497,15.112,15.3045,0,0
ULG_PE,D,20230220,000000,15.497,15.497,15.112,15.3045,0,0
ULG_PE,D,20230221,000000,15.497,15.497,15.112,15.3045,0,0
ULG_PE,D,20230222,000000,15.3045,15.3045,14.9195,15.112,0,0
ULG_PE,D,20230223,000000,15.112,15.112,14.727,14.9195,0,0
ULG_PE,D,20230224,000000,15.2082,15.2082,14.9195,15.112,0,0
ULG_PE,D,20230227,000000,15.112,15.112,14.9195,15.0157,0,0
ULG_PE,D,20230228,000000,15.112,15.112,15.0157,15.112,0,0
ULG_PE,D,20230301,000000,15.112,15.112,14.8232,15.0157,0,0
ULG_PE,D,20230302,000000,15.0157,15.0157,14.6307,15.0157,0,0
ULG_PE,D,20230303,000000,15.0157,15.4007,14.8232,15.112,0,0
ULG_PE,D,20230306,000000,14.9195,15.112,14.727,15.112,0,0
ULG_PE,D,20230307,000000,14.8232,15.0157,14.6307,14.8232,0,0
ULG_PE,D,20230308,000000,15.112,15.112,14.9195,14.9195,0,0
ULG_PE,D,20230309,000000,15.0157,15.0157,14.727,14.727,0,0
ULG_PE,D,20230310,000000,14.9195,14.9195,14.4382,14.8232,0,0
ULG_PE,D,20230313,000000,14.8232,14.8232,14.5345,14.727,0,0
ULG_PE,D,20230314,000000,14.8232,14.8232,14.3419,14.4382,0,0
ULG_PE,D,20230315,000000,14.4382,14.5345,13.9569,14.4382,0,0
ULG_PE,D,20230316,000000,14.3419,14.3419,14.0532,14.1494,0,0
ULG_PE,D,20230317,000000,14.1494,14.4382,14.0532,14.1494,0,0
ULG_PE,D,20230320,000000,14.0532,15.2082,14.0532,15.112,0,0
ULG_PE,D,20230321,000000,15.112,15.3045,14.0532,14.5345,0,0
ULG_PE,D,20230322,000000,14.2457,14.727,14.2457,14.6307,0,0
ULG_PE,D,20230323,000000,14.6307,14.6307,14.0532,14.2457,0,0
ULG_PE,D,20230324,000000,14.2457,14.3419,13.7644,14.0532,0,0
ULG_PE,D,20230327,000000,13.7644,14.1494,13.5719,13.7644,0,0
ULG_PE,D,20230328,000000,13.7644,14.2457,13.6682,14.0532,0,0
ULG_PE,D,20230329,000000,13.7644,13.7644,12.8019,12.8981,0,0
ULG_PE,D,20230330,000000,12.7056,13.1869,12.7056,12.8981,0,0
ULG_PE,D,20230331,000000,12.8981,13.1869,12.7056,13.1869,0,0
ULG_PE,D,20230403,000000,13.1869,13.3794,12.9944,12.9944,0,0
ULG_PE,D,20230404,000000,13.2831,13.2831,12.9944,13.1869,0,0
ULG_PE,D,20230405,000000,13.3794,13.3794,12.8019,13.1869,0,0
ULG_PE,D,20230406,000000,13.2831,13.2831,12.8019,12.8019,0,0
ULG_PE,D,20230411,000000,12.8981,13.2831,12.5131,13.2831,0,0
ULG_PE,D,20230412,000000,13.2831,13.2831,12.8019,12.8019,0,0
ULG_PE,D,20230413,000000,12.8981,13.2831,12.8981,13.2831,0,0
ULG_PE,D,20230414,000000,13.2831,13.2831,13.1869,13.1869,0,0
ULG_PE,D,20230417,000000,12.8981,13.1869,12.8981,12.8981,0,0
ULG_PE,D,20230418,000000,12.8981,12.8981,12.7056,12.8981,0,0
