<TICKER>,<PER>,<DATE>,<TIME>,<OPEN>,<HIGH>,<LOW>,<CLOSE>,<VOL>,<OPENINT>
VRC_PE,D,20210506,000000,38.412,38.412,38.412,38.412,0,0
VRC_PE,D,20210507,000000,37.3314,38.5103,36.2507,38.5103,0,0
VRC_PE,D,20210510,000000,39.4927,39.4927,38.412,38.5103,0,0
VRC_PE,D,20210511,000000,39.4927,39.4927,37.7243,37.7243,0,0
VRC_PE,D,20210512,000000,37.7243,38.1173,37.7243,38.1173,0,0
VRC_PE,D,20210513,000000,38.805,38.805,38.1173,38.1173,0,0
VRC_PE,D,20210514,000000,37.7243,37.7243,37.2331,37.3314,0,0
VRC_PE,D,20210517,000000,37.3314,37.4296,37.2331,37.4296,0,0
VRC_PE,D,20210518,000000,37.2331,37.9208,37.1349,37.2331,0,0
VRC_PE,D,20210519,000000,37.5279,38.1173,37.5279,38.1173,0,0
VRC_PE,D,20210520,000000,37.4296,38.6085,37.4296,38.6085,0,0
VRC_PE,D,20210521,000000,38.6085,39.5909,38.412,39.4927,0,0
VRC_PE,D,20210524,000000,39.4927,39.4927,38.0191,39.4927,0,0
VRC_PE,D,20210525,000000,37.4296,38.6085,37.4296,37.8226,0,0
VRC_PE,D,20210526,000000,38.6085,38.6085,37.7243,38.0191,0,0
VRC_PE,D,20210527,000000,38.0191,38.0191,37.6261,37.7243,0,0
VRC_PE,D,20210528,000000,38.0191,38.1173,37.4296,37.4296,0,0
VRC_PE,D,20210531,000000,37.4296,37.9208,36.5455,37.9208,0,0
VRC_PE,D,20210601,000000,38.0191,38.0191,35.7595,35.7595,0,0
VRC_PE,D,20210602,000000,35.7595,35.7595,35.7595,35.7595,0,0
VRC_PE,D,20210604,000000,35.563,35.7595,35.2683,35.7595,0,0
VRC_PE,D,20210607,000000,35.7595,35.7595,35.0718,35.4648,0,0
VRC_PE,D,20210608,000000,35.7595,35.7595,35.6613,35.6613,0,0
VRC_PE,D,20210609,000000,36.8402,36.8402,35.7595,35.7595,0,0
VRC_PE,D,20210610,000000,35.7595,36.349,35.6613,35.7595,0,0
VRC_PE,D,20210611,000000,36.9384,36.9384,36.8402,36.8402,0,0
VRC_PE,D,20210614,000000,36.9384,36.9384,36.0543,36.4472,0,0
VRC_PE,D,20210615,000000,36.9384,36.9384,36.4472,36.4472,0,0
VRC_PE,D,20210616,000000,36.4472,36.4472,36.0543,36.1525,0,0
VRC_PE,D,20210617,000000,36.9384,36.9384,36.1525,36.7419,0,0
VRC_PE,D,20210618,000000,36.7419,36.7419,36.349,36.4472,0,0
VRC_PE,D,20210621,000000,35.7595,35.7595,35.563,35.563,0,0
VRC_PE,D,20210622,000000,35.6613,35.7595,35.6613,35.7595,0,0
VRC_PE,D,20210623,000000,35.8578,36.8402,35.2683,36.7419,0,0
VRC_PE,D,20210624,000000,36.7419,46.0748,35.6613,46.0748,0,0
VRC_PE,D,20210625,000000,46.0748,46.4677,45.5836,46.3695,0,0
VRC_PE,D,20210628,000000,45.7801,45.7801,45.5836,45.5836,0,0
VRC_PE,D,20210629,000000,45.4853,45.7801,44.7977,44.7977,0,0
VRC_PE,D,20210630,000000,45.5836,45.5836,44.7977,45.3871,0,0
VRC_PE,D,20210701,000000,44.8959,46.2713,44.8959,46.0748,0,0
VRC_PE,D,20210702,000000,45.6818,46.4677,45.6818,46.3695,0,0
VRC_PE,D,20210705,000000,46.3695,46.8607,45.7801,46.4677,0,0
VRC_PE,D,20210706,000000,46.4677,47.2537,46.4677,46.9589,0,0
VRC_PE,D,20210707,000000,47.3519,48.2361,47.3519,47.9413,0,0
VRC_PE,D,20210708,000000,47.9413,47.9413,47.3519,47.5484,0,0
VRC_PE,D,20210709,000000,47.8431,47.8431,47.0572,47.4501,0,0
VRC_PE,D,20210712,000000,47.4501,48.1378,47.4501,47.9413,0,0
VRC_PE,D,20210713,000000,47.9413,48.629,47.5484,47.5484,0,0
VRC_PE,D,20210714,000000,47.9413,48.1378,46.4677,47.3519,0,0
VRC_PE,D,20210715,000000,47.7449,48.0396,47.1554,47.8431,0,0
VRC_PE,D,20210716,000000,47.6466,47.6466,47.2537,47.5484,0,0
VRC_PE,D,20210719,000000,47.5484,47.5484,46.3695,46.4677,0,0
VRC_PE,D,20210720,000000,46.3695,47.1554,46.3695,46.4677,0,0
VRC_PE,D,20210721,000000,46.566,47.0572,46.173,47.0572,0,0
VRC_PE,D,20210722,000000,47.2537,47.3519,46.2713,46.9589,0,0
VRC_PE,D,20210723,000000,46.9589,47.3519,46.2713,46.4677,0,0
VRC_PE,D,20210726,000000,46.8607,46.8607,46.173,46.173,0,0
VRC_PE,D,20210727,000000,46.173,46.2713,45.9765,46.2713,0,0
VRC_PE,D,20210728,000000,46.4677,46.4677,46.0748,46.0748,0,0
VRC_PE,D,20210729,000000,46.2713,46.6642,46.0748,46.173,0,0
VRC_PE,D,20210730,000000,46.3695,46.4677,45.9765,46.2713,0,0
VRC_PE,D,20210802,000000,46.4677,46.566,46.4677,46.566,0,0
VRC_PE,D,20210803,000000,47.2537,47.3519,46.9589,47.0572,0,0
VRC_PE,D,20210804,000000,47.3519,47.3519,47.0572,47.3519,0,0
VRC_PE,D,20210805,000000,46.566,47.3519,46.566,46.9589,0,0
VRC_PE,D,20210806,000000,47.0572,47.0572,46.4677,46.9589,0,0
VRC_PE,D,20210809,000000,46.8607,48.5308,46.8607,48.2361,0,0
VRC_PE,D,20210810,000000,48.2361,48.2361,47.5484,48.0396,0,0
VRC_PE,D,20210811,000000,48.2361,48.2361,47.5484,47.8431,0,0
VRC_PE,D,20210812,000000,47.8431,47.8431,46.9589,46.9589,0,0
VRC_PE,D,20210813,000000,47.3519,47.7449,46.9589,47.3519,0,0
VRC_PE,D,20210816,000000,47.7449,48.1378,47.3519,47.3519,0,0
VRC_PE,D,20210817,000000,47.7449,47.7449,46.8607,47.2537,0,0
VRC_PE,D,20210818,000000,47.2537,47.2537,46.9589,46.9589,0,0
VRC_PE,D,20210819,000000,46.9589,47.1554,46.9589,47.1554,0,0
VRC_PE,D,20210820,000000,47.1554,47.1554,46.9589,47.0572,0,0
VRC_PE,D,20210823,000000,47.2537,48.4326,46.9589,48.0396,0,0
VRC_PE,D,20210824,000000,48.1378,48.3343,47.6466,48.3343,0,0
VRC_PE,D,20210825,000000,48.2361,48.2361,47.6466,47.9413,0,0
VRC_PE,D,20210826,000000,47.7449,48.0396,47.6466,48.0396,0,0
VRC_PE,D,20210827,000000,48.1378,48.1378,47.8431,47.8431,0,0
VRC_PE,D,20210830,000000,47.9413,47.9413,47.5484,47.7449,0,0
VRC_PE,D,20210831,000000,47.3519,47.7449,47.3519,47.7449,0,0
VRC_PE,D,20210901,000000,47.4501,47.7449,44.2082,44.2082,0,0
VRC_PE,D,20210902,000000,44.5029,44.5029,43.717,44.2082,0,0
VRC_PE,D,20210903,000000,44.2082,44.5029,43.8152,44.3065,0,0
VRC_PE,D,20210906,000000,44.5029,44.5029,43.8152,44.11,0,0
VRC_PE,D,20210907,000000,43.9135,44.11,43.717,44.0117,0,0
VRC_PE,D,20210908,000000,44.0117,44.11,43.717,44.0117,0,0
VRC_PE,D,20210909,000000,44.2082,44.2082,43.717,43.8152,0,0
VRC_PE,D,20210910,000000,43.717,44.0117,43.717,43.9135,0,0
VRC_PE,D,20210913,000000,44.2082,44.2082,43.717,43.8152,0,0
VRC_PE,D,20210914,000000,44.0117,44.0117,43.5205,43.5205,0,0
VRC_PE,D,20210915,000000,43.5205,44.2082,43.5205,43.8152,0,0
VRC_PE,D,20210916,000000,44.0117,44.11,43.6188,44.11,0,0
VRC_PE,D,20210917,000000,44.2082,44.6012,43.5205,44.2082,0,0
VRC_PE,D,20210920,000000,44.5029,44.5029,43.324,43.324,0,0
VRC_PE,D,20210921,000000,43.324,43.717,42.9311,43.0293,0,0
VRC_PE,D,20210922,000000,43.0293,43.4223,43.0293,43.324,0,0
VRC_PE,D,20210923,000000,43.324,43.324,42.9311,43.0293,0,0
VRC_PE,D,20210924,000000,43.0293,43.324,42.9311,43.324,0,0
VRC_PE,D,20210927,000000,43.324,44.7977,43.0293,44.6994,0,0
VRC_PE,D,20210928,000000,44.6994,44.6994,43.1276,43.4223,0,0
VRC_PE,D,20210929,000000,43.324,44.6012,43.0293,44.5029,0,0
VRC_PE,D,20210930,000000,43.324,44.6012,43.324,44.6012,0,0
VRC_PE,D,20211001,000000,43.9135,44.5029,43.9135,44.5029,0,0
VRC_PE,D,20211004,000000,44.5029,44.5029,43.717,44.2082,0,0
VRC_PE,D,20211005,000000,44.2082,44.2082,43.5205,43.5205,0,0
VRC_PE,D,20211006,000000,43.717,44.6012,43.4223,43.4223,0,0
VRC_PE,D,20211007,000000,43.4223,43.5205,43.324,43.5205,0,0
VRC_PE,D,20211008,000000,43.324,43.6188,43.324,43.6188,0,0
VRC_PE,D,20211011,000000,43.6188,44.2082,43.6188,43.6188,0,0
VRC_PE,D,20211012,000000,43.6188,43.8152,43.4223,43.4223,0,0
VRC_PE,D,20211013,000000,44.2082,44.2082,43.4223,43.4223,0,0
VRC_PE,D,20211014,000000,43.717,44.0117,43.4223,43.8152,0,0
VRC_PE,D,20211015,000000,43.717,43.717,43.324,43.4223,0,0
VRC_PE,D,20211018,000000,43.4223,43.8152,43.4223,43.8152,0,0
VRC_PE,D,20211019,000000,43.8152,44.2082,43.5205,44.2082,0,0
VRC_PE,D,20211020,000000,44.11,44.11,43.5205,43.5205,0,0
VRC_PE,D,20211021,000000,43.717,44.2082,43.5205,43.8152,0,0
VRC_PE,D,20211022,000000,44.2082,44.5029,43.5205,44.2082,0,0
VRC_PE,D,20211025,000000,43.4223,44.4047,43.4223,43.8152,0,0
VRC_PE,D,20211026,000000,43.8152,44.2082,43.717,44.2082,0,0
VRC_PE,D,20211027,000000,44.2082,44.2082,43.5205,43.5205,0,0
VRC_PE,D,20211028,000000,44.11,44.11,43.5205,43.5205,0,0
VRC_PE,D,20211029,000000,43.5205,43.6188,43.4223,43.4223,0,0
VRC_PE,D,20211102,000000,43.5205,43.5205,43.324,43.4223,0,0
VRC_PE,D,20211103,000000,43.6188,43.6188,43.1276,43.324,0,0
VRC_PE,D,20211104,000000,43.0293,44.0117,42.9311,43.8152,0,0
VRC_PE,D,20211105,000000,43.9135,44.0117,43.0293,43.9135,0,0
VRC_PE,D,20211108,000000,43.9135,43.9135,43.0293,43.6188,0,0
VRC_PE,D,20211109,000000,43.4223,43.4223,43.1276,43.324,0,0
VRC_PE,D,20211110,000000,43.1276,43.324,43.1276,43.2258,0,0
VRC_PE,D,20211112,000000,43.2258,43.8152,43.0293,43.8152,0,0
VRC_PE,D,20211115,000000,43.4223,43.8152,43.0293,43.8152,0,0
VRC_PE,D,20211116,000000,43.8152,44.3065,43.8152,43.8152,0,0
VRC_PE,D,20211117,000000,42.9311,42.9311,40.868,42.9311,0,0
VRC_PE,D,20211118,000000,42.7346,42.9311,40.868,42.3416,0,0
VRC_PE,D,20211119,000000,42.6364,42.6364,41.1628,41.654,0,0
VRC_PE,D,20211122,000000,41.654,41.654,40.6716,40.9663,0,0
VRC_PE,D,20211123,000000,40.9663,41.1628,40.0821,40.7698,0,0
VRC_PE,D,20211124,000000,40.868,40.868,40.0821,40.4751,0,0
VRC_PE,D,20211125,000000,40.4751,40.6716,40.1804,40.6716,0,0
VRC_PE,D,20211126,000000,40.6716,40.6716,39.3944,39.3944,0,0
VRC_PE,D,20211129,000000,39.2962,39.8856,39.2962,39.6891,0,0
VRC_PE,D,20211130,000000,39.8856,39.8856,39.2962,39.2962,0,0
VRC_PE,D,20211201,000000,39.8856,39.8856,39.3944,39.6891,0,0
VRC_PE,D,20211202,000000,39.8856,39.8856,39.3944,39.8856,0,0
VRC_PE,D,20211203,000000,39.6891,39.6891,39.2962,39.6891,0,0
VRC_PE,D,20211206,000000,39.3944,40.3768,39.2962,39.9839,0,0
VRC_PE,D,20211207,000000,39.2962,40.1804,39.2962,39.6891,0,0
VRC_PE,D,20211208,000000,40.3768,40.3768,39.2962,39.2962,0,0
VRC_PE,D,20211209,000000,39.6891,39.6891,39.0015,39.4927,0,0
VRC_PE,D,20211210,000000,39.5909,39.5909,39.0015,39.5909,0,0
VRC_PE,D,20211213,000000,39.5909,39.9839,39.1979,39.4927,0,0
VRC_PE,D,20211214,000000,39.6891,39.6891,38.9032,39.4927,0,0
VRC_PE,D,20211215,000000,39.6891,39.7874,38.805,39.0015,0,0
VRC_PE,D,20211216,000000,39.3944,39.3944,38.9032,38.9032,0,0
VRC_PE,D,20211217,000000,38.9032,39.9839,38.9032,39.8856,0,0
VRC_PE,D,20211220,000000,40.0821,41.3592,39.6891,41.3592,0,0
VRC_PE,D,20211221,000000,41.3592,41.3592,40.6716,41.0645,0,0
VRC_PE,D,20211222,000000,40.868,40.868,40.2786,40.6716,0,0
VRC_PE,D,20211223,000000,40.868,41.261,39.8856,41.261,0,0
VRC_PE,D,20211227,000000,41.261,41.261,40.4751,40.4751,0,0
VRC_PE,D,20211228,000000,40.4751,40.4751,39.6891,39.8856,0,0
VRC_PE,D,20211229,000000,39.8856,40.868,39.6891,40.5733,0,0
VRC_PE,D,20211230,000000,40.5733,40.5733,39.6891,40.0821,0,0
VRC_PE,D,20220103,000000,40.0821,41.261,39.9839,41.261,0,0
VRC_PE,D,20220104,000000,41.261,41.3592,40.5733,41.3592,0,0
VRC_PE,D,20220105,000000,41.1628,41.3592,40.1804,41.0645,0,0
VRC_PE,D,20220107,000000,41.0645,41.0645,40.1804,40.868,0,0
VRC_PE,D,20220110,000000,41.261,41.261,40.3768,40.3768,0,0
VRC_PE,D,20220111,000000,40.5733,40.5733,39.8856,39.9839,0,0
VRC_PE,D,20220112,000000,40.4751,41.0645,39.9839,40.1804,0,0
VRC_PE,D,20220113,000000,40.9663,40.9663,39.8856,39.8856,0,0
VRC_PE,D,20220114,000000,39.8856,39.8856,39.6891,39.8856,0,0
VRC_PE,D,20220117,000000,39.8856,39.8856,39.5909,39.8856,0,0
VRC_PE,D,20220118,000000,39.8856,40.868,39.6891,40.7698,0,0
VRC_PE,D,20220119,000000,40.7698,40.7698,39.5909,40.7698,0,0
VRC_PE,D,20220120,000000,40.7698,40.7698,39.9839,40.7698,0,0
VRC_PE,D,20220121,000000,40.7698,40.7698,39.0997,39.6891,0,0
VRC_PE,D,20220124,000000,39.9839,39.9839,36.1525,37.3314,0,0
VRC_PE,D,20220125,000000,35.6613,37.2331,35.6613,37.2331,0,0
VRC_PE,D,20220126,000000,37.1349,37.1349,36.8402,37.1349,0,0
VRC_PE,D,20220127,000000,36.8402,37.1349,35.2683,36.6437,0,0
VRC_PE,D,20220128,000000,36.7419,36.7419,35.6613,36.349,0,0
VRC_PE,D,20220131,000000,36.349,36.349,35.3666,35.563,0,0
VRC_PE,D,20220201,000000,35.563,36.349,35.563,35.7595,0,0
VRC_PE,D,20220202,000000,36.0543,36.4472,35.8578,36.4472,0,0
VRC_PE,D,20220203,000000,37.6261,37.6261,35.7595,36.349,0,0
VRC_PE,D,20220204,000000,36.0543,36.4472,35.7595,35.956,0,0
VRC_PE,D,20220207,000000,35.956,35.956,35.563,35.563,0,0
VRC_PE,D,20220208,000000,35.956,35.956,35.956,35.956,0,0
VRC_PE,D,20220209,000000,37.5279,37.5279,35.8578,35.956,0,0
VRC_PE,D,20220210,000000,35.563,35.956,35.563,35.956,0,0
VRC_PE,D,20220211,000000,35.956,36.7419,35.563,35.956,0,0
VRC_PE,D,20220214,000000,35.1701,35.1701,34.6789,34.7771,0,0
VRC_PE,D,20220215,000000,34.7771,34.7771,33.9912,34.4824,0,0
VRC_PE,D,20220216,000000,35.563,35.563,34.2859,35.1701,0,0
VRC_PE,D,20220217,000000,33.5982,35.563,33.2053,33.5,0,0
VRC_PE,D,20220218,000000,33.5,36.6437,33.5,36.6437,0,0
VRC_PE,D,20220221,000000,37.5279,37.5279,33.9912,35.1701,0,0
VRC_PE,D,20220222,000000,34.2859,34.7771,34.2859,34.7771,0,0
VRC_PE,D,20220223,000000,36.8402,36.8402,35.0718,36.2507,0,0
VRC_PE,D,20220224,000000,34.3842,34.9736,30.5528,34.3842,0,0
VRC_PE,D,20220225,000000,34.3842,34.9736,33.5982,33.9912,0,0
VRC_PE,D,20220228,000000,33.9912,33.9912,33.5,33.9912,0,0
VRC_PE,D,20220301,000000,33.6965,33.9912,32.7141,32.7141,0,0
VRC_PE,D,20220302,000000,33.5,33.5,32.7141,33.4018,0,0
VRC_PE,D,20220303,000000,33.4018,33.893,32.7141,33.7947,0,0
VRC_PE,D,20220304,000000,33.893,33.893,32.2229,33.0088,0,0
VRC_PE,D,20220307,000000,30.9457,32.2229,30.8475,32.2229,0,0
VRC_PE,D,20220308,000000,32.7141,32.7141,31.5352,32.7141,0,0
VRC_PE,D,20220309,000000,32.7141,33.0088,32.7141,33.0088,0,0
VRC_PE,D,20220310,000000,33.0088,35.2683,33.0088,35.1701,0,0
VRC_PE,D,20220311,000000,35.956,35.956,34.4824,35.563,0,0
VRC_PE,D,20220314,000000,35.956,36.2507,34.7771,34.9736,0,0
VRC_PE,D,20220315,000000,36.0543,36.0543,34.6789,35.956,0,0
VRC_PE,D,20220316,000000,35.956,35.956,35.563,35.956,0,0
VRC_PE,D,20220317,000000,35.956,35.956,35.1701,35.1701,0,0
VRC_PE,D,20220318,000000,35.956,35.956,35.1701,35.956,0,0
VRC_PE,D,20220321,000000,35.956,35.956,35.1701,35.8578,0,0
VRC_PE,D,20220322,000000,35.1701,35.956,35.1701,35.956,0,0
VRC_PE,D,20220323,000000,35.956,35.956,35.1701,35.3666,0,0
VRC_PE,D,20220324,000000,35.563,35.956,35.1701,35.7595,0,0
VRC_PE,D,20220325,000000,35.6613,35.7595,33.9912,34.5806,0,0
VRC_PE,D,20220328,000000,34.5806,35.956,34.5806,35.6613,0,0
VRC_PE,D,20220329,000000,35.6613,35.6613,34.9736,35.4648,0,0
VRC_PE,D,20220330,000000,35.6613,35.6613,35.2683,35.6613,0,0
VRC_PE,D,20220331,000000,35.6613,35.6613,34.5806,34.5806,0,0
VRC_PE,D,20220401,000000,34.7771,34.7771,34.3842,34.3842,0,0
VRC_PE,D,20220404,000000,34.3842,34.7771,33.7947,33.7947,0,0
VRC_PE,D,20220405,000000,34.1877,34.1877,33.3035,33.7947,0,0
VRC_PE,D,20220406,000000,33.7947,34.2859,33.3035,33.3035,0,0
VRC_PE,D,20220407,000000,33.9912,34.1877,33.4018,33.9912,0,0
VRC_PE,D,20220408,000000,33.9912,34.2859,33.5982,34.2859,0,0
VRC_PE,D,20220411,000000,34.2859,34.9736,33.9912,34.6789,0,0
VRC_PE,D,20220412,000000,34.6789,35.0718,34.1877,35.0718,0,0
VRC_PE,D,20220413,000000,35.6613,36.6437,35.3666,36.2507,0,0
VRC_PE,D,20220414,000000,36.5455,36.5455,35.3666,36.2507,0,0
VRC_PE,D,20220419,000000,36.2507,36.4472,35.8578,35.956,0,0
VRC_PE,D,20220420,000000,35.956,35.956,35.0718,35.4648,0,0
VRC_PE,D,20220421,000000,35.1701,35.8578,34.9736,35.6613,0,0
VRC_PE,D,20220422,000000,35.8578,35.8578,35.4648,35.4648,0,0
VRC_PE,D,20220425,000000,35.6613,35.6613,35.0718,35.563,0,0
VRC_PE,D,20220426,000000,35.6613,39.0015,35.563,36.0543,0,0
VRC_PE,D,20220427,000000,36.2507,36.2507,33.2053,33.4018,0,0
VRC_PE,D,20220428,000000,33.4018,33.9912,32.8123,33.7947,0,0
VRC_PE,D,20220429,000000,34.6789,34.6789,32.8123,32.8123,0,0
VRC_PE,D,20220502,000000,33.2053,33.2053,31.437,31.437,0,0
VRC_PE,D,20220504,000000,31.437,32.6158,31.437,32.6158,0,0
VRC_PE,D,20220505,000000,34.1877,34.1877,32.4194,32.4194,0,0
VRC_PE,D,20220506,000000,32.6158,32.7141,31.8299,32.7141,0,0
VRC_PE,D,20220509,000000,33.4018,33.4018,31.7317,32.5176,0,0
VRC_PE,D,20220510,000000,31.8299,32.3211,31.8299,31.8299,0,0
VRC_PE,D,20220511,000000,32.2229,32.5176,31.8299,32.2229,0,0
VRC_PE,D,20220512,000000,31.1422,31.6334,30.4545,30.4545,0,0
VRC_PE,D,20220513,000000,30.4545,31.044,30.2581,31.044,0,0
VRC_PE,D,20220516,000000,30.9457,31.044,30.651,31.044,0,0
VRC_PE,D,20220517,000000,31.7317,31.7317,31.1422,31.6334,0,0
VRC_PE,D,20220518,000000,32.3211,32.3211,30.2581,30.2581,0,0
VRC_PE,D,20220519,000000,30.9457,30.9457,28.6862,28.6862,0,0
VRC_PE,D,20220520,000000,28.6862,29.2757,28.6862,29.0792,0,0
VRC_PE,D,20220523,000000,29.1774,29.2757,28.4897,28.4897,0,0
VRC_PE,D,20220524,000000,28.4897,28.7845,28.4897,28.7845,0,0
VRC_PE,D,20220525,000000,29.2757,29.2757,28.195,28.195,0,0
VRC_PE,D,20220526,000000,28.195,28.7845,28.195,28.6862,0,0
VRC_PE,D,20220527,000000,28.588,28.6862,28.0968,28.6862,0,0
VRC_PE,D,20220530,000000,28.7845,28.7845,27.8021,27.9985,0,0
VRC_PE,D,20220531,000000,28.195,28.195,27.1144,27.7038,0,0
VRC_PE,D,20220601,000000,26.9179,27.7038,25.739,26.8196,0,0
VRC_PE,D,20220602,000000,26.5249,26.8196,26.3284,26.5249,0,0
VRC_PE,D,20220603,000000,26.7214,26.8196,25.6408,25.6408,0,0
VRC_PE,D,20220606,000000,25.6408,27.3109,25.6408,26.8196,0,0
VRC_PE,D,20220607,000000,27.3109,27.3109,26.4267,26.5249,0,0
VRC_PE,D,20220608,000000,26.9179,26.9179,26.0337,26.3284,0,0
VRC_PE,D,20220609,000000,26.3284,26.5249,25.9355,25.9355,0,0
VRC_PE,D,20220610,000000,25.9355,26.5249,25.5425,25.5425,0,0
VRC_PE,D,20220613,000000,25.5425,25.5425,23.0865,25.346,0,0
VRC_PE,D,20220614,000000,25.4443,25.4443,23.7742,23.9707,0,0
VRC_PE,D,20220615,000000,24.1672,24.4619,23.7742,24.3636,0,0
VRC_PE,D,20220617,000000,24.2654,24.2654,23.1848,23.676,0,0
VRC_PE,D,20220620,000000,23.676,24.6584,23.676,24.6584,0,0
VRC_PE,D,20220621,000000,25.2478,25.9355,25.0513,25.4443,0,0
VRC_PE,D,20220622,000000,25.8372,26.0337,25.4443,26.0337,0,0
VRC_PE,D,20220623,000000,26.0337,28.4897,25.8372,27.9003,0,0
VRC_PE,D,20220624,000000,28.0968,28.0968,27.7038,27.9985,0,0
VRC_PE,D,20220627,000000,28.6862,28.6862,27.1144,28.195,0,0
VRC_PE,D,20220628,000000,28.3915,28.4897,27.5073,28.2933,0,0
VRC_PE,D,20220629,000000,28.588,29.1774,27.7038,29.1774,0,0
VRC_PE,D,20220630,000000,29.1774,29.1774,28.3915,28.9809,0,0
VRC_PE,D,20220701,000000,28.7845,28.7845,27.5073,27.5073,0,0
VRC_PE,D,20220704,000000,28.4897,34.1877,28.3915,34.1877,0,0
VRC_PE,D,20220705,000000,34.1877,34.1877,33.2053,33.2053,0,0
VRC_PE,D,20220706,000000,33.5982,33.5982,31.8299,31.8299,0,0
VRC_PE,D,20220707,000000,33.2053,33.5,32.9106,33.5,0,0
VRC_PE,D,20220708,000000,33.5,33.893,33.5,33.7947,0,0
VRC_PE,D,20220711,000000,34.0894,34.1877,33.2053,33.7947,0,0
VRC_PE,D,20220712,000000,33.7947,33.7947,32.8123,33.0088,0,0
VRC_PE,D,20220713,000000,32.8123,33.107,32.8123,32.9106,0,0
VRC_PE,D,20220714,000000,32.9106,32.9106,31.9282,31.9282,0,0
VRC_PE,D,20220715,000000,32.8123,32.8123,32.1246,32.1246,0,0
VRC_PE,D,20220718,000000,33.2053,34.5806,33.2053,34.5806,0,0
VRC_PE,D,20220719,000000,34.5806,34.5806,32.2229,32.2229,0,0
VRC_PE,D,20220720,000000,33.0088,33.0088,32.2229,32.4194,0,0
VRC_PE,D,20220721,000000,32.4194,34.0894,31.7317,34.0894,0,0
VRC_PE,D,20220722,000000,34.1877,34.2859,34.1877,34.1877,0,0
VRC_PE,D,20220725,000000,34.2859,34.2859,33.3035,33.3035,0,0
VRC_PE,D,20220726,000000,34.1877,34.1877,33.7947,33.7947,0,0
VRC_PE,D,20220727,000000,34.7771,34.7771,32.5176,32.5176,0,0
VRC_PE,D,20220728,000000,34.1877,34.1877,32.7141,33.3035,0,0
VRC_PE,D,20220729,000000,33.4018,34.7771,33.2053,33.893,0,0
VRC_PE,D,20220801,000000,34.7771,34.9736,34.7771,34.9736,0,0
VRC_PE,D,20220802,000000,34.9736,35.0718,34.9736,35.0718,0,0
VRC_PE,D,20220803,000000,35.0718,35.0718,33.6965,34.1877,0,0
VRC_PE,D,20220804,000000,34.1877,34.1877,34.0894,34.1877,0,0
VRC_PE,D,20220805,000000,35.0718,35.0718,33.5982,34.2859,0,0
VRC_PE,D,20220808,000000,35.0718,35.0718,33.0088,33.3035,0,0
VRC_PE,D,20220809,000000,33.3035,33.3035,32.9106,33.2053,0,0
VRC_PE,D,20220810,000000,33.107,33.107,32.8123,32.9106,0,0
VRC_PE,D,20220811,000000,32.5176,32.6158,31.9282,31.9282,0,0
VRC_PE,D,20220812,000000,32.2229,32.8123,31.9282,32.8123,0,0
VRC_PE,D,20220816,000000,32.8123,33.0088,32.4194,33.0088,0,0
VRC_PE,D,20220817,000000,32.9106,32.9106,32.4194,32.9106,0,0
VRC_PE,D,20220818,000000,33.0088,33.0088,32.4194,32.8123,0,0
VRC_PE,D,20220819,000000,33.0088,33.0088,32.0264,32.0264,0,0
VRC_PE,D,20220822,000000,32.1246,32.8123,32.0264,32.6158,0,0
VRC_PE,D,20220823,000000,32.7141,32.7141,32.6158,32.7141,0,0
VRC_PE,D,20220824,000000,33.0088,33.0088,32.2229,32.2229,0,0
VRC_PE,D,20220825,000000,32.8123,32.8123,31.2405,31.3387,0,0
VRC_PE,D,20220826,000000,31.437,31.437,31.1422,31.437,0,0
VRC_PE,D,20220829,000000,31.437,31.437,30.2581,30.2581,0,0
VRC_PE,D,20220830,000000,31.044,31.044,29.1774,29.1774,0,0
VRC_PE,D,20220831,000000,30.3563,30.3563,29.2757,30.1598,0,0
VRC_PE,D,20220901,000000,30.1598,30.1598,28.7845,28.7845,0,0
VRC_PE,D,20220902,000000,30.1598,30.3563,28.6862,29.6686,0,0
VRC_PE,D,20220905,000000,30.3563,30.5528,29.5704,29.9633,0,0
VRC_PE,D,20220906,000000,30.2581,30.2581,29.6686,29.6686,0,0
VRC_PE,D,20220907,000000,32.4194,32.6158,28.588,32.6158,0,0
VRC_PE,D,20220908,000000,31.6334,31.6334,29.6686,30.0616,0,0
VRC_PE,D,20220909,000000,29.7669,30.7493,29.6686,30.7493,0,0
VRC_PE,D,20220912,000000,30.7493,30.7493,30.2581,30.7493,0,0
VRC_PE,D,20220913,000000,30.651,31.2405,30.651,31.2405,0,0
VRC_PE,D,20220914,000000,31.6334,31.6334,30.3563,31.6334,0,0
VRC_PE,D,20220915,000000,31.6334,31.6334,30.1598,30.7493,0,0
VRC_PE,D,20220916,000000,30.7493,30.7493,30.1598,30.1598,0,0
VRC_PE,D,20220919,000000,31.1422,31.1422,30.0616,31.044,0,0
VRC_PE,D,20220920,000000,31.1422,31.1422,30.1598,30.651,0,0
VRC_PE,D,20220921,000000,31.044,31.044,30.0616,30.0616,0,0
VRC_PE,D,20220922,000000,30.651,30.651,30.1598,30.4545,0,0
VRC_PE,D,20220923,000000,30.3563,30.3563,29.9633,29.9633,0,0
VRC_PE,D,20220926,000000,29.9633,30.2581,29.6686,30.2581,0,0
VRC_PE,D,20220927,000000,29.8651,29.9633,29.7669,29.7669,0,0
VRC_PE,D,20220928,000000,30.2581,30.2581,29.7669,29.7669,0,0
VRC_PE,D,20220929,000000,30.2581,30.2581,29.8651,30.1598,0,0
VRC_PE,D,20220930,000000,30.1598,31.044,29.8651,30.5528,0,0
VRC_PE,D,20221003,000000,30.7493,30.7493,30.0616,30.2581,0,0
VRC_PE,D,20221004,000000,31.2405,31.2405,30.2581,30.2581,0,0
VRC_PE,D,20221005,000000,31.2405,31.2405,30.1598,30.2581,0,0
VRC_PE,D,20221006,000000,30.2581,30.4545,29.9633,30.4545,0,0
VRC_PE,D,20221007,000000,30.4545,30.7493,30.0616,30.4545,0,0
VRC_PE,D,20221010,000000,32.5176,32.5176,30.651,30.7493,0,0
VRC_PE,D,20221011,000000,30.8475,31.7317,30.7493,31.2405,0,0
VRC_PE,D,20221012,000000,32.2229,32.2229,31.5352,31.5352,0,0
VRC_PE,D,20221013,000000,32.4194,32.5176,31.9282,32.3211,0,0
VRC_PE,D,20221014,000000,32.4194,32.9106,32.4194,32.6158,0,0
VRC_PE,D,20221017,000000,33.0088,34.4824,33.0088,33.5982,0,0
VRC_PE,D,20221018,000000,33.5982,33.5982,32.9106,33.5982,0,0
VRC_PE,D,20221019,000000,33.5982,33.9912,33.5982,33.893,0,0
VRC_PE,D,20221020,000000,33.9912,33.9912,33.3035,33.6965,0,0
VRC_PE,D,20221021,000000,33.6965,33.6965,33.107,33.2053,0,0
VRC_PE,D,20221024,000000,33.6965,34.0894,33.2053,34.0894,0,0
VRC_PE,D,20221025,000000,34.1877,34.9736,34.1877,34.8754,0,0
VRC_PE,D,20221026,000000,35.0718,35.0718,34.0894,35.0718,0,0
VRC_PE,D,20221027,000000,35.0718,35.8578,35.0718,35.8578,0,0
VRC_PE,D,20221028,000000,35.8578,35.8578,34.9736,35.7595,0,0
VRC_PE,D,20221031,000000,35.8578,36.8402,35.8578,36.7419,0,0
VRC_PE,D,20221102,000000,36.8402,38.2155,36.4472,37.1349,0,0
VRC_PE,D,20221103,000000,37.8226,37.8226,35.8578,36.7419,0,0
VRC_PE,D,20221104,000000,37.5279,38.1173,37.5279,38.1173,0,0
VRC_PE,D,20221107,000000,38.1173,38.3138,37.7243,38.1173,0,0
VRC_PE,D,20221108,000000,36.5455,37.8226,35.956,37.8226,0,0
VRC_PE,D,20221109,000000,37.7243,37.8226,37.0367,37.0367,0,0
VRC_PE,D,20221110,000000,37.8226,38.3138,36.349,38.3138,0,0
VRC_PE,D,20221114,000000,39.8856,39.8856,38.6085,39.3944,0,0
VRC_PE,D,20221115,000000,39.3944,39.4927,38.412,39.3944,0,0
VRC_PE,D,20221116,000000,39.3944,39.3944,38.412,39.1979,0,0
VRC_PE,D,20221117,000000,38.412,42.2434,38.412,39.8856,0,0
VRC_PE,D,20221118,000000,39.5909,41.3592,39.0997,39.3944,0,0
VRC_PE,D,20221121,000000,38.9032,39.4927,38.412,39.4927,0,0
VRC_PE,D,20221122,000000,41.654,41.654,39.0997,39.1979,0,0
VRC_PE,D,20221123,000000,39.1979,40.4751,39.1979,40.4751,0,0
VRC_PE,D,20221124,000000,40.5733,40.5733,39.4927,40.2786,0,0
VRC_PE,D,20221125,000000,40.5733,40.5733,40.1804,40.2786,0,0
VRC_PE,D,20221128,000000,40.2786,40.5733,40.1804,40.1804,0,0
VRC_PE,D,20221129,000000,40.1804,40.6716,40.1804,40.2786,0,0
VRC_PE,D,20221130,000000,41.0645,41.261,40.2786,41.261,0,0
VRC_PE,D,20221201,000000,40.2786,41.261,40.2786,41.261,0,0
VRC_PE,D,20221202,000000,41.261,41.261,40.1804,40.1804,0,0
VRC_PE,D,20221205,000000,40.2786,40.7698,40.2786,40.6716,0,0
VRC_PE,D,20221206,000000,40.6716,41.1628,40.5733,41.1628,0,0
VRC_PE,D,20221207,000000,41.1628,41.654,41.1628,41.654,0,0
VRC_PE,D,20221208,000000,41.654,42.0469,41.0645,41.3592,0,0
VRC_PE,D,20221209,000000,42.1452,42.1452,41.3592,41.4575,0,0
VRC_PE,D,20221212,000000,41.4575,41.5557,41.3592,41.5557,0,0
VRC_PE,D,20221213,000000,41.5557,42.8328,41.4575,42.8328,0,0
VRC_PE,D,20221214,000000,43.1276,43.1276,42.0469,42.0469,0,0
VRC_PE,D,20221215,000000,42.4399,42.4399,41.654,41.9487,0,0
VRC_PE,D,20221216,000000,42.2434,42.2434,39.8856,42.1452,0,0
VRC_PE,D,20221219,000000,42.1452,42.1452,41.261,42.0469,0,0
VRC_PE,D,20221220,000000,40.3768,41.5557,39.8856,40.2786,0,0
VRC_PE,D,20221221,000000,40.2786,42.1452,39.6891,39.6891,0,0
VRC_PE,D,20221222,000000,39.8856,40.1804,39.8856,40.1804,0,0
VRC_PE,D,20221223,000000,40.1804,41.261,39.9839,40.3768,0,0
VRC_PE,D,20221227,000000,40.3768,40.5733,39.8856,39.8856,0,0
VRC_PE,D,20221228,000000,39.8856,40.0821,37.9208,39.0015,0,0
VRC_PE,D,20221229,000000,38.805,40.6716,38.805,40.5733,0,0
VRC_PE,D,20221230,000000,40.5733,40.6716,38.3138,38.3138,0,0
VRC_PE,D,20230102,000000,38.3138,39.6891,38.3138,39.2962,0,0
VRC_PE,D,20230103,000000,39.2962,40.1804,38.7067,39.6891,0,0
VRC_PE,D,20230104,000000,39.6891,40.6716,39.2962,39.7874,0,0
VRC_PE,D,20230105,000000,40.1804,41.0645,40.1804,40.6716,0,0
VRC_PE,D,20230109,000000,40.9663,41.1628,40.7698,40.7698,0,0
VRC_PE,D,20230110,000000,41.261,42.2434,41.1628,42.2434,0,0
VRC_PE,D,20230111,000000,43.1276,43.2258,42.6364,43.1276,0,0
VRC_PE,D,20230112,000000,43.1276,43.1276,42.7346,43.0293,0,0
VRC_PE,D,20230113,000000,43.0293,43.6188,42.2434,43.6188,0,0
VRC_PE,D,20230116,000000,43.717,45.0924,43.717,45.0924,0,0
VRC_PE,D,20230117,000000,44.6994,45.2889,43.8152,43.8152,0,0
VRC_PE,D,20230118,000000,43.6188,43.8152,42.3416,43.8152,0,0
VRC_PE,D,20230119,000000,43.6188,43.6188,42.7346,42.7346,0,0
VRC_PE,D,20230120,000000,42.7346,43.1276,41.7522,41.9487,0,0
VRC_PE,D,20230123,000000,42.0469,42.8328,41.4575,42.8328,0,0
VRC_PE,D,20230124,000000,43.9135,43.9135,42.4399,42.8328,0,0
VRC_PE,D,20230125,000000,43.1276,43.1276,42.4399,42.8328,0,0
VRC_PE,D,20230126,000000,43.1276,43.1276,41.9487,41.9487,0,0
VRC_PE,D,20230127,000000,42.2434,43.1276,41.9487,42.7346,0,0
VRC_PE,D,20230130,000000,43.2258,43.2258,41.5557,43.0293,0,0
VRC_PE,D,20230131,000000,42.8328,42.8328,41.654,42.8328,0,0
VRC_PE,D,20230201,000000,42.7346,43.324,42.3416,43.1276,0,0
VRC_PE,D,20230202,000000,43.1276,43.1276,42.2434,42.2434,0,0
VRC_PE,D,20230203,000000,42.2434,43.0293,42.2434,42.7346,0,0
VRC_PE,D,20230206,000000,42.8328,42.8328,41.8504,42.1452,0,0
VRC_PE,D,20230207,000000,42.2434,42.2434,41.8504,41.9487,0,0
VRC_PE,D,20230208,000000,41.9487,41.9487,41.4575,41.9487,0,0
VRC_PE,D,20230209,000000,42.5381,44.0117,42.5381,44.0117,0,0
VRC_PE,D,20230210,000000,44.0117,44.6012,43.4223,43.9135,0,0
VRC_PE,D,20230213,000000,43.9135,44.0117,43.2258,43.2258,0,0
VRC_PE,D,20230214,000000,43.4223,43.4223,43.0293,43.324,0,0
VRC_PE,D,20230215,000000,43.324,43.324,43.1276,43.1276,0,0
VRC_PE,D,20230216,000000,44.0117,44.0117,43.2258,44.0117,0,0
VRC_PE,D,20230217,000000,44.2082,44.2082,43.4223,43.717,0,0
VRC_PE,D,20230220,000000,43.717,43.717,42.7346,43.717,0,0
VRC_PE,D,20230221,000000,43.717,43.717,42.3416,43.4223,0,0
VRC_PE,D,20230222,000000,43.717,43.717,42.2434,43.1276,0,0
VRC_PE,D,20230223,000000,43.717,44.0117,42.5381,43.6188,0,0
VRC_PE,D,20230224,000000,44.0117,44.0117,43.2258,43.6188,0,0
VRC_PE,D,20230227,000000,43.6188,43.6188,42.9311,42.9311,0,0
VRC_PE,D,20230228,000000,43.6188,44.2082,43.5205,44.2082,0,0
VRC_PE,D,20230301,000000,43.9135,43.9135,42.6364,43.0293,0,0
VRC_PE,D,20230302,000000,43.0293,43.6188,42.9311,43.6188,0,0
VRC_PE,D,20230303,000000,43.6188,43.6188,42.9311,43.4223,0,0
VRC_PE,D,20230306,000000,43.4223,43.9135,43.0293,43.2258,0,0
VRC_PE,D,20230307,000000,44.0117,46.3695,44.0117,46.0748,0,0
VRC_PE,D,20230308,000000,46.0748,46.9589,46.0748,46.8607,0,0
VRC_PE,D,20230309,000000,46.8607,47.0572,46.3695,46.566,0,0
VRC_PE,D,20230310,000000,46.2713,46.8607,45.7801,46.8607,0,0
VRC_PE,D,20230313,000000,47.0572,47.0572,44.5029,45.3871,0,0
VRC_PE,D,20230314,000000,45.8783,47.1554,45.8783,46.7625,0,0
VRC_PE,D,20230315,000000,46.7625,46.8607,46.0748,46.0748,0,0
VRC_PE,D,20230316,000000,46.0748,46.7625,45.4853,46.4677,0,0
VRC_PE,D,20230317,000000,46.8607,47.0572,46.4677,46.9589,0,0
VRC_PE,D,20230320,000000,47.1554,47.1554,46.4677,46.8607,0,0
VRC_PE,D,20230321,000000,45.7801,47.0572,45.7801,47.0572,0,0
VRC_PE,D,20230322,000000,47.0572,47.4501,46.2713,47.1554,0,0
VRC_PE,D,20230323,000000,47.3519,47.3519,47.1554,47.3519,0,0
VRC_PE,D,20230324,000000,47.5484,47.5484,46.9589,47.3519,0,0
VRC_PE,D,20230327,000000,45.8783,47.0572,45.8783,46.7625,0,0
VRC_PE,D,20230328,000000,47.0572,47.2537,46.3695,46.7625,0,0
VRC_PE,D,20230329,000000,47.2537,47.2537,33.0088,33.0088,0,0
VRC_PE,D,20230330,000000,33.0088,33.0088,32.3211,32.4194,0,0
VRC_PE,D,20230331,000000,32.2229,32.4194,31.3387,31.6334,0,0
VRC_PE,D,20230403,000000,32.0264,33.2053,32.0264,33.2053,0,0
VRC_PE,D,20230404,000000,33.2053,33.3035,33.107,33.107,0,0
VRC_PE,D,20230405,000000,33.107,33.893,33.107,33.6965,0,0
VRC_PE,D,20230406,000000,33.7947,33.7947,32.7141,33.4018,0,0
VRC_PE,D,20230411,000000,33.4018,34.0894,33.4018,34.0894,0,0
VRC_PE,D,20230412,000000,34.0894,34.1877,33.0088,34.0894,0,0
VRC_PE,D,20230413,000000,34.1877,34.1877,33.3035,33.893,0,0
VRC_PE,D,20230414,000000,33.7947,34.0894,33.4018,34.0894,0,0
VRC_PE,D,20230417,000000,34.0894,34.0894,33.3035,33.5,0,0
VRC_PE,D,20230418,000000,33.6965,33.6965,33.4018,33.4018,0,0
VRC_PE,D,20230419,000000,33.4018,33.4018,32.8123,32.9106,0,0
VRC_PE,D,20230420,000000,33.0088,34.0894,33.0088,34.0894,0,0
VRC_PE,D,20230421,000000,34.0894,34.1877,34.0894,34.0894,0,0
VRC_PE,D,20230424,000000,34.0894,34.8754,34.0894,34.8754,0,0
VRC_PE,D,20230425,000000,34.8754,34.9736,34.7771,34.7771,0,0
VRC_PE,D,20230426,000000,35.0718,35.3666,34.7771,35.2683,0,0
VRC_PE,D,20230427,000000,35.2683,36.9384,35.2683,35.8578,0,0
VRC_PE,D,20230428,000000,35.8578,36.8402,35.563,35.956,0,0
VRC_PE,D,20230502,000000,35.6613,36.5455,34.8754,36.5455,0,0
VRC_PE,D,20230504,000000,36.5455,37.6261,35.563,35.563,0,0
VRC_PE,D,20230505,000000,35.8578,36.8402,35.8578,36.8402,0,0
VRC_PE,D,20230508,000000,36.8402,36.9384,36.0543,36.8402,0,0
VRC_PE,D,20230509,000000,36.7419,38.1173,36.4472,38.1173,0,0
VRC_PE,D,20230510,000000,37.7243,38.2155,37.1349,38.2155,0,0
VRC_PE,D,20230511,000000,37.4296,37.9208,37.4296,37.5279,0,0
VRC_PE,D,20230512,000000,37.5279,38.5103,37.5279,38.2155,0,0
VRC_PE,D,20230515,000000,37.6261,38.3138,37.6261,38.2155,0,0
VRC_PE,D,20230516,000000,38.2155,39.4927,37.6261,39.4927,0,0
VRC_PE,D,20230517,000000,39.3944,39.4927,37.5279,37.5279,0,0
VRC_PE,D,20230518,000000,37.6261,38.2155,37.6261,38.1173,0,0
VRC_PE,D,20230519,000000,38.7067,38.9032,38.2155,38.9032,0,0
VRC_PE,D,20230522,000000,38.9032,40.2786,38.9032,40.1804,0,0
VRC_PE,D,20230523,000000,40.2786,40.9663,39.5909,40.1804,0,0
VRC_PE,D,20230524,000000,40.0821,40.868,37.4296,37.4296,0,0
VRC_PE,D,20230525,000000,37.4296,37.5279,36.6437,37.4296,0,0
VRC_PE,D,20230526,000000,37.4296,38.2155,37.1349,38.0191,0,0
VRC_PE,D,20230529,000000,38.1173,39.1979,38.1173,38.1173,0,0
VRC_PE,D,20230530,000000,38.412,39.0997,38.412,38.7067,0,0
VRC_PE,D,20230531,000000,38.6085,38.6085,36.6437,37.0367,0,0
VRC_PE,D,20230601,000000,36.9384,36.9384,35.2683,36.7419,0,0
VRC_PE,D,20230602,000000,37.1349,37.6261,36.2507,37.1349,0,0
VRC_PE,D,20230605,000000,37.1349,37.7243,36.2507,37.5279,0,0
VRC_PE,D,20230606,000000,37.5279,38.805,36.9384,38.7067,0,0
VRC_PE,D,20230607,000000,38.805,40.0821,38.6085,40.0821,0,0
VRC_PE,D,20230609,000000,40.0821,40.6716,39.4927,40.6716,0,0
VRC_PE,D,20230612,000000,40.7698,42.3416,40.3768,41.9487,0,0
VRC_PE,D,20230613,000000,41.9487,42.5381,41.5557,41.9487,0,0
VRC_PE,D,20230614,000000,41.8504,41.8504,41.3592,41.7522,0,0
VRC_PE,D,20230615,000000,41.654,41.7522,40.5733,41.261,0,0
VRC_PE,D,20230616,000000,40.7698,42.2434,40.3768,42.2434,0,0
VRC_PE,D,20230619,000000,41.3592,42.5381,41.3592,41.8504,0,0
VRC_PE,D,20230620,000000,42.3416,42.3416,40.6716,41.9487,0,0
VRC_PE,D,20230621,000000,41.8504,41.8504,41.3592,41.5557,0,0
VRC_PE,D,20230622,000000,41.5557,41.5557,41.1628,41.3592,0,0
VRC_PE,D,20230623,000000,41.3592,41.654,40.7698,41.3592,0,0
VRC_PE,D,20230626,000000,40.868,41.8504,40.868,41.8504,0,0
VRC_PE,D,20230627,000000,41.7522,42.2434,41.4575,42.1452,0,0
VRC_PE,D,20230628,000000,41.7522,43.324,41.5557,43.2258,0,0
VRC_PE,D,20230629,000000,43.2258,45.7801,42.4399,45.7801,0,0
VRC_PE,D,20230630,000000,45.8783,45.8783,44.5029,45.7801,0,0
VRC_PE,D,20230703,000000,45.7801,45.7801,43.5205,45.5836,0,0
VRC_PE,D,20230704,000000,45.5836,46.4677,45.4853,46.0748,0,0
VRC_PE,D,20230705,000000,46.0748,46.566,45.9765,46.4677,0,0
VRC_PE,D,20230706,000000,46.4677,46.8607,46.0748,46.4677,0,0
VRC_PE,D,20230707,000000,46.4677,46.4677,44.6012,45.2889,0,0
VRC_PE,D,20230710,000000,45.1906,45.6818,43.9135,45.6818,0,0
VRC_PE,D,20230711,000000,45.6818,45.6818,43.9135,45.1906,0,0
VRC_PE,D,20230712,000000,45.1906,45.1906,44.6012,44.9941,0,0
VRC_PE,D,20230713,000000,44.9941,44.9941,44.11,44.3065,0,0
VRC_PE,D,20230714,000000,44.7977,44.8959,43.9135,44.6012,0,0
VRC_PE,D,20230717,000000,44.5029,44.5029,41.8504,41.8504,0,0
VRC_PE,D,20230718,000000,41.8504,43.0293,40.0821,42.6364,0,0
VRC_PE,D,20230719,000000,42.6364,44.3065,42.6364,44.3065,0,0
VRC_PE,D,20230720,000000,44.2082,44.4047,43.5205,43.717,0,0
VRC_PE,D,20230721,000000,43.717,44.4047,43.324,44.4047,0,0
VRC_PE,D,20230724,000000,44.4047,44.5029,43.5205,43.5205,0,0
VRC_PE,D,20230725,000000,43.4223,43.9135,42.6364,43.6188,0,0
VRC_PE,D,20230726,000000,43.6188,43.6188,42.2434,42.4399,0,0
VRC_PE,D,20230727,000000,42.8328,42.8328,41.9487,41.9487,0,0
VRC_PE,D,20230728,000000,42.0469,43.0293,42.0469,43.0293,0,0
VRC_PE,D,20230731,000000,42.4399,43.324,42.4399,42.8328,0,0
VRC_PE,D,20230801,000000,42.9311,43.8152,42.8328,43.717,0,0
VRC_PE,D,20230802,000000,43.717,43.9135,42.5381,43.9135,0,0
VRC_PE,D,20230803,000000,42.9311,43.9135,42.3416,43.717,0,0
VRC_PE,D,20230804,000000,43.717,43.717,41.9369,42.3416,0,0
VRC_PE,D,20230807,000000,41.9615,41.9615,40.3081,41.3592,0,0
VRC_PE,D,20230808,000000,40.7236,41.6147,39.5791,40.1804,0,0
VRC_PE,D,20230809,000000,39.5457,39.5457,38.7824,39.1979,0,0
VRC_PE,D,20230810,000000,39.0693,41.2335,38.3059,40.0821,0,0
VRC_PE,D,20230811,000000,40.0821,41.3592,40.0821,41.3592,0,0
VRC_PE,D,20230814,000000,41.3602,43.0146,41.1058,42.2434,0,0
VRC_PE,D,20230816,000000,42.2434,43.4223,42.2434,43.4223,0,0
VRC_PE,D,20230817,000000,43.4223,43.4223,43.0401,43.4223,0,0
VRC_PE,D,20230818,000000,44.727,44.727,43.276,43.6,0,0
VRC_PE,D,20230821,000000,42.694,42.7,42.176,42.7,0,0
VRC_PE,D,20230822,000000,42.699,43.4,42.311,43.4,0,0
VRC_PE,D,20230823,000000,43.399,43.399,42.493,43.2,0,0
VRC_PE,D,20230824,000000,43.2,43.329,42.553,42.7,0,0
VRC_PE,D,20230825,000000,41.535,42.57,41.405,42,0,0
VRC_PE,D,20230828,000000,41.74,41.74,40.703,41.4,0,0
VRC_PE,D,20230829,000000,41.4,41.659,41.012,41.2,0,0
VRC_PE,D,20230830,000000,40.941,41.459,40.552,40.8,0,0
VRC_PE,D,20230831,000000,40.8,41.837,40.8,41.8,0,0
VRC_PE,D,20230901,000000,41.799,43.222,41.411,43.2,0,0
VRC_PE,D,20230904,000000,42.295,43.717,42.295,43.5,0,0
VRC_PE,D,20230905,000000,43.889,46.479,33.9,33.9,0,0
VRC_PE,D,20230906,000000,33.9,33.9,32.295,32.9,0,0
VRC_PE,D,20230907,000000,32.9,32.9,32.051,32.7,0,0
VRC_PE,D,20230908,000000,33.078,33.078,32.417,32.8,0,0
VRC_PE,D,20230911,000000,33.083,33.366,32.516,32.9,0,0
VRC_PE,D,20230912,000000,32.9,32.9,32.146,32.6,0,0
VRC_PE,D,20230913,000000,32.599,32.599,32.127,32.4,0,0
VRC_PE,D,20230914,000000,32.4,32.494,32.211,32.4,0,0
VRC_PE,D,20230915,000000,32.4,32.4,31.644,31.9,0,0
VRC_PE,D,20230918,000000,31.9,31.9,30.202,31,0,0
VRC_PE,D,20230919,000000,30.811,30.811,30.1,30.1,0,0
VRC_PE,D,20230920,000000,30.194,30.6,30.194,30.6,0,0
VRC_PE,D,20230921,000000,30.506,30.695,30.317,30.5,0,0
VRC_PE,D,20230922,000000,31.917,31.917,30.689,31.1,0,0
VRC_PE,D,20230925,000000,30.532,30.627,30.343,30.4,0,0
VRC_PE,D,20230926,000000,30.589,30.684,30.3,30.3,0,0
VRC_PE,D,20230927,000000,30.3,30.583,30.017,30.2,0,0
VRC_PE,D,20230928,000000,30.483,30.483,28.596,28.6,0,0
VRC_PE,D,20230929,000000,28.789,29.449,28.789,29,0,0
VRC_PE,D,20231002,000000,28.812,29.284,28.812,29.1,0,0
VRC_PE,D,20231003,000000,29.101,29.289,29.006,29.2,0,0
VRC_PE,D,20231004,000000,29.201,30.807,28.823,30,0,0
